Date,Open,High,Low,Close,Volume,Dividends,Stock Splits
2013-01-16,19.325653943772682,19.40264887353993,19.302555024275666,19.3564510345459,2083200,0.0,0
2013-01-17,19.356454892277277,19.41805055465583,19.348755250910404,19.402652740478516,1168800,0.0,0
2013-01-18,19.418046624671838,19.433445904288952,19.36415061456807,19.41034698486328,729200,0.0,0
2013-01-22,19.418048924813146,19.433448206254365,19.310256891837245,19.364152908325195,588600,0.0,0
2013-01-23,19.379550996690423,19.379550996690423,19.27945861059718,19.325654983520508,308500,0.0,0
2013-01-24,19.294859328489256,19.341057176926554,19.217864382983535,19.2486629486084,438700,0.0,0
2013-01-25,19.271760615024778,19.30255771008318,19.21016495635163,19.264060974121094,667400,0.0,0
2013-01-28,19.248662229028948,19.287158966064453,19.179366927519933,19.287158966064453,442700,0.0,0
2013-01-29,19.21016175074936,19.248658480287496,19.179363192273975,19.233259201049805,336000,0.0,0
2013-01-30,19.187062290901196,19.22555901935389,19.171663012097696,19.210161209106445,379300,0.0,0
2013-01-31,19.210161209106445,19.287154666011837,19.187062290901196,19.210161209106445,579900,0.0,0
2013-02-01,19.20246249670999,19.225559947474224,19.117767927758134,19.187063217163086,415100,0.0,0
2013-02-04,19.171665908462938,19.18706518959289,19.08697279936076,19.133169174194336,373200,0.0,0
2013-02-05,19.13316682311699,19.248658480287496,19.102368264641605,19.233259201049805,2665700,0.0,0
2013-02-06,19.23326294679219,19.302558248301207,19.217863664555438,19.287158966064453,276600,0.0,0
2013-02-07,19.287158966064453,19.32565717165634,19.23326294679219,19.287158966064453,199300,0.0,0
2013-02-08,19.302556062780734,19.325654983520508,19.264059330104,19.325654983520508,93400,0.0,0
2013-02-11,19.317953494356374,19.317953494356374,19.248658207325516,19.271757125854492,151400,0.0,0
2013-02-12,19.271761265818725,19.287159079589728,19.24866234232763,19.279460906982422,126200,0.0,0
2013-02-13,19.256361333217406,19.28715842827581,19.248661692313718,19.264060974121094,267600,0.0,0
2013-02-14,19.27176187282705,19.27176187282705,19.217864382983535,19.2486629486084,133100,0.0,0
2013-02-15,19.256361983491328,19.279460906982422,19.21786377767284,19.279460906982422,198800,0.0,0
2013-02-19,19.287158966064453,19.287158966064453,19.23326294679219,19.287158966064453,93800,0.0,0
2013-02-20,19.287158966064453,19.287158966064453,19.248662229028948,19.287158966064453,110900,0.0,0
2013-02-21,19.279456765364152,19.279456765364152,19.256357846835176,19.271757125854492,76400,0.0,0
2013-02-22,19.271760615024778,19.28715842827581,19.240962051410033,19.264060974121094,131700,0.0,0
2013-02-25,19.2794557281496,19.302553176879883,19.264056449958744,19.302553176879883,196200,0.0,0
2013-02-26,19.302554215337054,19.379549141877572,19.256357846835176,19.271757125854492,175400,0.0,0
2013-02-27,19.271760547734,19.317956924438477,19.2563612659804,19.317956924438477,301500,0.0,0
2013-02-28,19.317957530537964,19.356454267573465,19.287158966064453,19.287158966064453,139000,0.0,0
2013-03-01,19.317952184721552,19.35644891110394,19.271755819351494,19.34105110168457,121600,0.0,0
2013-03-04,19.35644891110394,19.36414855009161,19.31025254573388,19.34105110168457,155400,0.0,0
2013-03-05,19.34105671014851,19.3487548828125,19.302558504046548,19.3487548828125,200500,0.0,0
2013-03-06,19.34105420128601,19.394950214281128,19.317955280621153,19.37955093383789,314200,0.0,0
2013-03-07,19.379552189766414,19.63363445932126,19.33335581399907,19.364152908325195,195500,0.0,0
2013-03-08,19.364152908325195,19.371852549045805,19.33335581399907,19.364152908325195,90500,0.0,0
2013-03-11,19.394949233707592,19.394949233707592,19.33335358360502,19.3564510345459,113900,0.0,0
2013-03-12,19.34105671014851,19.364154165253286,19.302558504046548,19.3487548828125,296200,0.0,0
2013-03-13,19.364152908325195,19.40265111192824,19.32565617327846,19.364152908325195,84000,0.0,0
2013-03-14,19.402648213940456,19.441144943237305,19.348750736946347,19.441144943237305,87000,0.0,0
2013-03-15,19.502745396007594,19.502745396007594,19.40265299404304,19.464248657226562,77700,0.0,0
2013-03-18,19.471941919153988,19.479640089542904,19.410344807594914,19.448843002319336,77600,0.0,0
2013-03-19,19.448846227276245,19.448846227276245,19.364151653394654,19.37955093383789,183900,0.0,0
2013-03-20,19.40265137115913,19.425748825073242,19.364153167041728,19.425748825073242,116300,0.0,0
2013-03-21,19.42574566409613,19.441144943237305,19.38724893479928,19.441144943237305,100200,0.0,0
2013-03-22,19.4411491529184,19.4411491529184,19.387253132810024,19.39495277404785,123200,0.0,0
2013-03-25,19.425748221110897,19.46424642403136,19.38725148674672,19.456546783447266,135600,0.0,0
2013-03-26,19.47194311684313,19.51813948479793,19.448844198587697,19.487340927124023,174800,0.0,0
2013-03-27,19.48734152197725,19.556636810302734,19.456544431919315,19.556636810302734,139100,0.0,0
2013-03-28,19.548940658569336,19.59513850473301,19.518143563016586,19.548940658569336,166500,0.0,0
2013-04-01,19.610534716812996,19.66443219960262,19.55663870257962,19.6567325592041,297400,0.0,0
2013-04-02,19.687529913948673,19.74142592889849,19.656732820501464,19.71832847595215,116900,0.0,0
2013-04-03,19.77992249346528,19.77992249346528,19.672129003935552,19.679828643798828,121000,0.0,0
2013-04-04,19.70292560079485,19.90311181163121,19.70292560079485,19.833816528320312,237500,0.0,0
2013-04-05,19.895416585392166,19.90311622619629,19.7953227234949,19.90311622619629,141400,0.0,0
2013-04-08,19.926212310791016,19.933911951066044,19.864616657147003,19.926212310791016,203400,0.0,0
2013-04-09,19.926212310791016,19.957010871891132,19.87231629742203,19.926212310791016,136600,0.0,0
2013-04-10,20.00730048328015,20.00730048328015,19.85135834045826,19.890344619750977,30600,0.324,0
2013-04-11,19.905942900746066,19.92933318557626,19.851362099401143,19.913740158081055,154200,0.0,0
2013-04-12,19.913738281510977,19.92153405093656,19.859157485309474,19.898143768310547,69800,0.0,0
2013-04-15,19.890349738427034,20.015102889919316,19.866957964831656,19.976118087768555,222600,0.0,0
2013-04-16,20.007305079508267,20.061884395881954,19.952725763134584,20.038494110107422,285600,0.0,0
2013-04-17,20.100868849726147,20.100868849726147,19.99170873976589,19.9995059967041,119200,0.0,0
2013-04-18,20.04628424181712,20.06187875273016,19.968314661600754,19.9917049407959,178400,0.0,0
2013-04-19,19.991709486108366,20.171043428032824,19.921535658219394,20.15544891357422,1322800,0.0,0
2013-04-22,20.054084516492594,20.061881773123023,19.85915756225586,19.85915756225586,159700,0.0,0
2013-04-23,19.929329922124893,19.929329922124893,19.80457679954309,19.843563079833984,115100,0.0,0
2013-04-24,19.898146308835436,19.898146308835436,19.78898618966988,19.796783447265625,126500,0.0,0
2013-04-25,19.835765898128923,19.835765898128923,19.726605800079767,19.804576873779297,88500,0.0,0
2013-04-26,19.804578268400665,19.882549347590853,19.781187985665856,19.851360321044922,93100,0.0,0
2013-04-29,19.87475061689217,19.87475061689217,19.79677954348491,19.843563079833984,57700,0.0,0
2013-04-30,19.843562571774203,19.91373638732661,19.843562571774203,19.890344619750977,71000,0.0,0
2013-05-01,19.92933271721349,19.937129974365234,19.890347918629505,19.937129974365234,44600,0.0,0
2013-05-02,19.921532449000843,20.10866361800909,19.921532449000843,20.07747459411621,70700,0.0,0
2013-05-03,20.108665590525693,20.108665590525693,19.99170822662923,20.046287536621094,32600,0.0,0
2013-05-06,20.05408474681395,20.100868287133814,19.991708180228784,20.069679260253906,51700,0.0,0
2013-05-07,20.0774791944837,20.2256241175704,20.038494392859498,20.21002960205078,86300,0.0,0
2013-05-08,20.210029100100886,20.249013900756836,20.077478695825917,20.249013900756836,296700,0.0,0
2013-05-09,20.225622224581326,20.249012508496723,20.1554483984857,20.20223045349121,154500,0.0,0
2013-05-10,20.225616523183785,20.233413778015855,20.171037226533592,20.186630249023438,69100,0.0,0
2013-05-13,20.23342194708784,20.23342194708784,20.10087153577514,20.139856338500977,60000,0.0,0
2013-05-14,20.171042110438957,20.186635136704258,20.03069446382867,20.069679260253906,100900,0.0,0
2013-05-15,20.03849231293561,20.069679853562846,19.960521230605472,19.983911514282227,54600,0.0,0
2013-05-16,20.06967736767903,20.093069135633115,19.983909039021903,20.061880111694336,51500,0.0,0
2013-05-17,20.139853083559046,20.139853083559046,19.999505436948763,20.069679260253906,39400,0.0,0
2013-05-20,20.069679260253906,20.07747651697388,20.04628749009397,20.069679260253906,55100,0.0,0
2013-05-21,20.108667941780684,20.139855485205004,20.030696852457634,20.038494110107422,89500,0.0,0
2013-05-22,20.124261525681344,20.124261525681344,19.96832082990343,19.976118087768555,106900,0.0,0
2013-05-23,20.038489521476816,20.038489521476816,19.820170818800225,19.88254737854004,73300,0.0,0
2013-05-24,19.913740158081055,19.92933318557626,19.851362099401143,19.913740158081055,59200,0.0,0
2013-05-28,19.921535444139636,20.015101042711045,19.85136161700476,19.944927215576172,90300,0.0,0
2013-05-29,19.952722811923753,19.952722811923753,19.617448218447546,19.703216552734375,69200,0.0,0
2013-05-30,19.773390343372483,19.796780625651092,19.664230239765406,19.71881103515625,51800,0.0,0
2013-05-31,19.726605211659688,19.74999697922416,19.430316925048828,19.430316925048828,118100,0.0,0
2013-06-03,19.531680726400012,19.53947798323274,19.157421321477244,19.37574005126953,178300,0.0,0
2013-06-04,19.391330201748396,19.477097033260883,19.289967372904993,19.44590950012207,114100,0.0,0
2013-06-05,19.516085763788976,19.516085763788976,19.126231883876745,19.383535385131836,66300,0.0,0
2013-06-06,19.38353294667011,19.477097033260883,19.22759081945303,19.44590950012207,124300,0.0,0
2013-06-07,19.445915270711545,19.60965321442192,19.38353869874929,19.422523498535156,94800,0.0,0
2013-06-10,19.492695929411063,19.55507249689819,19.344551023938628,19.37574005126953,84700,0.0,0
2013-06-11,19.36794484726851,19.375742104927674,18.814351450866376,18.892322540283203,112300,0.0,0
2013-06-12,18.97808704040859,19.1730139808506,18.167190254326027,18.900115966796875,166400,0.0,0
2013-06-13,18.80655454168101,19.11064013610252,18.221773637224416,19.04046630859375,137800,0.0,0
2013-06-14,19.087247257573683,19.243189417921453,18.806553450992222,19.173015594482422,113100,0.0,0
2013-06-17,19.297764327111903,19.32895334693879,19.095040159760114,19.2509822845459,82800,0.0,0
2013-06-18,19.243188105869606,19.258782618276037,19.001479112268118,19.079448699951172,73400,0.0,0
2013-06-19,19.157418894467057,19.157418894467057,18.806551304493087,18.978086471557617,270900,0.0,0
2013-06-20,18.71298675846273,18.71298675846273,18.401103943256597,18.416698455810547,109300,0.0,0
2013-06-21,18.447887100033725,18.596032003831112,18.206178089650898,18.284149169921875,83900,0.0,0
2013-06-24,18.128204290996138,18.128204290996138,17.332902068404763,17.68377113342285,144400,0.0,0
2013-06-25,17.800729959819243,18.206178394272452,17.69157133791826,18.0190486907959,129500,0.0,0
2013-06-26,18.159397150096638,18.627220686065368,18.151599892873858,18.572641372680664,165400,0.0,0
2013-06-27,18.71298525028006,19.048259807295487,18.71298525028006,19.009273529052734,279900,0.0,0
2013-06-28,19.00927431560849,19.165216460683098,18.82214463382367,19.157419204711914,90300,0.0,0
2013-07-01,19.17302189949408,19.188616418092018,19.024876947163982,19.102848052978516,71500,0.0,0
2013-07-02,19.10284129131921,19.22759442159467,19.048261982720522,19.20420265197754,86000,0.0,0
2013-07-03,19.18081283569336,19.21979763216142,19.087247242125493,19.18081283569336,27000,0.0,0
2013-07-05,18.98588102240434,18.98588102240434,18.5180561485842,18.822141647338867,32600,0.0,0
2013-07-08,19.024873979273057,19.024873979273057,18.51026684322134,18.806556701660156,46800,0.0,0
2013-07-09,18.88452385947942,18.88452385947942,18.674003867246128,18.861133575439453,59700,0.0,0
2013-07-10,18.979658675415042,18.979658675415042,18.726807515204612,18.805822372436523,58000,0.32,0
2013-07-11,19.106083252720886,19.106083252720886,18.821624958858294,18.876935958862305,98900,0.0,0
2013-07-12,19.034968359259985,19.034968359259985,18.797920789767286,18.861133575439453,157600,0.0,0
2013-07-15,18.955952000391854,18.955952000391854,18.75841185677738,18.861133575439453,50300,0.0,0
2013-07-16,18.93224720354933,18.955952564048157,18.726806774339778,18.924346923828125,357700,0.0,0
2013-07-17,18.94014372830226,18.948045512939874,18.82161997296068,18.89273452758789,60300,0.0,0
2013-07-18,18.924344819998247,18.94804867075017,18.60827941026467,18.734704971313477,93800,0.0,0
2013-07-19,18.75051128494915,18.75051128494915,18.576676489866568,18.60038185119629,179600,0.0,0
2013-07-22,18.687298495181686,18.72680743073122,18.60038185119629,18.60038185119629,78400,0.0,0
2013-07-23,18.703099637627652,18.711001423710172,18.616181497831548,18.6398868560791,51100,0.0,0
2013-07-24,18.608280489379837,18.80582062836311,18.45024928246021,18.51346206665039,55400,0.0,0
2013-07-25,18.57667283358917,18.57667283358917,18.35542735939288,18.41864013671875,41600,0.0,0
2013-07-26,18.529265752296205,18.552969604567068,18.426544035416928,18.473953247070312,64500,0.0,0
2013-07-29,18.50555986749567,18.52136343996865,18.363330729462078,18.40283966064453,38800,0.0,0
2013-07-30,18.489754636372464,18.489754636372464,18.29221451951568,18.315919876098633,26400,0.0,0
2013-07-31,18.331719868901345,18.394932633672266,18.18158898740371,18.2289981842041,76000,0.0,0
2013-08-01,18.236908399801653,18.323826556713918,18.047270017811897,18.102581024169922,94000,0.0,0
2013-08-02,18.23690486286755,18.252708435079665,17.936644526395362,18.00775909423828,61200,0.0,0
2013-08-05,18.134185686399334,18.157889538950542,17.43884354073801,17.5573673248291,182600,0.0,0
2013-08-06,17.596873857660306,17.596873857660306,17.241301046769955,17.344022750854492,75500,0.0,0
2013-08-07,17.288711911009344,17.375630052478627,17.043762566182366,17.051664352416992,85500,0.0,0
2013-08-08,17.170189487791845,17.27291120984321,16.96474755080085,16.988452911376953,127500,0.0,0
2013-08-09,17.059563870050297,17.083269225601814,16.95684216977181,17.043760299682617,61900,0.0,0
2013-08-12,17.067467454577553,17.146483807634848,16.98845110152026,17.083271026611328,64200,0.0,0
2013-08-13,17.05956626214765,17.05956626214765,16.52225685119629,16.52225685119629,75100,0.0,0
2013-08-14,16.506450080906074,16.506450080906074,15.819011384918676,15.984944343566895,110000,0.0,0
2013-08-15,15.803213477300503,15.921737276957879,15.242200122270036,15.811115264892578,326000,0.0,0
2013-08-16,15.668882174478135,16.348420665926575,15.613571182311215,15.8585205078125,107400,0.0,0
2013-08-19,15.795307350382718,15.913831117478955,15.479243469088932,15.605669021606445,95600,0.0,0
2013-08-20,15.645176772101147,16.119273357612713,15.487145581671625,16.000749588012695,125400,0.0,0
2013-08-21,15.953339875752846,16.127174631846888,15.8664217441501,16.04025650024414,77900,0.0,0
2013-08-22,16.03236039493883,16.31681720557587,16.01655682015015,16.28521156311035,465700,0.0,0
2013-08-23,16.332618736041393,16.814617156982422,16.332618736041393,16.814617156982422,117700,0.0,0
2013-08-26,16.933141776279765,16.933141776279765,16.688192414048277,16.790912628173828,95200,0.0,0
2013-08-27,16.60127350598664,16.830419284130016,16.54596250805933,16.672388076782227,79700,0.0,0
2013-08-28,16.601270170768686,16.783006700907773,16.56966303138205,16.640777587890625,36600,0.0,0
2013-08-29,16.664487565626956,16.751405715942383,16.593372989389202,16.751405715942383,49100,0.0,0
2013-08-30,16.7197905913546,16.767199783858562,16.60126685653917,16.74349594116211,34100,0.0,0
2013-09-03,16.798812977229844,16.814616549469434,16.56176391497074,16.75930404663086,77200,0.0,0
2013-09-04,16.735603250819658,16.92524163098246,16.67239045743206,16.877832412719727,45200,0.0,0
2013-09-05,16.783010794619013,16.869928942021975,16.522257859521847,16.68819236755371,128400,0.0,0
2013-09-06,16.81461685618799,16.81461685618799,16.474847582396933,16.664485931396484,77900,0.0,0
2013-09-09,16.624978660115918,16.767206292840164,16.545962303861355,16.617076873779297,33700,0.0,0
2013-09-10,16.593370179223903,16.680288314819336,16.427437200845194,16.680288314819336,61200,0.0,0
2013-09-11,16.767205985243688,16.806714916201994,16.609174782745303,16.711894989013672,63800,0.0,0
2013-09-12,16.664482390937415,16.74349872967769,16.316811404747003,16.435335159301758,58800,0.0,0
2013-09-13,16.482747820152884,16.498549884084564,16.28520770344774,16.42743682861328,26800,0.0,0
2013-09-16,16.52225602231863,16.664485154213043,16.45904324226684,16.545961380004883,70600,0.0,0
2013-09-17,16.49855434284872,16.696094512939453,16.49855434284872,16.696094512939453,124800,0.0,0
2013-09-18,16.6960892587585,16.830416592432492,16.506450936003116,16.798810958862305,86000,0.0,0
2013-09-19,16.822519004807535,16.830419284130016,16.5933717195525,16.672388076782227,54900,0.0,0
2013-09-20,16.69608752733441,16.711891096036346,16.498547439894,16.60917091369629,70800,0.0,0
2013-09-23,16.569668924650333,16.74350523888179,16.474850486989443,16.696094512939453,60400,0.0,0
2013-09-24,16.640779135435018,16.719795484138544,16.530157151516978,16.632877349853516,56500,0.0,0
2013-09-25,16.577568771506776,16.703994344994758,16.538061344958678,16.593372344970703,90400,0.0,0
2013-09-26,16.593367344994352,16.648678328339866,16.56176020759048,16.60917091369629,38600,0.0,0
2013-09-27,16.569667543488695,16.68029105435459,16.498552967614824,16.656585693359375,69400,0.0,0
2013-09-30,16.54596463881534,16.735603016320933,16.459046483958332,16.482751846313477,76700,0.0,0
2013-10-01,16.482745866812706,16.538056851797503,16.435335159301758,16.435335159301758,52900,0.0,0
2013-10-02,16.451141923962062,16.530158278050568,16.39583092823359,16.514354705810547,55400,0.0,0
2013-10-03,16.46694732673297,16.66448748035778,16.451143752736165,16.656585693359375,43600,0.0,0
2013-10-04,16.664487565626956,16.822520292180137,16.593372989389202,16.751405715942383,41700,0.0,0
2013-10-07,16.751403863293056,16.88573121387357,16.68819108108526,16.854124069213867,101700,0.0,0
2013-10-08,16.83831941871561,16.85412299003355,16.711893862395133,16.83041763305664,54200,0.0,0
2013-10-09,16.74217414815095,16.814371859422295,16.60579797335168,16.73415184020996,55200,0.32,0
2013-10-10,16.83843994154948,16.83843994154948,16.61381989404665,16.83041763305664,39200,0.0,0
2013-10-11,16.822396468856564,16.822396468856564,16.653932569344363,16.67799949645996,28000,0.0,0
2013-10-14,16.63788604736328,16.686018365987614,16.589753728738952,16.63788604736328,21600,0.0,0
2013-10-15,16.73415022513712,16.73415022513712,16.22875558432366,16.300954818725586,69100,0.0,0
2013-10-16,16.300958251614034,16.42128982425883,16.22875900200736,16.373157501220703,55200,0.0,0
2013-10-17,16.37315940281617,16.493490989436403,16.35711478324037,16.405248641967773,48900,0.0,0
2013-10-18,16.45337602911457,16.565685272216797,16.445353721736026,16.565685272216797,136500,0.0,0
2013-10-21,16.53359910267605,16.67799758865382,16.525576794555196,16.66195297241211,46000,0.0,0
2013-10-22,16.61381952215415,17.022948065537463,16.61381952215415,16.94272804260254,79100,0.0,0
2013-10-23,16.870532552888793,17.27966118733508,16.870532552888793,17.23954963684082,95000,0.0,0
2013-10-24,17.263616958449887,17.31977160031551,17.13526305415726,17.183395385742188,52600,0.0,0
2013-10-25,17.183389665914184,17.27965582713919,17.127235042740732,17.207456588745117,50000,0.0,0
2013-10-28,17.19944001017296,17.247572341768716,17.006909153690707,17.16735076904297,89600,0.0,0
2013-10-29,17.12723694134656,17.20745849624375,17.08712539884852,17.19943618774414,70100,0.0,0
2013-10-30,17.167349248723415,17.167349248723415,17.079106903629036,17.103172302246094,195200,0.0,0
2013-10-31,17.087123871416733,17.159323111360365,17.00690385378937,17.09514617919922,51700,0.0,0
2013-11-01,17.030973046196724,17.111194611818146,16.92668608195824,17.103172302246094,35600,0.0,0
2013-11-04,17.071082312694333,17.159324645996094,17.022948461694583,17.159324645996094,53900,0.0,0
2013-11-05,17.095146554101923,17.11921347797718,17.030969620533355,17.047014236450195,90800,0.0,0
2013-11-06,17.030969620533355,17.071081160325456,16.982837302881627,17.047014236450195,45800,0.0,0
2013-11-07,17.04701766412297,17.11921692016718,17.022950735408532,17.111194610595703,30300,0.0,0
2013-11-08,16.96679726466222,16.96679726466222,16.774266412011066,16.910642623901367,52000,0.0,0
2013-11-11,16.82239835315511,17.02295151128566,16.82239835315511,16.98284149169922,44000,0.0,0
2013-11-12,16.950753428648245,16.990864981118342,16.726134855212788,16.80635643005371,66500,0.0,0
2013-11-13,16.766239168022263,16.806350706832813,16.621840688501795,16.790306091308594,44200,0.0,0
2013-11-14,16.750196077942313,16.854484558248565,16.742175299548503,16.84646224975586,28200,0.0,0
2013-11-15,16.878549946002178,16.878549946002178,16.758216859673496,16.782283782958984,52900,0.0,0
2013-11-18,16.846464934347487,16.886574953103896,16.718111038208008,16.718111038208008,42600,0.0,0
2013-11-19,16.71811103394964,16.790310291772098,16.653934085896246,16.742177963256836,50200,0.0,0
2013-11-20,16.742177967521336,16.806354915591076,16.66195639990938,16.718111038208008,46500,0.0,0
2013-11-21,16.661953744720364,16.84646224975586,16.581732189892225,16.84646224975586,53500,0.0,0
2013-11-22,16.84646827971654,17.08713150024414,16.814379034259822,17.08713150024414,65900,0.0,0
2013-11-25,17.08712500194472,17.08712500194472,16.88657188440969,16.94272804260254,52800,0.0,0
2013-11-26,16.998886111573462,17.04701844109703,16.910642232364285,16.98284149169922,60700,0.0,0
2013-11-27,16.89459800542805,17.006908817060744,16.878554915279842,16.902620315551758,39900,0.0,0
2013-11-29,16.98284149169922,16.98284149169922,16.902619922427164,16.98284149169922,15500,0.0,0
2013-12-02,16.942726134313997,16.942726134313997,16.84645997549631,16.934703826904297,52200,0.0,0
2013-12-03,16.902620714398527,16.926687645337548,16.790311430214906,16.814376831054688,66400,0.0,0
2013-12-04,16.750197219687482,16.750197219687482,16.541623305055726,16.653932571411133,80200,0.0,0
2013-12-05,16.573712167256232,16.573712167256232,16.341071309277435,16.461402893066406,46500,0.0,0
2013-12-06,16.405248260962317,16.678000667019816,16.349092093751217,16.42931365966797,63000,0.0,0
2013-12-09,16.50151291096303,16.50151291096303,16.38118132717406,16.461402893066406,71500,0.0,0
2013-12-10,16.461405201409203,16.469427512133297,16.36513900281939,16.381183624267578,76200,0.0,0
2013-12-11,16.32502479206015,16.397224039959156,16.044250109130584,16.092382431030273,123100,0.0,0
2013-12-12,16.044246444095126,16.19666721374163,15.763471825303746,15.883803367614746,112700,0.0,0
2013-12-13,15.883805855277506,16.02018203261499,15.86776276919572,16.004138946533203,69600,0.0,0
2013-12-16,15.964028551937169,16.132493973727854,15.931940847371612,16.108427047729492,66800,0.0,0
2013-12-17,16.04424973211368,16.15655899060683,16.004139719822952,16.148536682128906,72200,0.0,0
2013-12-18,16.076338591396123,16.33304633631202,16.076338591396123,16.276891708374023,79300,0.0,0
2013-12-19,16.228759001004132,16.437334440955073,16.20469360453604,16.389202117919922,86400,0.0,0
2013-12-20,16.341069794380427,16.43733444044776,16.33304748552499,16.39722442626953,72600,0.0,0
2013-12-23,16.437336743705753,16.461403673644412,16.30096053425171,16.333049774169922,80900,0.0,0
2013-12-24,16.252827078665895,16.333048642805423,16.172605514526367,16.172605514526367,56600,0.0,0
2013-12-26,16.17260513285215,16.32502594811021,16.13249511677852,16.21271514892578,172200,0.0,0
2013-12-27,16.284915147037633,16.501512915983138,16.236782819527225,16.42931365966797,103300,0.0,0
2013-12-30,16.429310998859858,16.67799796593562,16.429310998859858,16.605798721313477,129700,0.0,0
2013-12-31,16.53359757280131,16.645906815903537,16.517552958044224,16.565685272216797,101700,0.0,0
2014-01-02,16.565688700019496,16.702064893476564,16.54964408194243,16.67799949645996,95400,0.0,0
2014-01-03,16.71811103394964,16.838442620287356,16.686021794873376,16.742177963256836,116900,0.0,0
2014-01-06,16.830421439922734,16.918665323204923,16.790311418484958,16.862510681152344,136800,0.0,0
2014-01-07,16.88657188430086,16.958771129020914,16.79030724474003,16.91866111755371,106300,0.0,0
2014-01-08,16.910639187598594,16.918661496091296,16.82239532427775,16.84646224975586,106200,0.0,0
2014-01-09,16.90261650103622,16.99888267069653,16.86250648956876,16.94272804260254,125800,0.0,0
2014-01-10,17.097494174003575,17.268551380928365,16.983457071813042,17.187095642089844,93100,0.32,0
2014-01-13,17.27669687810113,17.317425527455384,17.187096956799998,17.211532592773438,104500,0.0,0
2014-01-14,17.22782413061248,17.292988416235577,17.2196784007047,17.268552780151367,65900,0.0,0
2014-01-15,17.26854867442484,17.39887721468445,17.21152857862735,17.3581485748291,58300,0.0,0
2014-01-16,17.4070227727426,17.51291412805538,17.32556704746576,17.472187042236328,62800,0.0,0
2014-01-17,17.496624495974135,17.610663144703647,17.41516876220703,17.41516876220703,100600,0.0,0
2014-01-21,17.488481282553504,17.594374217772703,17.488481282553504,17.51291847229004,83100,0.0,0
2014-01-22,17.51291708759625,17.594372826638452,17.51291708759625,17.55364418029785,66300,0.0,0
2014-01-23,17.594371238176258,17.626952598668215,17.52106123502078,17.586225509643555,61000,0.0,0
2014-01-24,17.529205583838497,17.529205583838497,17.447749858561654,17.472187042236328,56900,0.0,0
2014-01-27,17.5617912934132,17.5617912934132,17.390735626220703,17.390735626220703,75200,0.0,0
2014-01-28,17.38258477585415,17.521059036254883,17.37443904834367,17.521059036254883,36600,0.0,0
2014-01-29,17.512917632293473,17.521063361814946,17.439607620239258,17.439607620239258,25200,0.0,0
2014-01-30,17.512917359057322,17.512917359057322,17.43960734814689,17.496625900268555,48200,0.0,0
2014-01-31,17.447752555761326,17.472189743213676,17.447752555761326,17.45589828491211,18300,0.0,0
2014-02-03,17.455897405910033,17.496624495974135,17.390733129624127,17.41516876220703,32200,0.0,0
2014-02-04,17.423314020969833,17.504769752539747,17.398878389046057,17.46404266357422,59800,0.0,0
2014-02-05,17.464044536330043,17.512917359057322,17.43960734814689,17.496625900268555,38800,0.0,0
2014-02-06,17.488476683415595,17.569932407476944,17.488476683415595,17.529205322265625,50700,0.0,0
2014-02-07,17.569934844970703,17.602517760570986,17.537353483009348,17.569934844970703,26000,0.0,0
2014-02-10,17.521056877027632,17.610658314962052,17.512911150521006,17.578075408935547,36900,0.0,0
2014-02-11,17.521065588978658,17.618811248383036,17.521065588978658,17.594375610351562,67800,0.0,0
2014-02-12,17.651389283752987,17.683970643321086,17.602516467581435,17.667680740356445,29100,0.0,0
2014-02-13,17.60252078267608,17.91205076582608,17.60252078267608,17.830595016479492,58800,0.0,0
2014-02-14,17.895758267675756,17.92019545715468,17.806158346864574,17.871322631835938,36600,0.0,0
2014-02-18,17.92019248376524,18.074958217507547,17.90390102681577,17.944629669189453,51900,0.0,0
2014-02-19,17.977210440349126,18.066811896996207,17.814300537109375,17.814300537109375,55100,0.0,0
2014-02-20,17.806154187897153,17.830589818029566,17.716552734375,17.716552734375,28900,0.0,0
2014-02-21,17.724700927734375,17.7654280193792,17.65953664891928,17.724700927734375,40800,0.0,0
2014-02-24,17.72470279377792,17.773575619624793,17.635101318359375,17.635101318359375,66100,0.0,0
2014-02-25,17.757275913784053,17.781713092179068,17.602511778197485,17.6269474029541,35400,0.0,0
2014-02-26,17.635100001955617,17.692118553460574,17.61066436767578,17.61066436767578,34700,0.0,0
2014-02-27,17.635100001955617,17.716555741379416,17.61066436767578,17.61066436767578,41200,0.0,0
2014-02-28,17.61880607700965,17.67582617417177,17.602516174316406,17.602516174316406,76100,0.0,0
2014-03-03,17.635099174921525,17.757282001507708,17.60251781286338,17.659536361694336,51400,0.0,0
2014-03-04,17.73284636837383,17.781719188280515,17.643244903845794,17.659536361694336,54300,0.0,0
2014-03-05,17.67582996793104,17.692119874120586,17.626955588445043,17.635101318359375,49100,0.0,0
2014-03-06,17.635097533341686,17.67582617417177,17.602516174316406,17.602516174316406,62600,0.0,0
2014-03-07,17.643244370184572,17.77357292175293,17.594371551756158,17.77357292175293,26000,0.0,0
2014-03-10,17.77357292175293,17.789864379108696,17.667681556218223,17.77357292175293,34300,0.0,0
2014-03-11,17.789866614221133,17.928340911865234,17.773575154818513,17.928340911865234,42400,0.0,0
2014-03-12,17.87946389169455,18.278595231563923,17.87946389169455,18.221576690673828,44500,0.0,0
2014-03-13,18.213435570548793,18.311181221477174,18.19714411084769,18.205289840698242,66700,0.0,0
2014-03-14,18.31932258605957,18.31932258605957,18.13197550505674,18.31932258605957,42300,0.0,0
2014-03-17,18.31932533690372,18.482236812279634,18.294888149505642,18.392635345458984,63400,0.0,0
2014-03-18,18.319322614764275,18.441505426321104,18.229721161257856,18.286741256713867,73100,0.0,0
2014-03-19,18.303034372332476,18.303034372332476,18.164560080619527,18.188997268676758,40400,0.0,0
2014-03-20,18.1645568915183,18.33561407060885,18.04237407996147,18.286741256713867,52800,0.0,0
2014-03-21,18.270449772241165,18.31932258605957,18.229721132693548,18.31932258605957,29700,0.0,0
2014-03-24,18.27045067958499,18.506670586137336,18.27045067958499,18.482234954833984,40000,0.0,0
2014-03-25,18.482236643166598,18.645146563412904,18.482236643166598,18.628856658935547,39500,0.0,0
2014-03-26,18.645145994662744,18.881367469226806,18.645145994662744,18.775474548339844,60800,0.0,0
2014-03-27,18.67772922912959,18.80805778503418,18.67772922912959,18.80805778503418,34100,0.0,0
2014-03-28,18.734747245511,18.922094345092773,18.734747245511,18.922094345092773,55100,0.0,0
2014-03-31,18.86507448181264,19.04427584017724,18.86507448181264,18.89765739440918,53300,0.0,0
2014-04-01,18.905805349118552,18.94653399800788,18.86507825386832,18.93024253845215,56200,0.0,0
2014-04-02,18.889514095572878,18.96282410470444,18.85693117878597,18.938386917114258,52900,0.0,0
2014-04-03,18.9139500142803,19.003551483154297,18.9139500142803,19.003551483154297,29400,0.0,0
2014-04-04,19.036134144393436,19.190898338462734,18.94653267672459,19.18275260925293,52200,0.0,0
2014-04-07,19.18275264316505,19.20718983083766,19.142025550683023,19.150171279907227,31300,0.0,0
2014-04-08,19.18275260925293,19.18275260925293,19.117588329213493,19.18275260925293,65900,0.0,0
2014-04-09,19.0850070627195,19.402682735316592,19.0850070627195,19.361955642700195,44100,0.0,0
2014-04-10,19.54360254086546,19.54360254086546,19.105997017722288,19.295902252197266,75400,0.32,0
2014-04-11,19.34544196892126,19.34544196892126,19.23810402242685,19.28764533996582,32200,0.0,0
2014-04-14,19.287645144007662,19.485805687630204,19.26287448548984,19.43626594543457,38800,0.0,0
2014-04-15,19.436262019831275,19.485801752021214,19.386720712801647,19.403234481811523,35100,0.0,0
2014-04-16,19.518831349859692,19.518831349859692,19.41149498098746,19.444520950317383,34700,0.0,0
2014-04-17,19.403240649137576,19.452780397073738,19.221593856811523,19.221593856811523,107000,0.0,0
2014-04-21,19.246361133282637,19.361955967382503,19.105997214964262,19.147281646728516,52000,0.0,0
2014-04-22,19.14728326676006,19.3454438314745,19.14728326676006,19.271133422851562,48100,0.0,0
2014-04-23,19.271133317369742,19.436267907814656,19.229850457178596,19.345443725585938,37600,0.0,0
2014-04-24,19.32892409610677,19.41149136631646,19.32892409610677,19.403234481811523,31200,0.0,0
2014-04-25,19.345445152350173,19.518835067749023,19.328931377119723,19.518835067749023,50800,0.0,0
2014-04-28,19.428012453662127,19.52709195536425,19.419755566046906,19.518835067749023,91000,0.0,0
2014-04-29,19.527086428724644,19.56837085511627,19.47754669189453,19.47754669189453,92200,0.0,0
2014-04-30,19.44452095822169,19.568372674069206,19.44452095822169,19.55185890197754,41300,0.0,0
2014-05-01,19.502317311826637,19.626167441093834,19.502317311826637,19.568370819091797,60400,0.0,0
2014-05-02,19.527090281819188,19.55186094254192,19.3537003812805,19.378469467163086,105800,0.0,0
2014-05-05,19.21333444048797,19.52708823590217,19.205077554445495,19.444520950317383,31800,0.0,0
2014-05-06,19.44452267631384,19.626171035692412,19.44452267631384,19.60140037536621,34900,0.0,0
2014-05-07,19.502319160542523,19.64268307364172,19.502319160542523,19.55185890197754,37500,0.0,0
2014-05-08,19.551860964632887,19.576630050543457,19.46929367030397,19.494064331054688,34300,0.0,0
2014-05-09,19.48580357717286,19.50231734772951,19.41149318450777,19.47754669189453,27500,0.0,0
2014-05-12,19.52708854365323,19.52708854365323,19.43626594543457,19.43626594543457,29900,0.0,0
2014-05-13,19.477550481245054,19.485807368129752,19.4362676216617,19.46929359436035,60100,0.0,0
2014-05-14,19.436263804561477,19.58488301477821,19.436263804561477,19.568370819091797,28300,0.0,0
2014-05-15,19.60139866965343,19.617912441767206,19.527088269981437,19.560115814208984,34700,0.0,0
2014-05-16,19.63442611694336,19.642683002959483,19.568372603654367,19.63442611694336,33800,0.0,0
2014-05-19,19.59314313138021,19.865614090640413,19.59314313138021,19.807817459106445,46000,0.0,0
2014-05-20,19.807817510176783,19.807817510176783,19.71699333190918,19.71699333190918,44600,0.0,0
2014-05-21,19.70047948116849,19.783045191025014,19.63442596837929,19.692222595214844,32700,0.0,0
2014-05-22,19.716989687050848,19.716989687050848,19.626167100412697,19.667449951171875,55100,0.0,0
2014-05-23,19.69222417057075,19.824331206717563,19.617913765883152,19.799560546875,90200,0.0,0
2014-05-27,19.766534575258344,19.824331206717563,19.733507028801593,19.799560546875,47100,0.0,0
2014-05-28,19.81607249036892,19.86561223063966,19.766532750098186,19.824329376220703,33300,0.0,0
2014-05-29,19.83258631480986,19.88212605521233,19.807815657188648,19.840843200683594,52400,0.0,0
2014-05-30,19.849100033776047,19.972950171872863,19.774789635949965,19.824329376220703,41400,0.0,0
2014-06-02,19.799560419728696,19.923410568465997,19.799560419728696,19.86561393737793,22900,0.0,0
2014-06-03,19.873871183592644,19.873871183592644,19.659196853637695,19.659196853637695,82300,0.0,0
2014-06-04,19.66745015675875,19.692220812377077,19.15553587269867,19.52708625793457,108100,0.0,0
2014-06-05,19.428006955064422,19.62616747722471,19.295899940290898,19.47754669189453,67800,0.0,0
2014-06-06,19.527084683309933,19.551855336930803,19.41974833396557,19.42800521850586,32000,0.0,0
2014-06-09,19.444521204583015,19.46929186303436,19.394981462520335,19.41975212097168,40000,0.0,0
2014-06-10,19.394979858889894,19.436264286228624,19.139022708749277,19.205076217651367,80500,0.0,0
2014-06-11,19.238101986077453,19.24635887145996,19.11425185501959,19.24635887145996,51600,0.0,0
2014-06-12,19.24636279216342,19.271133453357002,19.130769522940394,19.17205238342285,46500,0.0,0
2014-06-13,19.24635897867174,19.345440028973876,19.1637916992266,19.279386520385742,45700,0.0,0
2014-06-16,19.29590014666391,19.436264048216977,19.279386375930645,19.337182998657227,48100,0.0,0
2014-06-17,19.337184581445154,19.47754849448729,19.271131067945323,19.444520950317383,46400,0.0,0
2014-06-18,19.43626350121169,19.609653364511633,19.428006616077436,19.57662582397461,34000,0.0,0
2014-06-19,19.642683375229723,19.70873688977057,19.428009059261964,19.43626594543457,68900,0.0,0
2014-06-20,19.428008734939276,19.543601989746094,19.428008734939276,19.543601989746094,29600,0.0,0
2014-06-23,19.683969633134282,19.73350938389162,19.551862581221187,19.617916107177734,45100,0.0,0
2014-06-24,19.609655094677386,19.83258628845215,19.55185846847799,19.83258628845215,41200,0.0,0
2014-06-25,19.74176394094761,19.873870977265277,19.716993281073012,19.807817459106445,25800,0.0,0
2014-06-26,19.816076219263287,20.022493679880615,19.783048669641197,19.90690040588379,26100,0.0,0
2014-06-27,19.989462193492393,20.014232850830574,19.857355170701954,19.873868942260742,27500,0.0,0
2014-06-30,19.87387302588757,19.906900575791553,19.74176597595215,19.74176597595215,39600,0.0,0
2014-07-01,19.82433310666881,19.92341260585459,19.82433310666881,19.90690040588379,18300,0.0,0
2014-07-02,19.865615968856176,19.989466130258524,19.816076219263287,19.90690040588379,41300,0.0,0
2014-07-03,19.81607258577866,19.890382983962525,19.667451789410926,19.750019073486328,35000,0.0,0
2014-07-07,19.87387284114436,19.87387284114436,19.766536454634707,19.791305541992188,33100,0.0,0
2014-07-08,19.799560470856047,19.88212776184082,19.799560470856047,19.88212776184082,17300,0.0,0
2014-07-09,19.939918382522404,19.99771499633789,19.857351116426155,19.99771499633789,27600,0.0,0
2014-07-10,19.9224176431773,20.07302836707676,19.914050203413336,20.056293487548828,24200,0.32,0
2014-07-11,20.08976163464922,20.181801868741786,20.014456278741818,20.08139419555664,33400,0.0,0
2014-07-14,20.089760214893534,20.190166285057096,19.99771998730551,20.148330688476562,36200,0.0,0
2014-07-15,20.10649188966964,20.148327479587298,19.922411463810846,19.989349365234375,67000,0.0,0
2014-07-16,19.989350686664572,20.022820437551637,19.863842312689194,19.888944625854492,38500,0.0,0
2014-07-17,19.91404876493416,20.022823878082445,19.855478286743164,19.855478286743164,67700,0.0,0
2014-07-18,19.83874324964927,20.08139419555664,19.80527508920477,20.08139419555664,47800,0.0,0
2014-07-21,20.08139238832061,20.13159542243222,20.039556792548545,20.089759826660156,19700,0.0,0
2014-07-22,20.073024358665233,20.073024358665233,20.014453887939457,20.014453887939453,21600,0.0,0
2014-07-23,20.064659118652344,20.073026557662054,20.03119095853931,20.064659118652344,24200,0.0,0
2014-07-24,20.039558496825656,20.073026657104492,20.022823618723333,20.073026657104492,18500,0.0,0
2014-07-25,20.022822015606938,20.13159552271153,20.022822015606938,20.098127365112305,21500,0.0,0
2014-07-28,20.06465931737148,20.139964673278882,20.047924439186318,20.08139419555664,19100,0.0,0
2014-07-29,20.064658919601452,20.156699151869372,20.047924041748047,20.047924041748047,21500,0.0,0
2014-07-30,20.081395525077685,20.081395525077685,20.00609016418457,20.00609016418457,38600,0.0,0
2014-07-31,19.91404853811822,19.91404853811822,19.57099151611328,19.57099151611328,57100,0.0,0
2014-08-01,19.52915666208146,19.654665060983735,19.160997308832357,19.420381546020508,63900,0.0,0
2014-08-04,19.470580958211404,19.504049110840164,19.21119519469262,19.227930068969727,31800,0.0,0
2014-08-05,19.227932410868693,19.261402163499408,18.9350784590525,19.027118682861328,53300,0.0,0
2014-08-06,19.043856332257274,19.194467049175465,18.943448655669854,19.152629852294922,36400,0.0,0
2014-08-07,19.1693601892644,19.570987608605023,19.1693601892644,19.537519454956055,36400,0.0,0
2014-08-08,19.45384798562748,19.64629427085025,19.286502418348615,19.462215423583984,52200,0.0,0
2014-08-11,19.545892236711577,19.612830158237603,19.478954315185547,19.478954315185547,27000,0.0,0
2014-08-12,19.5375215516845,19.62119433867477,19.412013169161927,19.579357147216797,46700,0.0,0
2014-08-13,19.629560243467218,19.82200813293457,19.579357209483668,19.82200813293457,41600,0.0,0
2014-08-14,19.82200721110904,20.014453495700973,19.78017002146366,19.955883026123047,45600,0.0,0
2014-08-15,19.88057758050122,19.95588292555781,19.813639673331544,19.9475154876709,25000,0.0,0
2014-08-18,20.031189741310502,20.148330688476562,19.914047198218732,20.148330688476562,51200,0.0,0
2014-08-19,20.148331912823636,20.165066790843056,19.99772120250047,20.064659118652344,52300,0.0,0
2014-08-20,20.006090444890994,20.123231409734593,19.99772300512703,20.056293487548828,59400,0.0,0
2014-08-21,20.04792501885448,20.156700134277344,20.031191736111314,20.156700134277344,33800,0.0,0
2014-08-22,20.139965453514677,20.17343521118164,20.05629265527315,20.17343521118164,24900,0.0,0
2014-08-25,20.173435295760203,20.24037321544889,20.131598098501094,20.2069034576416,50600,0.0,0
2014-08-26,20.206903174358583,20.206903174358583,20.081394776192553,20.156700134277344,38100,0.0,0
2014-08-27,20.190168110834698,20.190168110834698,20.00608923493828,20.114864349365234,39900,0.0,0
2014-08-28,20.081392588295834,20.18180025344462,20.081392588295834,20.106494903564453,21200,0.0,0
2014-08-29,20.106494992111227,20.19016618485705,20.106494992111227,20.139963150024414,29100,0.0,0
2014-09-02,20.11486558131886,20.123231425163286,19.97262229707431,20.031192779541016,36000,0.0,0
2014-09-03,19.95588608326897,20.148332397342756,19.905683043929255,20.1315975189209,41300,0.0,0
2014-09-04,20.08139110891754,20.13159413983067,19.90567970275879,19.90567970275879,39600,0.0,0
2014-09-05,19.98098612626023,20.073026358528153,19.905682367771504,20.047924041748047,49300,0.0,0
2014-09-08,20.098126672944407,20.13996226748407,19.98098413556722,20.014453887939453,40800,0.0,0
2014-09-09,19.989350686664572,20.01445299982987,19.863842312689194,19.888944625854492,44400,0.0,0
2014-09-10,19.897312556545117,19.989351181913747,19.83874049104159,19.955883026123047,42700,0.0,0
2014-09-11,19.98935087945831,19.98935087945831,19.922412972964132,19.9307804107666,19500,0.0,0
2014-09-12,19.98935028981883,19.98935028981883,19.780169138704192,19.830373764038086,39300,0.0,0
2014-09-15,19.788536959945112,19.939147647015968,19.788536959945112,19.914045333862305,16300,0.0,0
2014-09-16,19.922413605871093,19.922413605871093,19.746702194213867,19.746702194213867,67200,0.0,0
2014-09-17,19.788536079881318,19.847106545376143,19.75506792642377,19.76343536376953,38700,0.0,0
2014-09-18,19.82201012603081,19.930783643253257,19.78017293023307,19.855478286743164,44600,0.0,0
2014-09-19,19.822012324760394,19.89731768962363,19.8136448846727,19.880582809448242,16800,0.0,0
2014-09-22,19.813643915310575,19.813643915310575,19.679768072309226,19.771806716918945,42500,0.0,0
2014-09-23,19.713234059782476,19.796906851406685,19.663031023178256,19.696500778198242,37100,0.0,0
2014-09-24,19.6881313226373,19.822007137151807,19.59609110168648,19.713232040405273,44400,0.0,0
2014-09-25,19.679762283818317,19.738332748413086,19.64629253494961,19.738332748413086,23900,0.0,0
2014-09-26,19.663029897367245,19.830375471034255,19.663029897367245,19.813640594482422,14900,0.0,0
2014-09-29,19.847109813751967,19.980985641479492,19.796906777335582,19.980985641479492,25900,0.0,0
2014-09-30,19.964255316302985,20.240374451369977,19.947520436377474,20.123231887817383,58300,0.0,0
2014-10-01,20.0897607489617,20.19016682179447,19.947517482510488,19.980985641479492,27800,0.0,0
2014-10-02,19.98098413556722,20.056289482479116,19.922413664841443,20.014453887939453,27500,0.0,0
2014-10-03,20.081394009794614,20.114863765855326,19.964253055433737,20.03955841064453,32900,0.0,0
2014-10-06,20.073025238272336,20.18180034232303,20.064657799812615,20.139963150024414,18700,0.0,0
2014-10-07,20.15669983655368,20.16506727576461,20.08976191879211,20.1315975189209,29900,0.0,0
2014-10-08,20.165064340238597,20.257102966308594,20.123227150274403,20.257102966308594,24100,0.0,0
2014-10-09,20.265581928675815,20.316457414539396,20.16383095694865,20.24862289428711,30400,0.32,0
2014-10-10,20.163830821602364,20.265581792646543,20.06207823325566,20.08751678466797,26400,0.0,0
2014-10-13,20.12143405632865,20.16383164374451,20.019683081135767,20.104475021362305,25800,0.0,0
2014-10-14,20.146877052750785,20.257107569741347,20.04512443781085,20.20623207092285,33000,0.0,0
2014-10-15,20.231669593507043,20.299504127560848,20.053602930801517,20.28254508972168,37900,0.0,0
2014-10-16,20.257102260442576,20.39277129993559,20.231665326351713,20.367334365844727,45900,0.0,0
2014-10-17,20.39277062585128,20.418209176403796,20.231664657592773,20.231664657592773,64900,0.0,0
2014-10-20,20.30798229110183,20.35885778392098,20.265584699333576,20.29102325439453,27400,0.0,0
2014-10-21,20.307984766294805,20.350380745927637,20.22319118972618,20.33342170715332,63100,0.0,0
2014-10-22,20.299506899977107,20.3927783862254,20.265588819666394,20.358861923217773,49300,0.0,0
2014-10-23,20.32494113886612,20.42669374895796,20.32494113886612,20.375818252563477,23300,0.0,0
2014-10-24,20.375815256457756,20.477566234285028,20.333417667944197,20.392772674560547,60900,0.0,0
2014-10-27,20.409734389623978,20.409734389623978,20.274065323173442,20.3079833984375,26000,0.0,0
2014-10-28,20.333418692021272,20.384295800799926,20.27406368241555,20.31645965576172,31400,0.0,0
2014-10-29,20.2910227989226,20.477567346607284,20.240147307245454,20.409732818603516,37800,0.0,0
2014-10-30,20.401255525587537,20.477569580078125,20.384298104714105,20.477569580078125,21200,0.0,0
2014-10-31,20.503004957588885,20.58779851801724,20.469086886496484,20.57931900024414,52500,0.0,0
2014-11-03,20.570841480879007,20.7404270009079,20.51996598660062,20.706510543823242,41100,0.0,0
2014-11-04,20.70651220205991,20.84218127586891,20.67259412495619,20.731950759887695,58000,0.0,0
2014-11-05,20.80826236356535,20.80826236356535,20.68955072499686,20.75738525390625,30000,0.0,0
2014-11-06,20.706505162061855,20.77433967590332,20.681066612882912,20.77433967590332,40000,0.0,0
2014-11-07,20.7743468203297,20.89305685605179,20.731950841086938,20.859140396118164,48700,0.0,0
2014-11-10,20.859134142441096,20.9184891425072,20.81673655860641,20.884571075439453,44200,0.0,0
2014-11-11,20.901535034179688,20.9269735904748,20.867618576422373,20.901535034179688,24400,0.0,0
2014-11-12,20.89305471555279,20.926972789314433,20.89305471555279,20.918493270874023,24200,0.0,0
2014-11-13,20.901530108973326,20.910009625740262,20.85065462567416,20.884571075439453,37200,0.0,0
2014-11-14,20.842177873930837,20.926971435546875,20.842177873930837,20.926971435546875,18400,0.0,0
2014-11-17,20.91001652602142,21.003289623935284,20.884577967325914,20.994810104370117,46400,0.0,0
2014-11-18,21.011764460641523,21.011764460641523,20.901532348164576,20.952407836914062,35500,0.0,0
2014-11-19,20.901536375360926,20.96937091253111,20.850660876809027,20.859140396118164,38400,0.0,0
2014-11-20,20.791303651699245,20.876097218485846,20.78282413329031,20.825220108032227,35900,0.0,0
2014-11-21,20.893053280408086,20.893053280408086,20.782822782860023,20.833698272705078,27900,0.0,0
2014-11-24,20.816738788713685,20.977846389940115,20.816738788713685,20.952407836914062,32800,0.0,0
2014-11-25,20.9184905867966,21.04568011247738,20.9184905867966,20.9693660736084,27800,0.0,0
2014-11-26,20.96936806138331,21.079600180111232,20.96936806138331,21.062641143798828,29200,0.0,0
2014-11-28,21.028720590893577,21.071118176673913,20.994804139571837,21.02024269104004,7300,0.0,0
2014-12-01,21.02872601175543,21.054164569781275,20.926975014257934,20.986330032348633,31400,0.0,0
2014-12-02,20.884573704903886,21.079599380493164,20.884573704903886,21.079599380493164,37800,0.0,0
2014-12-03,21.037201462170184,21.06264001527581,20.94393000205481,21.011764526367188,33000,0.0,0
2014-12-04,20.876099434736446,20.92697493328835,20.698032763850378,20.859140396118164,48800,0.0,0
2014-12-05,20.79978482689339,20.918494859468694,20.79978482689339,20.85066032409668,19100,0.0,0
2014-12-08,20.850656265813395,20.91001127054844,20.825217713511556,20.876094818115234,17000,0.0,0
2014-12-09,20.85913589182345,21.062639459389704,20.850656374345366,21.003284454345703,28000,0.0,0
2014-12-10,20.943930471330617,20.99480596137917,20.842177873930837,20.926971435546875,25100,0.0,0
2014-12-11,20.867618576422373,21.02872458104959,20.867618576422373,20.901535034179688,21700,0.0,0
2014-12-12,20.859139057657334,20.94393262800488,20.859139057657334,20.901535034179688,16400,0.0,0
2014-12-15,20.93545310923984,20.96089004823212,20.791304524839862,20.901535034179688,53500,0.0,0
2014-12-16,20.893054962158203,20.98632804880088,20.867618023839505,20.893054962158203,29200,0.0,0
2014-12-17,20.893052830489225,21.011764460641523,20.867615894765798,20.952407836914062,33600,0.0,0
2014-12-18,20.952406553791498,21.05415914236178,20.952406553791498,21.02024269104004,33800,0.0,0
2014-12-19,21.02872394662925,21.18135204518959,21.020246045422816,21.13895606994629,34400,0.0,0
2014-12-22,21.054167102356853,21.16439763245577,21.02872854127104,21.12200164794922,17400,0.0,0
2014-12-23,21.16439220752634,21.18135124390322,21.10503719750999,21.155914306640625,23700,0.0,0
2014-12-24,21.164391324233325,21.172870842067873,21.062640344824068,21.079599380493164,33200,0.0,0
2014-12-26,21.04568243235658,21.130475997924805,21.011765976510937,21.130475997924805,23800,0.0,0
2014-12-29,21.1304733146997,21.18134880065918,21.113514280279027,21.18134880065918,22300,0.0,0
2014-12-30,21.155915123605975,21.17287254333496,21.079601074265774,21.17287254333496,20500,0.0,0
2014-12-31,21.18982934075437,21.18982934075437,21.10503578186035,21.10503578186035,29200,0.0,0
2015-01-02,21.113515693849422,21.232227325439457,21.05416068670573,21.232227325439453,51500,0.0,0
2015-01-05,21.19830839011302,21.206787907545376,21.121994350524407,21.189828872680664,34900,0.0,0
2015-01-06,21.19831085205078,21.232228925719394,21.172872296799326,21.19831085205078,31800,0.0,0
2015-01-07,21.2322259039212,21.2322259039212,21.18134880065918,21.18134880065918,44400,0.0,0
2015-01-08,21.223750514953444,21.240707935369976,21.181352920654984,21.21527099609375,38900,0.0,0
2015-01-09,21.20679284448698,21.24070930480957,21.18135428626782,21.24070930480957,37800,0.0,0
2015-01-12,21.037201791320427,21.096556798859602,20.93545081191117,21.079599380493164,26900,0.0,0
2015-01-13,21.088078343694736,21.18134980281633,20.96088719682441,21.07111930847168,46300,0.0,0
2015-01-14,21.071116869902088,21.121992352380808,21.02024138742337,21.096553802490234,17700,0.0,0
2015-01-15,21.121995514422743,21.121995514422743,20.910012418840576,20.960887908935547,46500,0.0,0
2015-01-16,20.986327971385947,21.13895606994629,20.960889415858293,21.13895606994629,38100,0.0,0
2015-01-20,21.13047637997599,21.13047637997599,20.859138259093918,20.918493270874023,64300,0.0,0
2015-01-21,20.918492814114853,21.037202835083008,20.918492814114853,21.037202835083008,65600,0.0,0
2015-01-22,21.037204246917295,21.09655926138477,21.00328778892282,21.08808135986328,23000,0.0,0
2015-01-23,21.06264385294686,21.113519351125138,21.02872577595939,21.045684814453125,16600,0.0,0
2015-01-26,21.105037443063512,21.172871972057543,20.977847903362548,21.130475997924805,50800,0.0,0
2015-01-27,21.071119862658616,21.189829877736965,21.02024437295399,21.079599380493164,87300,0.0,0
2015-01-28,21.054167102356853,21.130481168311157,21.054167102356853,21.12200164794922,28000,0.0,0
2015-01-29,21.07959638653228,21.138951385641192,21.07959638653228,21.096553802490234,18300,0.0,0
2015-01-30,21.130475671745735,21.18983068153644,21.062641143798825,21.062641143798828,55000,0.0,0
2015-02-02,21.07959882608321,21.19830883803939,21.05416027324862,21.07111930847168,45600,0.0,0
2015-02-03,21.088080347233337,21.19831085205078,21.088080347233337,21.19831085205078,33000,0.0,0
2015-02-04,21.172869283448843,21.189828317869516,21.1304733146997,21.18134880065918,286500,0.0,0
2015-02-05,21.138952810068933,21.181348778774275,21.020242803851954,21.147432327270508,58600,0.0,0
2015-02-06,21.11351527922671,21.15591286728436,21.06263979086015,21.07111930847168,27800,0.0,0
2015-02-09,20.994810104370117,21.028726565327805,20.969371545674612,20.994810104370117,52000,0.0,0
2015-02-10,21.028723775993825,21.028723775993825,20.87609729597474,20.918493270874023,25500,0.0,0
2015-02-11,20.901531068157624,21.02024269104004,20.70650702547566,21.02024269104004,85600,0.0,0
2015-02-12,20.969367265946705,21.079599380493164,20.969367265946705,21.079599380493164,40100,0.0,0
2015-02-13,21.08807590316247,21.155910418901573,21.02871928675113,21.096553802490234,25500,0.0,0
2015-02-17,21.062644089123225,21.113519587871973,20.98633003234863,20.986330032348633,34800,0.0,0
2015-02-18,20.910009625740262,20.969364625806367,20.79977914237499,20.884571075439453,48700,0.0,0
2015-02-19,20.825217031055544,21.071118176673913,20.825217031055544,21.02024269104004,40300,0.0,0
2015-02-20,21.02024437295399,21.155913423701435,21.02024437295399,21.079599380493164,47000,0.0,0
2015-02-23,21.079597806960443,21.14743232727051,21.037200220952567,21.147432327270508,22000,0.0,0
2015-02-24,21.155911866330708,21.198307835079852,21.088077345950555,21.18134880065918,48600,0.0,0
2015-02-25,21.189829116554684,21.19830863408463,21.164390563964847,21.164390563964844,42100,0.0,0
2015-02-26,21.155911866330708,21.198307835079852,21.155911866330708,21.18134880065918,25100,0.0,0
2015-02-27,21.189833805674205,21.24070930480957,21.164395247455044,21.24070930480957,29800,0.0,0
2015-03-02,21.23223140270614,21.24070930480957,21.164395247455044,21.24070930480957,39400,0.0,0
2015-03-03,21.232227344987354,21.308539770454754,21.18135023827222,21.266143798828125,68400,0.0,0
2015-03-04,21.274621963500977,21.30006051524059,21.223746477324283,21.274621963500977,35500,0.0,0
2015-03-05,21.29158155299003,21.29158155299003,21.23222654801963,21.28310203552246,28800,0.0,0
2015-03-06,21.181349823134706,21.198308858374034,21.07111932868431,21.10503578186035,94200,0.0,0
2015-03-09,21.13047488956648,21.15591344309344,20.977846803010035,21.113515853881836,38400,0.0,0
2015-03-10,21.113517531026538,21.198311098882623,21.062642037234,21.17287254333496,23900,0.0,0
2015-03-11,21.15591487726779,21.257665863668084,21.15591487726779,21.19831085205078,25600,0.0,0
2015-03-12,21.22374725341797,21.266143223898425,21.198308700748136,21.22374725341797,17700,0.0,0
2015-03-13,21.249184763256416,21.26614379882813,21.172870720486365,21.266143798828125,25400,0.0,0
2015-03-16,21.232226237400685,21.274622206815714,21.198308168026614,21.249183654785156,38500,0.0,0
2015-03-17,21.266145152480874,21.266145152480874,21.206790141504413,21.257665634155273,19600,0.0,0
2015-03-18,21.223746477324283,21.317017932431128,21.045679849752048,21.274621963500977,38700,0.0,0
2015-03-19,21.29158370745768,21.30006322578328,21.198310623178813,21.257665634155273,19200,0.0,0
2015-03-20,21.25766348311975,21.359416075428005,21.25766348311975,21.28310203552246,36100,0.0,0
2015-03-23,21.33398000673601,21.40181453707131,21.30854145137173,21.32550048828125,65200,0.0,0
2015-03-24,21.367898387595158,21.367898387595158,21.283104819131925,21.359418869018555,31400,0.0,0
2015-03-25,21.350935559657,21.444208630136526,21.31701749137262,21.39333152770996,33100,0.0,0
2015-03-26,21.384856376823965,21.444213008440578,21.317021843707824,21.40181541442871,33500,0.0,0
2015-03-27,21.401813815142475,21.44421140598611,21.359417841601562,21.435731887817383,22300,0.0,0
2015-03-30,21.444208630136526,21.469645564047298,21.36789459379919,21.39333152770996,29700,0.0,0
2015-03-31,21.401814367900204,21.48660793447477,21.384855331124736,21.444211959838867,29800,0.0,0
2015-04-01,21.469644424991767,21.469644424991767,21.257661361368545,21.34245491027832,120800,0.0,0
2015-04-02,21.384850876081995,21.384850876081995,21.32549587703588,21.34245491027832,25200,0.0,0
2015-04-06,21.325500471381964,21.367898063622164,21.28310449644454,21.291584014892578,30800,0.0,0
2015-04-07,21.359419364226095,21.359419364226095,21.25766675625057,21.308542251586914,41500,0.0,0
2015-04-08,21.291584337708528,21.410294363175375,21.291584337708528,21.359418869018555,33300,0.0,0
2015-04-09,21.35093935044195,21.410294363175375,21.342459831865348,21.359418869018555,36800,0.0,0
2015-04-10,21.189832439514674,21.300064567387818,21.155915981378758,21.21527099609375,67900,0.0,0
2015-04-13,21.240704448184612,21.325498005557726,21.172869925746635,21.28310203552246,45100,0.0,0
2015-04-14,21.25766594110042,21.333979989830002,21.25766594110042,21.291584014892578,16600,0.0,0
2015-04-15,21.333980560302734,21.333980560302734,21.266146028207288,21.333980560302734,24900,0.0,0
2015-04-16,21.333977523025297,21.333977523025297,21.27462251805489,21.28310203552246,28000,0.0,0
2015-04-17,21.257665863668084,21.325500393702534,21.19831085205078,21.19831085205078,84000,0.0,0
2015-04-20,21.23223140270614,21.257668343622345,21.21527236389337,21.24070930480957,28200,0.0,0
2015-04-21,21.31701636041466,21.34245491027832,21.23222442880731,21.34245491027832,27200,0.0,0
2015-04-22,21.342457040492867,21.342457040492867,21.27462251805489,21.28310203552246,24100,0.0,0
2015-04-23,21.28310203552246,21.333977523025297,21.26614300058732,21.28310203552246,23300,0.0,0
2015-04-24,21.308542004278387,21.3509395976523,21.300064102906422,21.333980560302734,16900,0.0,0
2015-04-27,21.3509395976523,21.3509395976523,21.29158458423164,21.333980560302734,15500,0.0,0
2015-04-28,21.359419116327082,21.393335573723398,21.308542004278387,21.333980560302734,26700,0.0,0
2015-04-29,21.308536843793437,21.34245491027832,21.274620394610984,21.34245491027832,22800,0.0,0
2015-04-30,21.28310203552246,21.325498005557726,21.223747030552058,21.28310203552246,50600,0.0,0
2015-05-01,21.249183411761358,21.333976966924205,21.249183411761358,21.274621963500977,55200,0.0,0
2015-05-04,21.283105065556857,21.367898635001865,21.283105065556857,21.333980560302734,19300,0.0,0
2015-05-05,21.367894792112605,21.367894792112605,21.249183169318044,21.300060272216797,97100,0.0,0
2015-05-06,21.300060310304808,21.300060310304808,20.986324644411603,21.05415916442871,163100,0.0,0
2015-05-07,21.07112232221462,21.16439379467657,21.05416328456596,21.08808135986328,20200,0.0,0
2015-05-08,21.105037766764873,21.27462490050239,21.105037766764873,21.19831085205078,24300,0.0,0
2015-05-11,21.20678891340606,21.24918488527614,21.045681309154972,21.079599380493164,34400,0.0,0
2015-05-12,20.96936806138331,21.130475671745735,20.82521948733329,21.062641143798828,77600,0.0,0
2015-05-13,21.09655524585835,21.2322259039212,21.037200242688535,21.18134880065918,52100,0.0,0
2015-05-14,21.240704448184612,21.37637349306056,21.215267513084488,21.28310203552246,48600,0.0,0
2015-05-15,21.36789888299929,21.376376784469652,21.291584831343357,21.308542251586914,39200,0.0,0
2015-05-18,21.317018488090156,21.317018488090156,21.25766348311975,21.28310203552246,36100,0.0,0
2015-05-19,21.198308478149347,21.317018488090156,21.198308478149347,21.28310203552246,26300,0.0,0
2015-05-20,21.317020952933923,21.359418545174123,21.29158401489258,21.291584014892578,30500,0.0,0
2015-05-21,21.291585687848464,21.435734278185862,21.28310616873416,21.350940704345703,50500,0.0,0
2015-05-22,21.376371359460773,21.401809909324434,21.308536843793437,21.34245491027832,14600,0.0,0
2015-05-26,21.3339753936571,21.393330392703213,21.300058944474646,21.34245491027832,34800,0.0,0
2015-05-27,21.410295720842942,21.410295720842942,21.325502147002787,21.350940704345703,22800,0.0,0
2015-05-28,21.25766348311975,21.359416075428005,21.25766348311975,21.28310203552246,16500,0.0,0
2015-05-29,21.274621872670345,21.486604951021143,21.18134880065918,21.18134880065918,49000,0.0,0
2015-06-01,21.189831580366736,21.25766611119105,21.155915123605975,21.17287254333496,27900,0.0,0
2015-06-02,21.155912420253827,21.223746942410084,21.062639345800505,21.189828872680664,31300,0.0,0
2015-06-03,21.147434788452188,21.215269316656975,21.13047575207531,21.155914306640625,33300,0.0,0
2015-06-04,21.15591273026768,21.266143223898425,21.15591273026768,21.22374725341797,43100,0.0,0
2015-06-05,21.13047575207531,21.240706253919566,21.06264122387052,21.155914306640625,32800,0.0,0
2015-06-08,21.155914552786093,21.20679004520593,21.12199647963771,21.130475997924805,13900,0.0,0
2015-06-09,21.164390120805766,21.164390120805766,20.960886556256007,20.9693660736084,59100,0.0,0
2015-06-10,20.91001186583993,21.0287218786896,20.825218306389036,20.952407836914062,46700,0.0,0
2015-06-11,20.977846783781253,21.155913423701435,20.977846783781253,21.079599380493164,39700,0.0,0
2015-06-12,21.10503631669415,21.147433905866887,21.037201791320427,21.079599380493164,13900,0.0,0
2015-06-15,21.037201810603616,21.147433925251118,21.037201810603616,21.113515853881836,23100,0.0,0
2015-06-16,21.096556818197197,21.147433925251118,21.088078917657537,21.113515853881836,32900,0.0,0
2015-06-17,21.15591288757833,21.15591288757833,21.079598846303977,21.10503578186035,29600,0.0,0
2015-06-18,21.13047422740344,21.147433262556635,20.977846145629883,20.977846145629883,21500,0.0,0
2015-06-19,21.011768590374476,21.020248109716427,20.952411954980835,20.986330032348633,34300,0.0,0
2015-06-22,21.0287218786896,21.045680914040304,20.943929936541338,20.952407836914062,54200,0.0,0
2015-06-23,20.977849392058367,20.977849392058367,20.918494377139297,20.935453414916992,16100,0.0,0
2015-06-24,20.9863264434873,21.028722415643987,20.910012399763133,20.926971435546875,12300,0.0,0
2015-06-25,21.003287642057312,21.003287642057312,20.867618576422373,20.901535034179688,33400,0.0,0
2015-06-26,20.867616653442383,20.91001262605789,20.867616653442383,20.867616653442383,23500,0.0,0
2015-06-29,20.876097218485846,20.9269727116367,20.791303651699245,20.825220108032227,27200,0.0,0
2015-06-30,20.9015327789123,20.977846822260553,20.774343245766104,20.799781799316406,45600,0.0,0
2015-07-01,20.884575119592014,20.884575119592014,20.77434461488137,20.825220108032227,17700,0.0,0
2015-07-02,20.926975565151757,21.045685604458143,20.918496045586586,20.994810104370117,22700,0.0,0
2015-07-06,21.037201151363465,21.088078256823056,20.9439296926261,20.977846145629883,22600,0.0,0
2015-07-07,21.003285356536995,21.15591344309344,21.003285356536995,21.113515853881836,29700,0.0,0
2015-07-08,21.155913092693815,21.198309063900563,21.011764526367188,21.011764526367188,16500,0.0,0
2015-07-09,21.155911866330708,21.22374638671086,21.0287207254782,21.18134880065918,34900,0.0,0
2015-07-10,20.85913690971458,21.028722415643987,20.85913690971458,20.926971435546875,22600,0.0,0
2015-07-13,20.95240910472354,21.18135124390322,20.95240910472354,21.155914306640625,28700,0.0,0
2015-07-14,21.223746942410084,21.223746942410084,21.121994350524407,21.189828872680664,22000,0.0,0
2015-07-15,21.198310929266917,21.317020952933923,21.16439285547476,21.291584014892578,33000,0.0,0
2015-07-16,21.266147130505548,21.35942022346001,21.24070857316263,21.350940704345703,50400,0.0,0
2015-07-17,21.367894792112605,21.367894792112605,21.240703652168254,21.300060272216797,64100,0.0,0
2015-07-20,21.25766428104227,21.308539770454754,21.206788791629787,21.266143798828125,35500,0.0,0
2015-07-21,21.23222757035121,21.25766450667612,21.206789016723633,21.206789016723633,14900,0.0,0
2015-07-22,21.240703803828996,21.240703803828996,21.164389766238507,21.18134880065918,22100,0.0,0
2015-07-23,21.147436374330756,21.147436374330756,21.05416328456596,21.08808135986328,18300,0.0,0
2015-07-24,21.11351829903343,21.138956855506425,20.986328751274154,21.08808135986328,32200,0.0,0
2015-07-27,21.045679738154142,21.14743232727051,21.045679738154142,21.147432327270508,34100,0.0,0
2015-07-28,21.14743290282147,21.189828872680664,20.98632530621189,21.189828872680664,340800,0.0,0
2015-07-29,21.181350218771165,21.232227325439457,21.147433764961615,21.232227325439453,31300,0.0,0
2015-07-30,21.232227325439457,21.240705225914855,21.20678877210531,21.232227325439453,14700,0.0,0
2015-07-31,21.240705225914855,21.240705225914855,21.155913282739665,21.232227325439453,21600,0.0,0
2015-08-03,21.155911518929365,21.393331527709957,21.155911518929365,21.39333152770996,49000,0.0,0
2015-08-04,21.37637429543895,21.401812848796517,21.155913302217304,21.266143798828125,40800,0.0,0
2015-08-05,21.333981666117094,21.367899742574316,21.215271633122615,21.350940704345703,21300,0.0,0
2015-08-06,21.3424611852314,21.367899742574316,21.30006520696277,21.350940704345703,20800,0.0,0
2015-08-07,21.31702262788848,21.367899742574316,21.31702262788848,21.350940704345703,8400,0.0,0
2015-08-10,21.359416427517683,21.401812398251806,21.359416427517683,21.38485336303711,18300,0.0,0
2015-08-11,21.38485477880502,21.435731887817383,21.359417841601562,21.435731887817383,30100,0.0,0
2015-08-12,21.384852344307866,21.461166381835938,21.384852344307866,21.461166381835938,31500,0.0,0
2015-08-13,21.46116740420062,21.46116740420062,21.350936909910338,21.38485336303711,61900,0.0,0
2015-08-14,21.410294933231086,21.410294933231086,21.300064423405917,21.40181541442871,29300,0.0,0
2015-08-17,21.333980313288745,21.40181484459877,21.30006385628513,21.359418869018555,19900,0.0,0
2015-08-18,21.36789528029185,21.36789528029185,21.223746720057168,21.249183654785156,37900,0.0,0
2015-08-19,21.300064567387818,21.300064567387818,21.21527099609375,21.21527099609375,34000,0.0,0
2015-08-20,21.240705470924404,21.240705470924404,21.172870945220197,21.206789016723633,47700,0.0,0
2015-08-21,21.20679147723406,21.223750514953444,21.105038868220607,21.21527099609375,30400,0.0,0
2015-08-24,20.4097315100741,21.138953852339004,20.4097315100741,21.10503578186035,140500,0.0,0
2015-08-25,21.18982829597585,21.274621850689066,21.14743232727051,21.147432327270508,45800,0.0,0
2015-08-26,21.23223140270614,21.26614786302873,21.164395247455044,21.24070930480957,38600,0.0,0
2015-08-27,21.283101480747515,21.308538415184586,21.24070389451482,21.274621963500977,19000,0.0,0
2015-08-28,21.30854112680613,21.30854112680613,21.215269659830014,21.257665634155273,10900,0.0,0
2015-08-31,21.25766268646784,21.317017689213856,21.215266718021404,21.300060272216797,31600,0.0,0
2015-09-01,21.198310623178813,21.30854112680613,21.198310623178813,21.257665634155273,11100,0.0,0
2015-09-02,21.257665957945953,21.32550048828125,21.249186439491194,21.32550048828125,22100,0.0,0
2015-09-03,21.24070659750407,21.35093871843414,21.24070659750407,21.257665634155273,15900,0.0,0
2015-09-04,21.28310203552246,21.308538970622585,21.23222654801963,21.28310203552246,13200,0.0,0
2015-09-08,21.283106901841506,21.30006594065428,21.21527236389337,21.24070930480957,32200,0.0,0
2015-09-09,21.198308168026614,21.274622206815714,21.198308168026614,21.249183654785156,18200,0.0,0
2015-09-10,21.24918882421596,21.30006594065428,21.198313325080594,21.24070930480957,23200,0.0,0
2015-09-11,21.215268289883358,21.266143779249003,21.19830925432726,21.232227325439453,10800,0.0,0
2015-09-14,21.266145382085234,21.266145382085234,21.18983133363363,21.19831085205078,17800,0.0,0
2015-09-15,21.18135124390322,21.232228353033854,21.155914306640625,21.155914306640625,21400,0.0,0
2015-09-16,21.16439220752634,21.198310280280097,21.13047575207531,21.155914306640625,38000,0.0,0
2015-09-17,21.147436462519067,21.249187454229666,21.130477424799682,21.21527099609375,16600,0.0,0
2015-09-18,21.189828166572028,21.300060272216797,21.189828166572028,21.300060272216797,28800,0.0,0
2015-09-21,21.249184763256416,21.325498806026467,21.249184763256416,21.266143798828125,14800,0.0,0
2015-09-22,21.215267513084488,21.325498005557726,21.198308478149347,21.28310203552246,39000,0.0,0
2015-09-23,21.325502147002787,21.367899742574316,21.291585687848464,21.350940704345703,37400,0.0,0
2015-09-24,21.342459508278044,21.367898063622164,21.26614545954846,21.291584014892578,25200,0.0,0
2015-09-25,21.30006355021975,21.34245952519077,21.30006355021975,21.32550048828125,14200,0.0,0
2015-09-28,21.283102814805098,21.325498786392696,21.215268289883358,21.232227325439453,23900,0.0,0
2015-09-29,21.28310449644454,21.308541434485885,21.181351892370838,21.291584014892578,48800,0.0,0
2015-09-30,21.308539770454754,21.317019288240612,21.26614379882813,21.266143798828125,38000,0.0,0
2015-10-01,21.30006040229379,21.30006040229379,21.079597806960443,21.147432327270508,53000,0.0,0
2015-10-02,21.14743782594523,21.24070930480957,21.079603287997088,21.24070930480957,29700,0.0,0
2015-10-05,21.28310616873416,21.410295720842942,21.249188092276935,21.350940704345703,48100,0.0,0
2015-10-06,21.384852010638866,21.427249595994336,21.359415076728094,21.39333152770996,21300,0.0,0
2015-10-07,21.41877007892324,21.41877007892324,21.24918297210638,21.39333152770996,30100,0.0,0
2015-10-08,21.384850204247606,21.48660278320312,21.36789278884033,21.486602783203125,36800,0.0,0
2015-10-09,21.325499443494767,21.367897033691403,21.283103470600825,21.367897033691406,24900,0.0,0
2015-10-12,21.30853919437888,21.35941629971855,21.18134966563491,21.22374725341797,36000,0.0,0
2015-10-13,21.249183411761358,21.283101480747515,21.138952922161437,21.274621963500977,23100,0.0,0
2015-10-14,21.18134732907999,21.35941394352076,21.18134732907999,21.34245491027832,24400,0.0,0
2015-10-15,21.350934764419886,21.410289764404297,21.308537180643555,21.410289764404297,45300,0.0,0
2015-10-16,21.367894927203604,21.461166381835938,21.367894927203604,21.461166381835938,63000,0.0,0
2015-10-19,21.435732918905185,21.452690338755595,21.359418869018555,21.359418869018555,32900,0.0,0
2015-10-20,21.393334296973748,21.452689306852115,21.359417841601562,21.435731887817383,42600,0.0,0
2015-10-21,21.418774204440176,21.435733241848883,21.410294685735824,21.42725372314453,25100,0.0,0
2015-10-22,21.452686067864875,21.47812461853027,21.41876961761349,21.478124618530273,24900,0.0,0
2015-10-23,21.435727302376552,21.48660278320312,21.435727302376552,21.486602783203125,26600,0.0,0
2015-10-26,21.469643750493475,21.48660278320312,21.444206818731377,21.486602783203125,25300,0.0,0
2015-10-27,21.4781232668483,21.48660278320312,21.452684717783825,21.486602783203125,24600,0.0,0
2015-10-28,21.47812818705143,21.50356674194336,21.435732212867624,21.50356674194336,26000,0.0,0
2015-10-29,21.50357191230392,21.52900885600921,21.47813335129549,21.495092391967773,44800,0.0,0
2015-10-30,21.520523834899212,21.520523834899212,21.435731887817383,21.435731887817383,18800,0.0,0
2015-11-02,21.49508668826881,21.529003143310547,21.418772642796515,21.529003143310547,31000,0.0,0
2015-11-03,21.529003143310547,21.588358152610617,21.469648134010477,21.529003143310547,62300,0.0,0
2015-11-04,21.461168615924365,21.53748266139666,21.461168615924365,21.529003143310547,33000,0.0,0
2015-11-05,21.562919616699215,21.579878651613875,21.512044129257827,21.56291961669922,36300,0.0,0
2015-11-06,21.46117155110618,21.512048666581162,21.29158601809836,21.45269203186035,48500,0.0,0
2015-11-09,21.401810802475598,21.435728870375964,21.291580316404396,21.41876983642578,21300,0.0,0
2015-11-10,21.427252694570313,21.54596271612716,21.401814139678383,21.50356674194336,19600,0.0,0
2015-11-11,21.52900672094876,21.58836174011231,21.478131221280435,21.588361740112305,34800,0.0,0
2015-11-12,21.579883837920065,21.58836174011231,21.520527201453547,21.588361740112305,19700,0.0,0
2015-11-13,21.571397804324892,21.605314254760742,21.545959253521136,21.605314254760742,23200,0.0,0
2015-11-16,21.59683551357101,21.613794548049334,21.529000992960245,21.554439544677734,29200,0.0,0
2015-11-17,21.605315498012715,21.605315498012715,21.469646453857422,21.469646453857422,19500,0.0,0
2015-11-18,21.418771054529795,21.562919616699215,21.418771054529795,21.56291961669922,26900,0.0,0
2015-11-19,21.461169150456808,21.54596271612716,21.461169150456808,21.50356674194336,33700,0.0,0
2015-11-20,21.529002653383312,21.6137962150121,21.512045234899688,21.579879760742188,17300,0.0,0
2015-11-23,21.579885978026063,21.579885978026063,21.47813335129549,21.495092391967773,40400,0.0,0
2015-11-24,21.495089945176527,21.520526885986328,21.452692348321946,21.520526885986328,30200,0.0,0
2015-11-25,21.495087547546348,21.613797570891986,21.47812851069618,21.571401596069336,17400,0.0,0
2015-11-27,21.605314254760742,21.622273288629913,21.545959253521136,21.605314254760742,14400,0.0,0
2015-11-30,21.605315831106864,21.605315831106864,21.5374813079834,21.5374813079834,28300,0.0,0
2015-12-01,21.53748217127646,21.6137962150121,21.53748217127646,21.579879760742188,26800,0.0,0
2015-12-02,21.613798141479492,21.613798141479492,21.562922646888683,21.613798141479492,22000,0.0,0
2015-12-03,21.562920724955895,21.59683717922581,21.529002653383312,21.579879760742188,19000,0.0,0
2015-12-04,21.58836013803717,21.622278213500973,21.579882236474074,21.622278213500977,27200,0.0,0
2015-12-07,21.613798002644536,21.817301597003393,21.554442989786054,21.800342559814453,73200,0.0,0
2015-12-08,21.791864087894012,21.82578054408097,21.740986977659436,21.757946014404297,39300,0.0,0
2015-12-09,21.749465942382812,21.766424978695966,21.71554948705922,21.749465942382812,21300,0.0,0
2015-12-10,21.74946561518624,21.766424651244265,21.681631088256836,21.681631088256836,22000,0.0,0
2015-12-11,21.690108143018765,21.732504111046378,21.647712174991156,21.67314910888672,19100,0.0,0
2015-12-14,21.630756666300297,21.639236184748334,21.232229003059075,21.291584014892578,56800,0.0,0
2015-12-15,21.49508411526058,21.49508411526058,21.300060074532944,21.39333152770996,35400,0.0,0
2015-12-16,21.41029231075392,21.537481842604798,21.401812792990174,21.51204490661621,32400,0.0,0
2015-12-17,21.605322921731354,21.65620004374821,21.444216887254054,21.495092391967773,31300,0.0,0
2015-12-18,21.49508866511742,21.622278213500973,21.49508866511742,21.622278213500977,10100,0.0,0
2015-12-21,21.639234337977083,21.732505798339844,21.622275302528347,21.732505798339844,9900,0.0,0
2015-12-22,21.740990476093994,21.766429035304707,21.673155935501775,21.690114974975586,9700,0.0,0
2015-12-23,21.740985296231695,21.74946481394833,21.656193353670652,21.698589324951172,15300,0.0,0
2015-12-24,21.715548360384435,21.715548360384435,21.66467125408465,21.698589324951172,4300,0.0,0
2015-12-28,21.690112498758232,21.690112498758232,21.630757484679087,21.647716522216797,17800,0.0,0
2015-12-29,21.630756607742153,21.647715644592324,21.562922077644252,21.571401596069336,30800,0.0,0
2015-12-30,21.647713262049184,21.66467067973025,21.62227470957369,21.656192779541016,13200,0.0,0
2015-12-31,21.724029558217335,21.791864087894012,21.707070521472478,21.757946014404297,11600,0.0,0
2016-01-04,21.62227916603959,21.85970085283692,21.613799646800086,21.825782775878906,50700,0.0,0
2016-01-05,21.868176961914063,22.0377624683499,21.8257793723281,21.986886978149414,47000,0.0,0
2016-01-06,21.86817981800538,21.969930811695523,21.75794768798769,21.817302703857422,206200,0.0,0
2016-01-07,21.749469204486974,21.791866801628885,21.707073224648028,21.740989685058594,15400,0.0,0
2016-01-08,21.724030127069835,21.83426063419233,21.69859157128643,21.800342559814453,26400,0.0,0
2016-01-11,21.75794872391536,21.783387282200504,21.707073224648028,21.740989685058594,23500,0.0,0
2016-01-12,21.520521475721083,21.571398579156064,21.452686955110316,21.554439544677734,109100,0.0,0
2016-01-13,21.51204404097006,21.57987856304771,21.42725048404736,21.469646453857422,29300,0.0,0
2016-01-14,21.44421140598611,21.537482871236666,21.350938323432835,21.435731887817383,70700,0.0,0
2016-01-15,21.325498221059735,21.5374813079834,21.30853918595322,21.5374813079834,84800,0.0,0
2016-01-19,21.579882802632778,21.664674758911133,21.537485207190702,21.664674758911133,30400,0.0,0
2016-01-20,21.571402470599946,21.647716522216797,21.28310530167025,21.647716522216797,33000,0.0,0
2016-01-21,21.622278285808253,21.749467834617143,21.57140278974527,21.715551376342773,20700,0.0,0
2016-01-22,21.749463880954004,21.89361244134788,21.749463880954004,21.868175506591797,20300,0.0,0
2016-01-25,21.902095382012284,21.902095382012284,21.65619580955469,21.70707130432129,9500,0.0,0
2016-01-26,21.7325052023623,21.85121682994533,21.63923374455735,21.656192779541016,17700,0.0,0
2016-01-27,21.630757253519977,21.79186487380084,21.630757253519977,21.70707130432129,23100,0.0,0
2016-01-28,21.73250879682853,21.740988315722834,21.681633300765544,21.715551376342773,11300,0.0,0
2016-01-29,21.78338188246188,21.868175438423822,21.732504778503177,21.808818817138672,30000,0.0,0
2016-02-01,21.74098436360112,21.868175506591797,21.74098436360112,21.868175506591797,35400,0.0,0
2016-02-02,21.851219194300192,21.902094687453435,21.834260157481523,21.885135650634766,20400,0.0,0
2016-02-03,21.85121839603444,21.9020938873291,21.800341287437067,21.9020938873291,34900,0.0,0
2016-02-04,21.90209120499949,21.978405241246726,21.851215719935503,21.952966690063477,20500,0.0,0
2016-02-05,21.902094441036652,21.961449451931433,21.851218948455802,21.910573959350586,14400,0.0,0
2016-02-08,21.85122094425047,21.85122094425047,21.571403283544363,21.664674758911133,31300,0.0,0
2016-02-09,21.4102914492023,21.52900145851254,21.206787882969362,21.469646453857422,45900,0.0,0
2016-02-10,21.444208630136526,21.562918634526824,21.384852010638866,21.39333152770996,26300,0.0,0
2016-02-11,21.21526740039189,21.57987856304771,21.21526740039189,21.469646453857422,62200,0.0,0
2016-02-12,21.452689632159498,21.647715318392137,21.418773176273003,21.50356674194336,28600,0.0,0
2016-02-16,21.54596058178456,21.7494641488527,21.5290015468699,21.56291961669922,32300,0.0,0
2016-02-17,21.622277734841738,21.783385355122604,21.613798216163502,21.70707130432129,32500,0.0,0
2016-02-18,21.808822293854497,21.808822293854497,21.70707130432129,21.70707130432129,21500,0.0,0
2016-02-19,21.62227916603959,21.834262295118407,21.596840608321077,21.825782775878906,44900,0.0,0
2016-02-22,21.96145313734446,21.96145313734446,21.68163545523868,21.690114974975586,46400,0.0,0
2016-02-23,21.75794375483779,21.75794375483779,21.62227470957369,21.656192779541016,17300,0.0,0
2016-02-24,21.571399378196432,21.62227486621338,21.42725081439624,21.5374813079834,42200,0.0,0
2016-02-25,21.554442023667264,21.64771510672291,21.520523950809668,21.596837997436523,17800,0.0,0
2016-02-26,21.66467067973025,21.690109232205742,21.537481151957984,21.656192779541016,16700,0.0,0
2016-02-29,21.562919061916897,21.715547137616753,21.554439544677734,21.554439544677734,32200,0.0,0
2016-03-01,21.605314589661038,22.029280739147175,21.605314589661038,21.67314910888672,42900,0.0,0
2016-03-02,21.732506579128216,21.825779660144654,21.673151570227827,21.681631088256836,11900,0.0,0
2016-03-03,21.690112819659852,21.75794735351145,21.690112819659852,21.715551376342773,14000,0.0,0
2016-03-04,21.724027963097146,21.79186248779297,21.724027963097146,21.79186248779297,10000,0.0,0
2016-03-07,21.868176305222576,21.885133723245065,21.749464675249406,21.85121726989746,14600,0.0,0
2016-03-08,21.885135650634766,21.91057420586277,21.783384664328285,21.885135650634766,11500,0.0,0
2016-03-09,21.927530620960855,22.01232256031069,21.90209206877436,21.995365142822266,18400,0.0,0
2016-03-10,22.029282414938745,22.09711693932467,21.876654330744746,22.0123233795166,22500,0.0,0
2016-03-11,21.986886443686025,22.131035010168954,21.986886443686025,22.0123233795166,31800,0.0,0
2016-03-14,22.037761932649815,22.046241450360885,21.986886443686025,22.0123233795166,10100,0.0,0
2016-03-15,21.961448424397837,22.020803432515514,21.885134380445777,21.986886978149414,20700,0.0,0
2016-03-16,21.910573504235792,22.054722077972976,21.910573504235792,22.02928352355957,20500,0.0,0
2016-03-17,22.02928645457294,22.08864147213206,21.90209690018869,21.919055938720703,29900,0.0,0
2016-03-18,21.91905347766452,22.071681572709814,21.910573959350586,21.910573959350586,19300,0.0,0
2016-03-21,21.944491539285732,22.00384817052347,21.92753411909207,21.961450576782227,10700,0.0,0
2016-03-22,21.82577871690979,21.919051793895292,21.82577871690979,21.85121726989746,25700,0.0,0
2016-03-23,21.885137861656673,21.9529723984818,21.817303324831546,21.919055938720703,16800,0.0,0
2016-03-24,21.851217926079677,22.01232391459832,21.851217926079677,21.986886978149414,11000,0.0,0
2016-03-28,21.98688628562754,22.13103485107422,21.98688628562754,22.13103485107422,19800,0.0,0
2016-03-29,22.088635475283013,22.317577581400876,22.088635475283013,22.258222579956055,19700,0.0,0
2016-03-30,22.334536615328677,22.334536615328677,22.224304512100453,22.258222579956055,19200,0.0,0
2016-03-31,22.26670356559718,22.292142118166772,22.063199996948242,22.063199996948242,25700,0.0,0
2016-04-01,22.046245493104955,22.190394086021218,21.876658342390666,21.919055938720703,30800,0.0,0
2016-04-04,21.859700136906188,22.046244702156944,21.8512206179444,21.96993064880371,30900,0.0,0
2016-04-05,21.96144687314694,22.09711591563367,21.893612351903574,22.08863639831543,24100,0.0,0
2016-04-06,22.03776635861818,22.156476395809097,22.02080731979006,22.080163955688477,29900,0.0,0
2016-04-07,21.995365941534754,22.08015950126625,21.927531417210083,21.97840690612793,23600,0.0,0
2016-04-08,21.98688628562754,22.13103485107422,21.98688628562754,22.13103485107422,21200,0.0,0
2016-04-11,22.14799209403032,22.266702096919957,22.14799209403032,22.258222579956055,28300,0.0,0
2016-04-12,21.97840690612793,22.003845459238168,21.91905189950667,21.97840690612793,29900,0.0,0
2016-04-13,21.93601536025538,22.08016395568848,21.92753584084132,22.080163955688477,25600,0.0,0
2016-04-14,22.020801877072063,22.08863639831543,22.020801877072063,22.08863639831543,18700,0.0,0
2016-04-15,21.995367525187167,22.131036583604594,21.910573959350586,21.910573959350586,90200,0.0,0
2016-04-18,21.961447073240272,22.003844660217766,21.944488038449276,21.995365142822266,39200,0.0,0
2016-04-19,21.96144899575988,22.054722077972976,21.96144899575988,22.02928352355957,26000,0.0,0
2016-04-20,22.029281394390303,22.11407495027015,21.98688542510166,22.08863639831543,25000,0.0,0
2016-04-21,22.105596522611986,22.105596522611986,22.071680068969727,22.071680068969727,12700,0.0,0
2016-04-22,22.046241291875713,22.147993886374447,22.029282256575485,22.13103485107422,14100,0.0,0
2016-04-25,22.131039454869878,22.131039454869878,22.046245878032238,22.080163955688477,22100,0.0,0
2016-04-26,22.063202000733202,22.207350577113964,22.054722482439892,22.190391540527344,13300,0.0,0
2016-04-27,22.12255433611695,22.241264343261722,22.12255433611695,22.24126434326172,17900,0.0,0
2016-04-28,22.19886978945185,22.292142868041992,22.19886978945185,22.292142868041992,29500,0.0,0
2016-04-29,22.215832888424305,22.32606340549022,22.215832888424305,22.30062484741211,29400,0.0,0
2016-05-02,22.23278927839502,22.41085594207486,22.23278927839502,22.376937866210938,24700,0.0,0
2016-05-03,22.334537858990497,22.4532478684903,22.317578824118357,22.436288833618164,28100,0.0,0
2016-05-04,22.351500678997365,22.470210708600227,22.351500678997365,22.402376174926758,13600,0.0,0
2016-05-05,22.385413879337037,22.427811467526936,22.334538390811776,22.410852432250977,11200,0.0,0
2016-05-06,22.33453548541159,22.76698112487793,22.33453548541159,22.76698112487793,24000,0.0,0
2016-05-09,22.605877802870182,22.682191848754883,22.546522793249352,22.682191848754883,22800,0.0,0
2016-05-10,22.614357094758237,22.766985185000678,22.614357094758237,22.741546630859375,16300,0.0,0
2016-05-11,22.665235588677703,22.758508682250977,22.60588057178668,22.758508682250977,19800,0.0,0
2016-05-12,22.68218936471005,22.758503402237203,22.631313878792795,22.639793395996094,22800,0.0,0
2016-05-13,22.622835403367276,22.67371089162734,22.58043781539838,22.597396850585938,10000,0.0,0
2016-05-16,22.673716394039474,22.792426434555473,22.529567794568756,22.656757354736328,41000,0.0,0
2016-05-17,22.55500333615566,22.67371336079085,22.546523817638462,22.605878829956055,10900,0.0,0
2016-05-18,22.529563104730045,22.67371167419425,22.410853088925165,22.54652214050293,31500,0.0,0
2016-05-19,22.470207683537332,22.54652172580903,22.31757959899394,22.385414123535156,44800,0.0,0
2016-05-20,22.32605809943334,22.62283473726696,22.32605809943334,22.461727142333984,38600,0.0,0
2016-05-23,22.504121575536384,22.59739301864628,22.283659007390767,22.317575454711914,294200,0.0,0
2016-05-24,22.326054970867784,22.42780754743589,22.215824495446142,22.317575454711914,24600,0.0,0
2016-05-25,22.35150092661587,22.38541738517692,22.215831857765934,22.376937866210938,28400,0.0,0
2016-05-26,22.275183711982802,22.529562775649833,22.232786123169866,22.478687286376953,22700,0.0,0
2016-05-27,22.529559847845228,22.55499839782715,22.444766298541257,22.55499839782715,15000,0.0,0
2016-05-31,22.436292243363646,22.61435890197754,22.436292243363646,22.61435890197754,46200,0.0,0
2016-06-01,22.65675321342353,22.65675321342353,22.504126739502063,22.588918685913086,25700,0.0,0
2016-06-02,22.50412618745424,22.5804386138916,22.50412618745424,22.5804386138916,15800,0.0,0
2016-06-03,22.48716928938423,22.894176483154293,22.48716928938423,22.894176483154297,27100,0.0,0
2016-06-06,22.81785660678503,22.834815639854863,22.65674902722641,22.76698112487793,24600,0.0,0
2016-06-07,22.766985185000678,22.766985185000678,22.63131613085244,22.741546630859375,27600,0.0,0
2016-06-08,22.648273776227143,22.76698541277152,22.597398284738247,22.682191848754883,28400,0.0,0
2016-06-09,22.656752657631632,22.656752657631632,22.52956312383247,22.5804386138916,27500,0.0,0
2016-06-10,22.54652515385506,22.63979824576926,22.51260707777612,22.56348419189453,20600,0.0,0
2016-06-13,22.61435800689442,22.61435800689442,22.49564798405229,22.504127502441406,18800,0.0,0
2016-06-14,22.49564632190213,22.59739730044788,22.427811797104077,22.478687286376953,30200,0.0,0
2016-06-15,22.427813793003274,22.656754323756452,22.41933427448608,22.605878829956055,43900,0.0,0
2016-06-16,22.529564457434514,22.673713035553593,22.487168482759454,22.538043975830078,33200,0.0,0
2016-06-17,22.580440138544883,22.800902766757194,22.512605608118232,22.792423248291016,31900,0.0,0
2016-06-20,22.73306627943603,23.04680196646672,22.639794818942562,23.03832244873047,64200,0.0,0
2016-06-21,22.978964186343642,23.02136015171582,22.758501608343014,22.76698112487793,42100,0.0,0
2016-06-22,22.73306791251043,22.826340997006994,22.690671938086222,22.72458839416504,23700,0.0,0
2016-06-23,22.8093817133532,22.94505077080505,22.656753619394188,22.75002670288086,38000,0.0,0
2016-06-24,22.44476996842159,22.826340194027697,22.44476996842159,22.741546630859375,27300,0.0,0
2016-06-27,22.851779552043173,22.851779552043173,22.571961915856235,22.72458839416504,14800,0.0,0
2016-06-28,22.707630974777008,22.724588394165036,22.605878371935052,22.72458839416504,34600,0.0,0
2016-06-29,22.843301130252673,22.843301130252673,22.67371398980958,22.707632064819336,20100,0.0,0
2016-06-30,22.78394780620134,22.851782343949377,22.682195190927803,22.800905227661133,52600,0.0,0
2016-07-01,22.76698416096661,22.877214656015497,22.699149636943616,22.817859649658203,17500,0.0,0
2016-07-05,22.80938424911145,22.851781845092777,22.758508751236775,22.851781845092773,21900,0.0,0
2016-07-06,22.766985185000678,22.766985185000678,22.605877576711134,22.741546630859375,32200,0.0,0
2016-07-07,22.758505338678635,22.766984856603425,22.6737117767334,22.6737117767334,66400,0.0,0
2016-07-08,22.690671938086222,22.851779552043173,22.673712901395437,22.72458839416504,33400,0.0,0
2016-07-11,22.724589485021376,22.758507560031127,22.639797532102662,22.707632064819336,99700,0.0,0
2016-07-12,22.461728721776886,22.504126311478714,22.385414677616275,22.39389419555664,35000,0.0,0
2016-07-13,22.47021078107039,22.504128856667943,22.40237624717814,22.495649337768555,19600,0.0,0
2016-07-14,22.43628803604323,22.512602072952426,22.402371584807213,22.4532470703125,21200,0.0,0
2016-07-15,22.495645991328157,22.521082926939478,22.402372914612997,22.410852432250977,62300,0.0,0
2016-07-18,22.470207458576414,22.470207458576414,22.419331970005505,22.44476890563965,14500,0.0,0
2016-07-19,22.461727940930825,22.461727940930825,22.419331970005505,22.44476890563965,24800,0.0,0
2016-07-20,22.470207458576414,22.470207458576414,22.39389341706874,22.44476890563965,26900,0.0,0
2016-07-21,22.45325073125208,22.60587882995606,22.402375237451682,22.605878829956055,77000,0.0,0
2016-07-22,22.597394171092827,22.648269653320312,22.58043513791619,22.648269653320312,19500,0.0,0
2016-07-25,22.682191848754883,22.682191848754883,22.571961347645157,22.682191848754883,26400,0.0,0
2016-07-26,22.614354844386195,22.673709847506753,22.56347935846894,22.639793395996094,40300,0.0,0
2016-07-27,22.63979993273619,22.682195913691046,22.563485873175043,22.656757354736328,119000,0.0,0
2016-07-28,22.58891811263248,22.597397630518927,22.470208096827605,22.54652214050293,27100,0.0,0
2016-07-29,22.5126070067147,22.555004601679546,22.461731510059764,22.470211029052734,31200,0.0,0
2016-08-01,22.43628938799406,22.461727940930825,22.410852452359915,22.44476890563965,18400,0.0,0
2016-08-02,22.42781639099121,22.42781639099121,22.351502332799175,22.42781639099121,278400,0.0,0
2016-08-03,22.444773259538195,22.444773259538195,22.36845920322691,22.419336318969727,16500,0.0,0
2016-08-04,22.402377832492874,22.42781639099121,22.334543293800284,22.42781639099121,23400,0.0,0
2016-08-05,22.42781639099121,22.444773812687128,22.39389831299343,22.42781639099121,18800,0.0,0
2016-08-08,22.385417137182674,22.419335212670838,22.359980197869408,22.402376174926758,47300,0.0,0
2016-08-09,22.385413879337037,22.419331949888957,22.343017908449756,22.410852432250977,38000,0.0,0
2016-08-10,22.376937618310635,22.402376174926754,22.3175826035092,22.402376174926758,18700,0.0,0
2016-08-11,22.3938928637404,22.444768351054233,22.343017376426566,22.436288833618164,25200,0.0,0
2016-08-12,22.410852432250977,22.419331949888957,22.393893396975017,22.410852432250977,16300,0.0,0
2016-08-15,22.419335212670838,22.419335212670838,22.36845809943859,22.402376174926758,16900,0.0,0
2016-08-16,22.359980197869408,22.402376174926754,22.359980197869408,22.402376174926758,7000,0.0,0
2016-08-17,22.351500678997365,22.402376174926754,22.351500678997365,22.402376174926758,27900,0.0,0
2016-08-18,22.402377832492874,22.42781639099121,22.402377832492874,22.42781639099121,10300,0.0,0
2016-08-19,22.385409966656535,22.45324447860116,22.30909593855604,22.317575454711914,35000,0.0,0
2016-08-22,22.300621013630003,22.309100531531627,22.266704559326172,22.266704559326172,20000,0.0,0
2016-08-23,22.359975814819336,22.368453714726666,22.30061919435026,22.359975814819336,16800,0.0,0
2016-08-24,22.326058010243564,22.368453979492188,22.300619458312855,22.368453979492188,28400,0.0,0
2016-08-25,22.402372914612997,22.419331949888957,22.359976943725716,22.410852432250977,43800,0.0,0
2016-08-26,22.376933033403304,22.4532470703125,22.376933033403304,22.4532470703125,27700,0.0,0
2016-08-29,22.38541745642592,22.487170067038672,22.38541745642592,22.470211029052734,50600,0.0,0
2016-08-30,22.419330619076483,22.605875144130895,22.410851101941848,22.4532470703125,22100,0.0,0
2016-08-31,22.504126311478714,22.504126311478714,22.39389419555664,22.39389419555664,28400,0.0,0
2016-09-01,22.393893641265635,22.41933219445708,22.326059116724423,22.385414123535156,22000,0.0,0
2016-09-02,22.33454274336797,22.444773259538195,22.33454274336797,22.419336318969727,14000,0.0,0
2016-09-06,22.461727940930825,22.461727940930825,22.351497446143416,22.44476890563965,13900,0.0,0
2016-09-07,22.37693438177756,22.45324842328524,22.37693438177756,22.44476890563965,32700,0.0,0
2016-09-08,22.38541745642592,22.4786905480457,22.38541745642592,22.470211029052734,44000,0.0,0
2016-09-09,22.309103156587724,22.495649337768555,22.309103156587724,22.495649337768555,51200,0.0,0
2016-09-12,22.30062229570809,22.52108492191688,22.30062229570809,22.504127502441406,48000,0.0,0
2016-09-13,22.50413044918325,22.512608351379722,22.34302281329973,22.42781639099121,19900,0.0,0
2016-09-14,22.385412861324028,22.487165451049805,22.343016892364773,22.487165451049805,14900,0.0,0
2016-09-15,22.43629059468891,22.588918685913086,22.393894621483398,22.588918685913086,21900,0.0,0
2016-09-16,22.555000997491398,22.5889174507407,22.376934361699057,22.410852432250977,17200,0.0,0
2016-09-19,22.47020969197504,22.538044222579458,22.47020969197504,22.512605667114258,8200,0.0,0
2016-09-20,22.49564958603164,22.538045563693608,22.40237649441186,22.470211029052734,26300,0.0,0
2016-09-21,22.42781214371421,22.588918131785235,22.402373590033307,22.5804386138916,28700,0.0,0
2016-09-22,22.59739931143886,22.67371336079085,22.571962373190054,22.605878829956055,23500,0.0,0
2016-09-23,22.546520324062342,22.656750813100153,22.529561289655746,22.639793395996094,13300,0.0,0
2016-09-26,22.571959915107215,22.648272338846002,22.546521362325876,22.597396850585938,16500,0.0,0
2016-09-27,22.529563206617294,22.6737117767334,22.529563206617294,22.6737117767334,17100,0.0,0
2016-09-28,22.580436592726986,22.58891610986162,22.4532470703125,22.4532470703125,28800,0.0,0
2016-09-29,22.52108205647132,22.614355129581362,22.368453979492188,22.368453979492188,15300,0.0,0
2016-09-30,22.36845553954033,22.461728619155537,22.25822504142455,22.266704559326172,25400,0.0,0
2016-10-03,22.283662371676662,22.4532478684903,22.258223819368457,22.436288833618164,20700,0.0,0
2016-10-04,22.41085601340483,22.50412910502461,22.41085601340483,22.470211029052734,13300,0.0,0
2016-10-05,22.453248733089193,22.512603740124657,22.43628969756402,22.478687286376953,14100,0.0,0
2016-10-06,22.46173127721953,22.52956581115723,22.45325175831446,22.529565811157227,16600,0.0,0
2016-10-07,22.512605667114258,22.521085185602658,22.47020969197504,22.512605667114258,18800,0.0,0
2016-10-10,22.538045563693608,22.538045563693608,22.38541745642592,22.470211029052734,18400,0.0,0
2016-10-11,22.419336871491765,22.50413044918325,22.326063774300838,22.42781639099121,42500,0.0,0
2016-10-12,22.15647338822398,22.15647338822398,21.969928838345652,22.097118377685547,12300,0.0,0
2016-10-13,22.01232256031069,22.07167918207918,21.98688562542677,21.995365142822266,19100,0.0,0
2016-10-14,22.012325914778984,22.13103755910391,22.012325914778984,22.114078521728516,11900,0.0,0
2016-10-17,22.181911696279585,22.181911696279585,22.06320167652315,22.122556686401367,22900,0.0,0
2016-10-18,22.1310338533848,22.266702895065265,22.1310338533848,22.24126434326172,31600,0.0,0
2016-10-19,22.156475442283632,22.29214612976691,22.156475442283632,22.283666610717773,17100,0.0,0
2016-10-20,22.198865463134403,22.326054970867784,22.17342691466679,22.317575454711914,13600,0.0,0
2016-10-21,22.343021478763955,22.470211029052734,22.198872890489238,22.470211029052734,48800,0.0,0
2016-10-24,22.470210708600227,22.470210708600227,22.376937618310635,22.402376174926758,11700,0.0,0
2016-10-25,22.40237649441186,22.5126070067147,22.40237649441186,22.470211029052734,20600,0.0,0
2016-10-26,22.41085576607753,22.504128856667943,22.41085576607753,22.495649337768555,25100,0.0,0
2016-10-27,22.427811712187562,22.470207683537332,22.326059116724423,22.385414123535156,23300,0.0,0
2016-10-28,22.31758388613085,22.402377462421605,22.25822886791821,22.30062484741211,14500,0.0,0
2016-10-31,22.25822438122067,22.31757938746884,22.13103485107422,22.13103485107422,14200,0.0,0
2016-11-01,22.16495043687703,22.22430544080216,22.054719946345024,22.08863639831543,15000,0.0,0
2016-11-02,22.020808370640903,22.080165009371868,21.99537142848781,22.03776741027832,14600,0.0,0
2016-11-03,22.037762907358267,22.054721943530488,21.520523625224435,21.529003143310547,29100,0.0,0
2016-11-04,21.579880578310455,21.69011108049217,21.571401060096058,21.596837997436523,15500,0.0,0
2016-11-07,21.749464394907058,21.749464394907058,21.529001790430137,21.5374813079834,10500,0.0,0
2016-11-08,21.62227317102923,21.67314865505755,21.37637203317116,21.478124618530273,22200,0.0,0
2016-11-09,21.39333446306808,21.647715158196696,21.28310396062426,21.317020416259766,24100,0.0,0
2016-11-10,21.32550037304012,21.647715603368646,20.69803056650371,20.825220108032227,88600,0.0,0
2016-11-11,20.85913690971458,20.9863264434873,20.799781901774153,20.926971435546875,38800,0.0,0
2016-11-14,20.842182584001264,20.842182584001264,19.60420180346814,19.75682830810547,129400,0.0,0
2016-11-15,20.053600401534094,20.95240826871025,20.053600401534094,20.799781799316406,94100,0.0,0
2016-11-16,20.9354501750495,21.071119221669857,20.706508052389168,20.977846145629883,50000,0.0,0
2016-11-17,21.0117662784233,21.0117662784233,20.621716518126046,20.825220108032227,52600,0.0,0
2016-11-18,20.731951353294217,20.910016411276654,20.324942502914542,20.401256561279297,48000,0.0,0
2016-11-21,20.48604539047349,20.98632560498667,20.48604539047349,20.604755401611328,48500,0.0,0
2016-11-22,20.926972789314433,20.943931826195257,20.613237076230305,20.918493270874023,42500,0.0,0
2016-11-23,20.723464194847818,20.833694673351808,20.494522104144473,20.77433967590332,40900,0.0,0
2016-11-25,20.740425971741566,20.859137608904252,20.73194807086819,20.78282356262207,12200,0.0,0
2016-11-28,20.893051551001555,21.037200108049642,20.77434154542167,21.02024269104004,51700,0.0,0
2016-11-29,20.969366275283488,20.98632531015138,20.808260295946244,20.876094818115234,62100,0.0,0
2016-11-30,20.71499172133584,20.74890818113662,20.562363608974977,20.731950759887695,55700,0.0,0
2016-12-01,20.570840429100986,20.647154475268064,20.316459736109813,20.409732818603516,60100,0.0,0
2016-12-02,20.435171045475883,20.655633662279342,20.240146982754524,20.34189796447754,82600,0.0,0
2016-12-05,20.265587483587066,20.50300917819996,20.231671022815497,20.401256561279297,36800,0.0,0
2016-12-06,20.324938150241486,20.579318829414934,20.324938150241486,20.392772674560547,34400,0.0,0
2016-12-07,20.443650295317834,20.69802936359105,20.443650295317834,20.68107032775879,39900,0.0,0
2016-12-08,20.60475801813714,20.60475801813714,20.435172497448388,20.460609436035156,37000,0.0,0
2016-12-09,20.452133586767474,20.4860500473871,20.155356874156634,20.240150451660156,49800,0.0,0
2016-12-12,20.189269691707043,20.324938744310575,20.053600639103507,20.121435165405273,60700,0.0,0
2016-12-13,20.180790356562955,20.350377482504907,20.14687390175618,20.34189796447754,45300,0.0,0
2016-12-14,20.341900104855902,20.44365271458804,20.265586051882515,20.28254508972168,132600,0.0,0
2016-12-15,20.231670061134402,20.307984115871687,20.045123875197536,20.163835525512695,111400,0.0,0
2016-12-16,20.180788727459724,20.240145348859702,20.028162267196038,20.036640167236328,59500,0.0,0
2016-12-19,20.070561723497637,20.34189985639871,20.070561723497637,20.3079833984375,36700,0.0,0
2016-12-20,20.30798364648043,20.519966767561424,20.265586051882515,20.28254508972168,51900,0.0,0
2016-12-21,20.282543507736136,20.435171601778315,20.27406398947793,20.350378036499023,46600,0.0,0
2016-12-22,20.350382403140095,20.519969570087497,20.29102737989943,20.358861923217773,51900,0.0,0
2016-12-23,20.38429330790649,20.392771207696747,20.21470620065602,20.27406120300293,52600,0.0,0
2016-12-27,20.26558739279913,20.350380970302652,20.18927333477626,20.240150451660156,39000,0.0,0
2016-12-28,20.231662564631936,20.384290617552743,20.163828054145167,20.324934005737305,56200,0.0,0
2016-12-29,20.316456591496213,20.32493610834705,20.180787556487743,20.231664657592773,58000,0.0,0
2016-12-30,20.22318872486808,20.39277424003282,20.22318872486808,20.29102325439453,38700,0.0,0
2017-01-03,20.24862638046047,20.59628017607379,20.24862638046047,20.51996612548828,25400,0.0,0
2017-01-04,20.536921699034167,20.96936740770356,20.536921699034167,20.926971435546875,36700,0.0,0
2017-01-05,21.011763998580577,21.096555938864217,20.714987355680066,20.723466873168945,61000,0.0,0
2017-01-06,20.79978259897427,20.85065809072815,20.689550479987684,20.78282356262207,37600,0.0,0
2017-01-09,20.850656702479757,21.15591286728436,20.71498765530051,21.07111930847168,50300,0.0,0
2017-01-10,21.028723395782386,21.147435034498997,20.986327421649648,21.130475997924805,32800,0.0,0
2017-01-11,20.935454298849702,21.096560312631404,20.80826474475254,21.045684814453125,27200,0.0,0
2017-01-12,21.020244044069063,21.06264001527581,20.977846455559682,21.011764526367188,33100,0.0,0
2017-01-13,20.960891239287378,21.105039831878273,20.960891239287378,21.045684814453125,27300,0.0,0
2017-01-17,21.155914473353906,21.155914473353906,21.02872331682775,21.037202835083008,43600,0.0,0
2017-01-18,21.028719625872473,21.088076243241034,20.884571075439453,20.884571075439453,43400,0.0,0
2017-01-19,20.90153340113751,20.90153340113751,20.486046717929735,20.562360763549805,47500,0.0,0
2017-01-20,20.621715217217748,20.91001235572348,20.50300520158692,20.55388069152832,84900,0.0,0
2017-01-23,20.613239267817608,21.011768590374476,20.613239267817608,20.986330032348633,41000,0.0,0
2017-01-24,20.918492569748807,21.105037117277124,20.9015335334364,21.062641143798828,33400,0.0,0
2017-01-25,20.935450972539396,21.062640506428163,20.850657410845997,20.960887908935547,91400,0.0,0
2017-01-26,20.960888543227107,21.147434708058142,20.943931124217418,21.062641143798828,32800,0.0,0
2017-01-27,21.071116869902088,21.172867834859527,21.054157836641703,21.096553802490234,32100,0.0,0
2017-01-30,21.155914306640625,21.28310384486176,21.045682187493643,21.155914306640625,39200,0.0,0
2017-01-31,21.1643938829356,21.232230033813135,21.121997905939992,21.21527099609375,36100,0.0,0
2017-02-01,21.155911866330708,21.2322259039212,21.10503476306869,21.18134880065918,23800,0.0,0
2017-02-02,21.198310623178813,21.367897755085345,21.189831104853212,21.257665634155273,21100,0.0,0
2017-02-03,21.266146028207288,21.495088180517975,21.257666509532505,21.333980560302734,20700,0.0,0
2017-02-06,21.410294933231086,21.495088503951976,21.350939918917316,21.40181541442871,27300,0.0,0
2017-02-07,21.401812792990174,21.529002324841056,21.401812792990174,21.51204490661621,25700,0.0,0
2017-02-08,21.486606456968342,21.74946503970178,21.486606456968342,21.63923454284668,35400,0.0,0
2017-02-09,21.579879760742188,21.749465266697097,21.5459616891696,21.579879760742188,38800,0.0,0
2017-02-10,21.53748464214432,21.740988243018577,21.53748464214432,21.622278213500977,16200,0.0,0
2017-02-13,21.613798141479492,21.647716216075242,21.613798141479492,21.613798141479492,12100,0.0,0
2017-02-14,21.613798694635022,21.664674190527872,21.512047702849323,21.622278213500977,23900,0.0,0
2017-02-15,21.571400017712158,21.698589550176553,21.56292049990751,21.63923454284668,21700,0.0,0
2017-02-16,21.622276552079715,21.664672525848978,21.588358479222123,21.596837997436523,16800,0.0,0
2017-02-17,21.571403752520446,21.639238289399636,21.54596519470215,21.54596519470215,18300,0.0,0
2017-02-21,21.545961360368544,21.60531636741211,21.486606353324976,21.51204490661621,20700,0.0,0
2017-02-22,21.51204873491402,21.656197327945165,21.486610177095724,21.54596519470215,25100,0.0,0
2017-02-23,21.520526885986328,21.57140400221183,21.478130906434696,21.520526885986328,34600,0.0,0
2017-02-24,21.53748319782985,21.588358690310965,21.50356674194336,21.50356674194336,21000,0.0,0
2017-02-27,21.53748319782985,21.56292175272178,21.49508722364605,21.50356674194336,25100,0.0,0
2017-02-28,21.50356706597143,21.571401596069336,21.486608029121264,21.571401596069336,11100,0.0,0
2017-03-01,21.452689632159498,21.512046260240666,21.452689632159498,21.50356674194336,14100,0.0,0
2017-03-02,21.48660278320312,21.52899874767487,21.4781232668483,21.486602783203125,17900,0.0,0
2017-03-03,21.469645989588646,21.656192134245153,21.469645989588646,21.554439544677734,29800,0.0,0
2017-03-06,21.54596002743857,21.588355996331845,21.51204357578446,21.554439544677734,16700,0.0,0
2017-03-07,21.545965759939197,21.596841259607523,21.495090260270867,21.588361740112305,22100,0.0,0
2017-03-08,21.486605488702477,21.51204404097006,21.452687419012364,21.469646453857422,61100,0.0,0
2017-03-09,21.410294363175375,21.452690338755595,21.291584337708528,21.359418869018555,36500,0.0,0
2017-03-10,21.393337014442466,21.45269203186035,21.34246151627041,21.45269203186035,31800,0.0,0
2017-03-13,21.410290319450688,21.461165803998746,21.367894351877727,21.41876983642578,17100,0.0,0
2017-03-14,21.36790282153191,21.495092391967773,21.36790282153191,21.495092391967773,14900,0.0,0
2017-03-15,21.418774367366243,21.647716522216797,21.418774367366243,21.647716522216797,18100,0.0,0
2017-03-16,21.58835696903006,21.749464569228042,21.58835696903006,21.724027633666992,22100,0.0,0
2017-03-17,21.67314910888672,21.75794266224445,21.65619169205718,21.67314910888672,25700,0.0,0
2017-03-20,21.783382307313282,21.783382307313282,21.656192779541012,21.656192779541016,19700,0.0,0
2017-03-21,21.69858944551066,21.69858944551066,21.51204490661621,21.51204490661621,31600,0.0,0
2017-03-22,21.529002653383312,21.647714286584684,21.495086199113395,21.579879760742188,38500,0.0,0
2017-03-23,21.579877655765475,21.67314910888672,21.56291862163343,21.67314910888672,31000,0.0,0
2017-03-24,21.67315427799955,21.774906889757634,21.6477173380372,21.664674758911133,44500,0.0,0
2017-03-27,21.70707130432129,21.740987761731418,21.664673710930106,21.70707130432129,35600,0.0,0
2017-03-28,21.66467426297693,21.73250879682853,21.66467426297693,21.715551376342773,28400,0.0,0
2017-03-29,21.715552744076412,21.783387282200504,21.715552744076412,21.740989685058594,12800,0.0,0
2017-03-30,21.817301903124864,21.927534029096844,21.749467370720115,21.834260940551758,20400,0.0,0
2017-03-31,21.834263786538404,22.03776741027832,21.800345707263567,22.03776741027832,25500,0.0,0
2017-04-03,22.020801877072063,22.326058031318485,21.919050903858295,22.08863639831543,65100,0.0,0
2017-04-04,22.198870979539105,22.198870979539105,22.029283848884084,22.097118377685547,36400,0.0,0
2017-04-05,22.063202302625257,22.139516351006503,21.885135650634766,21.885135650634766,34400,0.0,0
2017-04-06,21.868178063289765,22.003847122192383,21.842739508256994,22.003847122192383,41300,0.0,0
2017-04-07,21.978408567159608,22.054722614955175,21.978408567159608,22.003847122192383,13800,0.0,0
2017-04-10,22.063204995968995,22.25822909128276,22.02928691819114,22.207353591918945,54900,0.0,0
2017-04-11,22.04624246041624,22.054721978515804,21.85121839603444,21.9020938873291,42000,0.0,0
2017-04-12,21.876655886094852,21.936012514292383,21.825780393514005,21.910573959350586,27000,0.0,0
2017-04-13,21.91057508159557,21.96145057678223,21.876657006602578,21.961450576782227,18700,0.0,0
2017-04-17,22.03776357826666,22.03776357826666,21.927533074396816,22.003847122192383,22200,0.0,0
2017-04-18,21.969925724185646,22.046239760432883,21.92752975618274,21.952966690063477,20200,0.0,0
2017-04-19,21.961449699016008,21.969929217425342,21.885135650634766,21.885135650634766,34400,0.0,0
2017-04-20,21.876657557526894,22.037765183195155,21.876657557526894,21.96993064880371,19400,0.0,0
2017-04-21,21.96992904881535,22.03776357826666,21.919053556052557,22.003847122192383,30900,0.0,0
2017-04-24,21.98689047554583,22.08864147213206,21.919055938720703,21.919055938720703,43900,0.0,0
2017-04-25,21.919051793895292,21.978406800230562,21.80881968158468,21.85121726989746,45900,0.0,0
2017-04-26,21.8427401527868,21.85969918997574,21.791864658522787,21.800342559814453,21000,0.0,0
2017-04-27,21.80881881713867,21.87665333844771,21.79186139978833,21.808818817138672,29300,0.0,0
2017-04-28,21.808821260646916,21.87665578955629,21.74946625001406,21.783384323120117,13700,0.0,0
2017-05-01,21.757945214976882,21.83425926022207,21.749465696916005,21.774904251098633,20900,0.0,0
2017-05-02,21.757944661232077,21.78338321476729,21.66467158223896,21.76642417907715,30000,0.0,0
2017-05-03,21.681631268648616,21.9020938873291,21.673151750549053,21.9020938873291,35100,0.0,0
2017-05-04,21.75794728075048,21.76642679961643,21.54596416101027,21.622278213500977,29400,0.0,0
2017-05-05,21.62227916603959,21.825782775878906,21.613799646800086,21.825782775878906,20700,0.0,0
2017-05-08,21.825780410855373,21.98688802434261,21.817300892534703,21.944490432739258,18500,0.0,0
2017-05-09,21.885133255829054,22.003844883266815,21.885133255829054,21.936010360717773,11700,0.0,0
2017-05-10,21.80881957527398,21.876654098941135,21.71554811604577,21.724027633666992,13100,0.0,0
2017-05-11,21.690109827020645,21.757944351512943,21.630754820252715,21.732505798339844,14100,0.0,0
2017-05-12,21.7155492419752,21.817300224100315,21.7155492419752,21.774904251098633,6200,0.0,0
2017-05-15,21.74098429582963,21.868175438423822,21.732504778503177,21.808818817138672,13000,0.0,0
2017-05-16,21.75794872391536,21.783387282200504,21.6731551469345,21.740989685058594,6800,0.0,0
2017-05-17,21.647713855701447,21.774903386961675,21.630754820252715,21.732505798339844,9600,0.0,0
2017-05-18,21.732505778515065,21.774903367098222,21.656193353670652,21.698589324951172,16000,0.0,0
2017-05-19,21.664674190527872,21.76642679961643,21.622278213500973,21.622278213500977,13700,0.0,0
2017-05-22,21.630756070294115,21.681631562277772,21.48660749525481,21.596837997436523,21100,0.0,0
2017-05-23,21.664674758911133,21.70707235435321,21.613799261683543,21.664674758911133,6700,0.0,0
2017-05-24,21.613797033865318,21.724029153349765,21.537482987238466,21.596837997436523,9600,0.0,0
2017-05-25,21.605318928372526,21.698592017527087,21.605318928372526,21.647716522216797,14700,0.0,0
2017-05-26,21.61379876691395,21.76642687240576,21.61379876691395,21.715551376342773,8700,0.0,0
2017-05-30,21.656193578455973,21.72402810359049,21.622275507237386,21.63923454284668,15400,0.0,0
2017-05-31,21.647714060651325,21.783383110920365,21.63923454284668,21.63923454284668,20800,0.0,0
2017-06-01,21.707068927597533,21.800340388240137,21.647713920651515,21.79186248779297,9200,0.0,0
2017-06-02,21.800342955171175,22.020805590717135,21.74946745998452,21.961450576782227,13200,0.0,0
2017-06-05,21.85969935627459,22.02080535888672,21.85969935627459,22.02080535888672,8900,0.0,0
2017-06-06,22.003847122192383,22.02080454157814,21.944490493782578,22.003847122192383,5400,0.0,0
2017-06-07,22.020802077706186,22.020802077706186,21.91057158616986,21.995365142822266,13900,0.0,0
2017-06-08,21.90209556284732,21.986889133026974,21.808822473919424,21.961450576782227,11400,0.0,0
2017-06-09,21.876655333030417,21.936011959727352,21.859697914134003,21.9020938873291,5700,0.0,0
2017-06-12,21.834259359835315,21.936011959727352,21.825779841735752,21.9020938873291,16800,0.0,0
2017-06-13,21.910575633374055,21.96993064880371,21.885137076488686,21.96993064880371,7000,0.0,0
2017-06-14,21.969926590635772,21.995365142822266,21.944488038449276,21.995365142822266,7800,0.0,0
2017-06-15,21.919054369584618,22.02080535888672,21.919054369584618,22.02080535888672,8000,0.0,0
2017-06-16,22.02080196703599,22.02080196703599,21.774902433012652,21.868175506591797,24300,0.0,0
2017-06-19,21.817298512121948,21.995365142822266,21.817298512121948,21.995365142822266,9100,0.0,0
2017-06-20,21.92752975618274,21.995364275368892,21.910570722060573,21.952966690063477,10100,0.0,0
2017-06-21,21.952967778378092,21.986885848303906,21.927530843236323,21.936010360717773,14100,0.0,0
2017-06-22,21.92753545798671,22.003849514077846,21.851221401895575,21.919055938720703,20600,0.0,0
2017-06-23,21.952969233058056,22.05472183227539,21.952969233058056,22.05472183227539,11900,0.0,0
2017-06-26,22.08863639831543,22.08863639831543,21.97840590778342,22.08863639831543,9400,0.0,0
2017-06-27,21.978406439018872,22.080159031994636,21.978406439018872,22.063199996948242,14400,0.0,0
2017-06-28,22.00384547910817,22.054720968071955,21.969927408263885,22.0123233795166,19900,0.0,0
2017-06-29,21.9868919086691,22.03776741027832,21.944494309575553,22.03776741027832,6900,0.0,0
2017-06-30,21.952970672162166,22.173433303833008,21.952970672162166,22.173433303833008,16300,0.0,0
2017-07-03,22.131034871134318,22.16495132446289,22.06320034717455,22.16495132446289,6700,0.0,0
2017-07-05,22.071684293920907,22.30062484741211,22.063204774561537,22.30062484741211,14600,0.0,0
2017-07-06,22.283665137138588,22.55500325955626,22.198871569557372,22.512605667114258,40000,0.0,0
2017-07-07,22.410851101941848,22.5295611072217,22.292141096661997,22.4532470703125,27500,0.0,0
2017-07-10,22.309104366771482,22.48717103871236,22.207353369064933,22.30062484741211,21800,0.0,0
2017-07-11,22.30061978924622,22.46172738592637,22.30061978924622,22.436288833618164,22000,0.0,0
2017-07-12,21.969925724185646,22.359975422482915,21.92752975618274,21.952966690063477,64600,0.0,0
2017-07-13,21.961447657850737,22.003845245956846,21.690109563182105,21.724027633666992,64000,0.0,0
2017-07-14,21.732509279910204,21.757947837158586,21.63075828552246,21.63075828552246,20600,0.0,0
2017-07-17,21.740986424226236,21.78338401500912,21.69011093258949,21.749465942382812,21000,0.0,0
2017-07-18,21.817303742611067,21.817303742611067,21.64771820595232,21.740989685058594,29400,0.0,0
2017-07-19,21.766423849381592,21.84273789152864,21.68163028951791,21.698589324951172,35200,0.0,0
2017-07-20,21.749463145178424,21.749463145178424,21.63075314085911,21.67314910888672,17200,0.0,0
2017-07-21,21.67315427799955,21.78338640884605,21.588360704418296,21.664674758911133,42200,0.0,0
2017-07-24,21.681634666362882,21.77490776277212,21.681634666362882,21.740989685058594,14700,0.0,0
2017-07-25,21.74098505160682,21.766423604470486,21.639234074757393,21.724027633666992,22900,0.0,0
2017-07-26,21.75794266224445,21.75794266224445,21.61379410672706,21.67314910888672,13500,0.0,0
2017-07-27,21.70707153629594,21.724030573833648,21.622277965910236,21.647716522216797,11400,0.0,0
2017-07-28,21.63075717877737,21.6646736360703,21.59683910418162,21.613798141479492,9900,0.0,0
2017-07-31,21.6646736360703,21.673153154719238,21.54596360959081,21.613798141479492,46000,0.0,0
2017-08-01,21.58835663960637,21.66467067973025,21.58835663960637,21.656192779541016,21000,0.0,0
2017-08-02,21.622275507237386,21.67315099676261,21.622275507237386,21.63923454284668,19800,0.0,0
2017-08-03,21.63923454284668,21.68163051456726,21.63923454284668,21.63923454284668,35600,0.0,0
2017-08-04,21.647714286584684,21.681630740854597,21.579879760742188,21.579879760742188,13100,0.0,0
2017-08-07,21.63075502504203,21.664671478957967,21.605316471628093,21.63923454284668,12900,0.0,0
2017-08-08,21.622276552079715,21.673152044063375,21.579880578310455,21.596837997436523,25700,0.0,0
2017-08-09,21.596836069225947,21.596836069225947,21.461167024513852,21.56291961669922,33100,0.0,0
2017-08-10,21.579879760742188,21.664671705068308,21.410292637484606,21.579879760742188,45600,0.0,0
2017-08-11,21.512045010382284,21.740985521897134,21.393333378419882,21.63923454284668,23400,0.0,0
2017-08-14,21.630756607742153,21.732507594237624,21.55444255921917,21.571401596069336,18400,0.0,0
2017-08-15,21.630754920703346,21.630754920703346,21.51204490661621,21.51204490661621,21900,0.0,0
2017-08-16,21.520526885986328,21.53748592472816,21.512048983918362,21.520526885986328,9400,0.0,0
2017-08-17,21.529000902160604,21.529000902160604,21.41877041312147,21.461166381835938,5200,0.0,0
2017-08-18,21.435734926883065,21.60532046239254,21.39333733002848,21.520526885986328,72600,0.0,0
2017-08-21,21.520529335673068,21.53748837634535,21.495092391967773,21.495092391967773,14800,0.0,0
2017-08-22,21.512046489637964,21.579881019437064,21.41877340467567,21.444211959838867,30400,0.0,0
2017-08-23,21.444208964731672,21.512043485056342,21.444208964731672,21.461166381835938,50200,0.0,0
2017-08-24,21.469648134010477,21.562921215654992,21.469648134010477,21.529003143310547,17100,0.0,0
2017-08-25,21.503564855072966,21.554440343089915,21.503564855072966,21.5374813079834,11400,0.0,0
2017-08-28,21.537483522368998,21.571401596069336,21.537483522368998,21.571401596069336,9700,0.0,0
2017-08-29,21.571398579156064,21.630753582527664,21.529000992960245,21.554439544677734,23800,0.0,0
2017-08-30,21.545964711997414,21.63075828552246,21.495089214803542,21.63075828552246,14900,0.0,0
2017-08-31,21.63075780470256,21.72403089523708,21.57140278974527,21.715551376342773,17800,0.0,0
2017-09-01,21.66467237811976,21.749465942382812,21.656194477265903,21.749465942382812,13400,0.0,0
2017-09-05,21.75794513321525,21.75794513321525,21.673151570227827,21.681631088256836,8600,0.0,0
2017-09-06,21.68163028951791,21.698589324951172,21.61379576508749,21.698589324951172,7500,0.0,0
2017-09-07,21.639236697426306,21.757946723905796,21.57988168418656,21.613798141479492,10400,0.0,0
2017-09-08,21.579885978026063,21.579885978026063,21.495092391967773,21.495092391967773,13300,0.0,0
2017-09-11,21.495089945176527,21.56292448284091,21.495089945176527,21.520526885986328,20200,0.0,0
2017-09-12,21.520526636883854,21.571403752520446,21.520526636883854,21.54596519470215,25200,0.0,0
2017-09-13,21.54596058178456,21.613795104140607,21.53748106432723,21.56291961669922,15900,0.0,0
2017-09-14,21.554440099241887,21.579878651613875,21.5290015468699,21.56291961669922,12800,0.0,0
2017-09-15,21.478126939163698,21.63923454284668,21.478126939163698,21.63923454284668,8400,0.0,0
2017-09-18,21.64771732368805,21.656196842770843,21.60531972827408,21.63075828552246,11100,0.0,0
2017-09-19,21.63075525079839,21.639234768691537,21.5459616891696,21.579879760742188,10200,0.0,0
2017-09-20,21.579878096395227,21.588355996331845,21.53748051019941,21.554439544677734,11200,0.0,0
2017-09-21,21.554439544677734,21.60531503081017,21.554439544677734,21.554439544677734,8300,0.0,0
2017-09-22,21.62227708931707,21.62227708931707,21.537483522368998,21.571401596069336,11700,0.0,0
2017-09-25,21.54596058178456,21.613795104140607,21.512044129257827,21.56291961669922,14600,0.0,0
2017-09-26,21.59684069303581,21.59684069303581,21.54596519470215,21.54596519470215,14700,0.0,0
2017-09-27,21.588361173763044,21.588361173763044,21.52900615615662,21.54596519470215,14300,0.0,0
2017-09-28,21.512046260240666,21.54596271612716,21.47812818705143,21.50356674194336,33200,0.0,0
2017-09-29,21.495083769216116,21.605314254760742,21.48660425228153,21.605314254760742,19800,0.0,0
2017-10-02,21.512042803085286,21.613793771695327,21.512042803085286,21.605314254760742,18600,0.0,0
2017-10-03,21.579883837920065,21.61380029859796,21.571404318424847,21.588361740112305,15500,0.0,0
2017-10-04,21.5459616891696,21.622275732905248,21.5459616891696,21.579879760742188,9200,0.0,0
2017-10-05,21.57988278832859,21.76642735624138,21.57988278832859,21.63075828552246,45200,0.0,0
2017-10-06,21.656192936426418,21.656192936426418,21.452687749753412,21.5374813079834,34600,0.0,0
2017-10-09,21.537479281128387,21.537479281128387,21.40181024764903,21.410289764404297,14400,0.0,0
2017-10-10,21.410293657975693,21.53748319782985,21.410293657975693,21.50356674194336,30800,0.0,0
2017-10-11,21.47812550682781,21.554439544677734,21.47812550682781,21.554439544677734,25700,0.0,0
2017-10-12,21.580201758037106,21.71760208691445,21.571615773033766,21.69183921813965,21500,0.32,0
2017-10-13,21.683250706668158,21.743362426757812,21.683250706668158,21.743362426757812,17400,0.0,0
2017-10-16,21.726188383571472,21.743363629667712,21.64031542893351,21.66607666015625,13400,0.0,0
2017-10-17,21.683251166456294,21.726187642310357,21.657488298190923,21.674663543701172,17200,0.0,0
2017-10-18,21.648900675435797,21.683251166456294,21.61455182233686,21.674663543701172,11800,0.0,0
2017-10-19,21.640314262014137,21.76053770236172,21.640314262014137,21.657487869262695,12800,0.0,0
2017-10-20,21.64890691172299,21.794893264770508,21.623145673958273,21.794893264770508,27400,0.0,0
2017-10-23,21.700425494560466,21.812061309814453,21.700425494560466,21.812061309814453,28500,0.0,0
2017-10-24,21.79488578378756,21.87217274639742,21.70042521453665,21.751949310302734,26800,0.0,0
2017-10-25,21.7948909337707,21.7948909337707,21.597380488395785,21.717605590820312,28500,0.0,0
2017-10-26,21.726188897248417,21.872175216674805,21.717602911918917,21.872175216674805,13700,0.0,0
2017-10-27,21.915110113819836,21.949458963857314,21.75194857185793,21.760536193847656,12600,0.0,0
2017-10-30,21.726188313801053,21.897937498368666,21.726188313801053,21.837825775146484,31700,0.0,0
2017-10-31,21.751956663915575,21.966642379760742,21.751956663915575,21.966642379760742,21300,0.0,0
2017-11-01,21.846418535669052,21.915117898067425,21.82924328558896,21.86359214782715,7600,0.0,0
2017-11-02,21.812067192405717,21.820654817113827,21.648905598795523,21.76913070678711,22900,0.0,0
2017-11-03,21.726186901636392,21.794886243413778,21.683250427246094,21.683250427246094,6900,0.0,0
2017-11-06,21.812062663245534,21.812062663245534,21.69183921813965,21.69183921813965,14100,0.0,0
2017-11-07,21.760538285009535,21.760538285009535,21.63172721862793,21.63172721862793,14800,0.0,0
2017-11-08,21.657488170317308,21.66607579302173,21.53726472829853,21.57161521911621,27800,0.0,0
2017-11-09,21.61455098322738,21.61455098322738,21.494327545166016,21.494327545166016,19600,0.0,0
2017-11-10,21.554441918883292,21.588790774879225,21.485742568969727,21.485742568969727,23700,0.0,0
2017-11-13,21.50292104745372,21.563032782921656,21.50292104745372,21.511507034301758,16300,0.0,0
2017-11-14,21.588789601396993,21.614552470434848,21.477153778076172,21.477153778076172,26000,0.0,0
2017-11-15,21.48574299610794,21.554442347387255,21.48574299610794,21.502918243408203,15100,0.0,0
2017-11-16,21.55443997370737,21.66607579302173,21.520089482889688,21.57161521911621,17900,0.0,0
2017-11-17,21.58020059561926,21.700425672170816,21.5286764987666,21.683250427246094,20300,0.0,0
2017-11-20,21.700426841064584,21.89793725457328,21.64031511851164,21.69183921813965,31500,0.0,0
2017-11-21,21.829241067212386,21.889352798461914,21.691842356378654,21.889352798461914,24400,0.0,0
2017-11-22,21.81206682183933,21.99240366180199,21.81206682183933,21.94087791442871,19000,0.0,0
2017-11-24,21.88076618041513,21.94087791442871,21.8635909312907,21.94087791442871,6300,0.0,0
2017-11-27,21.91511329590832,22.018161498904828,21.83782632470011,21.958049774169922,12100,0.0,0
2017-11-28,21.958047614636737,21.958047614636737,21.700425494560466,21.812061309814453,19400,0.0,0
2017-11-29,21.75195677654796,21.794893264770508,21.691845037867576,21.794893264770508,8700,0.0,0
2017-11-30,21.751952230933945,21.90652617690829,21.751952230933945,21.803476333618164,35100,0.0,0
2017-12-01,21.8206515804868,21.8635880597367,21.614553531828236,21.803476333618164,47400,0.0,0
2017-12-04,21.84641526412569,21.923702239990234,21.812064769109558,21.923702239990234,32700,0.0,0
2017-12-05,21.863584493513457,21.966634319994874,21.863584493513457,21.949459075927734,11100,0.0,0
2017-12-06,21.855006528206946,21.983817630129643,21.855006528206946,21.966642379760742,9800,0.0,0
2017-12-07,21.949459992244662,22.018159333459767,21.760537213383497,21.812061309814453,38300,0.0,0
2017-12-08,21.837825775146484,21.91511274440975,21.829238152125942,21.837825775146484,6300,0.0,0
2017-12-11,21.8206505291054,21.85500102118757,21.769126428903764,21.837825775146484,11900,0.0,0
2017-12-12,21.78630330664712,21.855002658035133,21.743365188328525,21.7777156829834,12000,0.0,0
2017-12-13,21.889349351391136,21.889349351391136,21.60596435018298,21.63172721862793,32000,0.0,0
2017-12-14,21.648900580277726,21.99239893728661,21.640314595481904,21.932287216186523,35700,0.0,0
2017-12-15,21.906523979802255,22.000986190184015,21.709013574387235,21.743362426757812,52700,0.0,0
2017-12-18,21.872173207653525,21.872173207653525,21.666075182321368,21.683250427246094,50000,0.0,0
2017-12-19,21.72618807191779,21.75195094069259,21.64890110351498,21.69183921813965,20200,0.0,0
2017-12-20,21.69183835960288,21.854999912875698,21.657487869262695,21.657487869262695,23200,0.0,0
2017-12-21,21.683252762258924,21.79488859044838,21.683252762258924,21.700428009033203,14300,0.0,0
2017-12-22,21.726187212021536,21.80347417736542,21.63172663942909,21.657487869262695,28900,0.0,0
2017-12-26,21.666075920946046,21.700426411966546,21.623139445091986,21.674663543701172,13700,0.0,0
2017-12-27,21.657488298190923,21.743362887820606,21.657488298190923,21.674663543701172,13200,0.0,0
2017-12-28,21.66607751548464,21.760539734821503,21.66607751548464,21.700428009033203,19600,0.0,0
2017-12-29,21.734780207954675,21.76913070678711,21.648905598795523,21.76913070678711,48300,0.0,0
2018-01-02,21.76912476025645,21.77771238261873,21.511501003152407,21.537263870239258,38500,0.0,0
2018-01-03,21.605964626811907,21.837825532020336,21.56302815010883,21.69183921813965,83700,0.0,0
2018-01-04,21.751953753486948,21.794890235742237,21.640317916870117,21.640317916870117,28600,0.0,0
2018-01-05,21.69183921813965,21.8034750403206,21.666076349364847,21.69183921813965,19700,0.0,0
2018-01-08,21.794891942989498,21.803479567697607,21.691843722336067,21.76913070678711,24600,0.0,0
2018-01-09,21.73477682629643,21.786302566528324,21.70042797073018,21.78630256652832,11500,0.0,0
2018-01-10,21.743361060886325,21.992397186095584,21.726185816819186,21.949459075927734,47000,0.0,0
2018-01-11,21.966857209820226,22.045124053955078,21.923374708252066,22.045124053955078,27000,0.32,0
2018-01-12,22.01903120230875,22.027727701299007,21.87989053583978,21.93206787109375,15900,0.0,0
2018-01-16,21.984248506128157,21.984248506128157,21.74075149228697,21.775537490844727,72200,0.0,0
2018-01-17,21.77553567789048,21.871193848584742,21.749446181144283,21.827713012695312,41100,0.0,0
2018-01-18,21.775537377850736,21.827714716728916,21.75814437866211,21.75814437866211,37000,0.0,0
2018-01-19,21.766840765126833,21.79292860508649,21.740751266479492,21.740751266479492,31100,0.0,0
2018-01-22,21.75814518778211,21.862499869419107,21.66248534737506,21.6972713470459,44400,0.0,0
2018-01-23,21.70596446528202,21.879891132454603,21.70596446528202,21.801624298095703,20900,0.0,0
2018-01-24,21.810321399200397,21.810321399200397,21.653787726162896,21.671180725097656,42800,0.0,0
2018-01-25,21.679878435308492,21.792929617322592,21.49725525367,21.749448776245117,29500,0.0,0
2018-01-26,21.74944857515668,21.74944857515668,21.57552189507931,21.67987823486328,48900,0.0,0
2018-01-29,21.584217878882278,21.592914378546993,21.47116670061642,21.523344039916992,43600,0.0,0
2018-01-30,21.453772100860935,21.775535929701306,21.453772100860935,21.645090103149414,70800,0.0,0
2018-01-31,21.662484920582074,21.862499438685447,21.52334424201558,21.592914581298828,60500,0.0,0
2018-02-01,21.636393758436775,21.697269251982675,21.010260753010183,21.03635025024414,53500,0.0,0
2018-02-02,20.984171187311308,21.00156418541053,20.618926520665575,20.76676368713379,94700,0.0,0
2018-02-05,20.749372415421004,21.114617083258413,20.723282918187046,21.03635025024414,85500,0.0,0
2018-02-06,20.931999395788974,21.07983660141362,20.87982204635911,21.001569747924805,45200,0.0,0
2018-02-07,21.08853107591145,21.32333161381081,20.914604382944248,20.984174728393555,69900,0.0,0
2018-02-08,21.079833384789254,21.079833384789254,20.871122360229492,20.871122360229492,43100,0.0,0
2018-02-09,20.93199499323939,21.175492003844987,20.71458748120543,21.132009506225586,79900,0.0,0
2018-02-12,21.18418824189868,21.366809753583073,21.01895807035971,21.314632415771484,24000,0.0,0
2018-02-13,21.305935113365027,21.532039113610598,21.123313608563375,21.375505447387695,33100,0.0,0
2018-02-14,21.340717184216885,21.44507183671164,21.28853819928221,21.358108520507812,25100,0.0,0
2018-02-15,21.410292364431193,21.410292364431193,21.305936029565846,21.3320255279541,22700,0.0,0
2018-02-16,21.34941505490818,21.436378383461914,21.340720214871588,21.384201049804688,9900,0.0,0
2018-02-20,21.47986141085691,21.558128242631444,21.41898591827527,21.540735244750977,45200,0.0,0
2018-02-21,21.471162663482797,21.610303314580758,21.471162663482797,21.488554000854492,10900,0.0,0
2018-02-22,21.59291519080296,21.59291519080296,21.36681116707822,21.46247100830078,22400,0.0,0
2018-02-23,21.61030475624218,21.671178587822613,21.46246759725219,21.63639259338379,29300,0.0,0
2018-02-26,21.662485235117995,21.67987823486328,21.540737554276486,21.67987823486328,10500,0.0,0
2018-02-27,21.68857413041216,21.871195646585914,21.645091632260524,21.810321807861328,54000,0.0,0
2018-02-28,21.75814346064637,21.819017296550488,21.619002790383355,21.801624298095703,36900,0.0,0
2018-03-01,21.749448193991697,21.853802873259077,21.749448193991697,21.845108032226562,34700,0.0,0
2018-03-02,21.758145563320237,21.871196746826172,21.679878721397753,21.871196746826172,16200,0.0,0
2018-03-05,21.749446181144283,21.853800850753945,21.705963686567284,21.827713012695312,16900,0.0,0
2018-03-06,21.79292903390515,21.871195872699545,21.79292903390515,21.845108032226562,10300,0.0,0
2018-03-07,21.819020522842507,21.923375211626468,21.766843178450525,21.897287368774414,20700,0.0,0
2018-03-08,21.836407255778767,21.99294090270996,21.836407255778767,21.99294090270996,11800,0.0,0
2018-03-09,21.914678662480647,21.992945502314974,21.914678662480647,21.966856002807617,15000,0.0,0
2018-03-12,21.966856002807617,21.992945502314974,21.871196163301722,21.966856002807617,6000,0.0,0
2018-03-13,22.019029403478715,22.062511894877733,21.949459075927734,21.949459075927734,19900,0.0,0
2018-03-14,22.01033232321434,22.07990264892578,21.94945849555275,22.07990264892578,15900,0.0,0
2018-03-15,22.03642842461317,22.071212768554688,21.932072075412826,22.071212768554688,8200,0.0,0
2018-03-16,21.9842503216071,22.071212007807457,21.9842503216071,22.062517166137695,14900,0.0,0
2018-03-19,22.158169388970755,22.158169388970755,21.958154910641962,21.99294090270996,11800,0.0,0
2018-03-20,21.87989053583978,22.036424200289265,21.871194036849523,21.93206787109375,10500,0.0,0
2018-03-21,21.897286865999003,22.071211896208137,21.888590365685374,22.045124053955078,11700,0.0,0
2018-03-22,21.888584585193364,21.99294090270996,21.862495091142367,21.99294090270996,23600,0.0,0
2018-03-23,21.871198366151038,22.105998909302933,21.871198366151038,22.053821563720703,25000,0.0,0
2018-03-26,22.062514454072886,22.123388290405273,21.827713949344275,22.123388290405273,51000,0.0,0
2018-03-27,22.027728456918588,22.123388290405273,22.027728456918588,22.123388290405273,10600,0.0,0
2018-03-28,22.019033455823653,22.071210796417656,21.95815961534936,21.984249114990234,5800,0.0,0
2018-03-29,21.98424761916335,22.123388290405273,21.98424761916335,22.123388290405273,15800,0.0,0
2018-04-02,22.16686912816051,22.16686912816051,22.027728456918588,22.123388290405273,10000,0.0,0
2018-04-03,22.045122236912363,22.097299575805664,21.89728506114159,22.097299575805664,21000,0.0,0
2018-04-04,21.984251079356948,22.105998771184105,21.984251079356948,22.071212768554688,31300,0.0,0
2018-04-05,22.01902982979346,22.105993155587765,21.984245494688228,22.088600158691406,12600,0.0,0
2018-04-06,22.071210796417656,22.071210796417656,21.949463115469065,21.984249114990234,22400,0.0,0
2018-04-09,21.97554899624005,22.105993155587765,21.97554899624005,22.088600158691406,14100,0.0,0
2018-04-10,22.088603278785904,22.201656115893858,22.036425939414077,22.1668701171875,37300,0.0,0
2018-04-11,22.14947743184116,22.27992327015159,22.09730009172963,22.253833770751953,27200,0.0,0
2018-04-12,22.19219024974458,22.271448204040908,22.11293229544825,22.148157119750977,22100,0.32,0
2018-04-13,22.148155565486025,22.341897964477536,22.148155565486025,22.34189796447754,33800,0.0,0
2018-04-16,22.341898346372307,22.39473641986769,22.165769195131602,22.253833770751953,33700,0.0,0
2018-04-17,22.280252865717642,22.350704193115234,22.280252865717642,22.350704193115234,16600,0.0,0
2018-04-18,22.368314647939403,22.368314647939403,22.19218719131458,22.33308982849121,22000,0.0,0
2018-04-19,22.174574597069036,22.297863988319172,22.077703401262795,22.121736526489258,69600,0.0,0
2018-04-20,22.12173665814231,22.31547737121582,22.12173665814231,22.31547737121582,29000,0.0,0
2018-04-23,22.262640396283196,22.262640396283196,22.139349318537874,22.253833770751953,9100,0.0,0
2018-04-24,22.209801025749126,22.236220902798042,22.148156325660423,22.165769577026367,27400,0.0,0
2018-04-25,22.148158939746104,22.148158939746104,21.98083639140522,22.112934112548828,30400,0.0,0
2018-04-26,22.112930711052005,22.200993605345168,22.095317460316554,22.183382034301758,11600,0.0,0
2018-04-27,22.1481541189195,22.21860543767173,22.104122674583834,22.20979881286621,15200,0.0,0
2018-04-30,22.15696263179484,22.2186073309945,22.1129311837071,22.130542755126953,18300,0.0,0
2018-05-01,22.148156006238878,22.174575882906765,22.095317932595176,22.130542755126953,5600,0.0,0
2018-05-02,22.17457620270934,22.209801025749126,22.165769577026367,22.165769577026367,7600,0.0,0
2018-05-03,22.139350493752254,22.17457699774714,22.139350493752254,22.148157119750977,9900,0.0,0
2018-05-04,22.156962951343395,22.262640779846958,22.156962951343395,22.165769577026367,10100,0.0,0
2018-05-07,22.236220519689468,22.262640396283196,22.192189071725327,22.253833770751953,11400,0.0,0
2018-05-08,22.2362163130967,22.27144280855761,22.183378249597094,22.262636184692383,14000,0.0,0
2018-05-09,22.22741499446469,22.22741499446469,22.156963666419326,22.192190170288086,19000,0.0,0
2018-05-10,22.236217103238832,22.245023727416992,22.16576578950535,22.245023727416992,8100,0.0,0
2018-05-11,22.253834667751132,22.350704193115234,22.165770088581105,22.350704193115234,21300,0.0,0
2018-05-14,22.324281665328634,22.36831310652763,22.21860385488251,22.245023727416992,13700,0.0,0
2018-05-15,22.174576896061385,22.183383522019724,22.02486761415397,22.033674240112305,29600,0.0,0
2018-05-16,22.051284790039062,22.09531623474333,21.936800346300856,22.051284790039062,46100,0.0,0
2018-05-17,21.96322299129712,22.086512395773884,21.875158411088506,21.989641189575195,25200,0.0,0
2018-05-18,21.919187509831488,22.165767972023744,21.919187509831488,22.121736526489258,13700,0.0,0
2018-05-21,22.104127170439632,22.139351997134312,22.060094037455936,22.077707290649414,21900,0.0,0
2018-05-22,22.04248096715064,22.148157119750973,22.04248096715064,22.148157119750977,14300,0.0,0
2018-05-23,22.095319340720064,22.14815741773111,22.02486801147461,22.02486801147461,30300,0.0,0
2018-05-24,22.042476410394716,22.253830351595155,22.042476410394716,22.245023727416992,25900,0.0,0
2018-05-25,22.27144560403775,22.385928369271905,22.262638979067127,22.280250549316406,8000,0.0,0
2018-05-29,22.280252378733508,22.32428550720215,22.13054310132433,22.32428550720215,33500,0.0,0
2018-05-30,22.289059491603858,22.36831744488767,22.289059491603858,22.350704193115234,11300,0.0,0
2018-05-31,22.280251553962646,22.32428468080127,22.183382034301758,22.183382034301758,19300,0.0,0
2018-06-01,22.2362186570917,22.4123477935791,22.20979878271101,22.4123477935791,23400,0.0,0
2018-06-04,22.37712368638835,22.43876838684082,22.33309223740576,22.43876838684082,57700,0.0,0
2018-06-05,22.438766499324796,22.51802444458008,22.3418969837732,22.518024444580078,53700,0.0,0
2018-06-06,22.50921862959619,22.579669952392578,22.4211540561777,22.579669952392578,22600,0.0,0
2018-06-07,22.518024048378585,22.579668742560962,22.465185979035397,22.526830673217773,20100,0.0,0
2018-06-08,22.53563891709238,22.650121688842773,22.518025666148613,22.650121688842773,24500,0.0,0
2018-06-11,22.579669952392578,22.63250970425889,22.447573932110856,22.579669952392578,15900,0.0,0
2018-06-12,22.509218612609093,22.5180252379135,22.447573915170278,22.500411987304688,6000,0.0,0
2018-06-13,22.48279722726315,22.570860108431667,22.37711941829242,22.49160385131836,40100,0.0,0
2018-06-14,22.421152854839455,22.579668742560962,22.421152854839455,22.526830673217773,8000,0.0,0
2018-06-15,22.50041079870021,22.579668742560962,22.50041079870021,22.526830673217773,8900,0.0,0
2018-06-18,22.465186374307212,22.526831069574218,22.465186374307212,22.518024444580078,14900,0.0,0
2018-06-19,22.465186676279085,22.52683137237471,22.45638005116657,22.4739933013916,29100,0.0,0
2018-06-20,22.491608076481292,22.570864348483294,22.45638157364297,22.56205940246582,21400,0.0,0
2018-06-21,22.526830673217773,22.553250547735338,22.526830673217773,22.526830673217773,7500,0.0,0
2018-06-22,22.54444392289615,22.54444392289615,22.49160585355296,22.526830673217773,9100,0.0,0
2018-06-25,22.526832899627504,22.579670974192872,22.47399482506213,22.56205940246582,35700,0.0,0
2018-06-26,22.50921663237457,22.553249755022815,22.47399181394786,22.544443130493164,7500,0.0,0
2018-06-27,22.57966794891988,22.588474573449528,22.535636505963517,22.544443130493164,7000,0.0,0
2018-06-28,22.614899087090535,22.85267295910108,22.588479208080845,22.68535041809082,28800,0.0,0
2018-06-29,22.70296136482196,22.843864012511034,22.667734863053663,22.694154739379883,26900,0.0,0
2018-07-02,22.729377790535086,22.94953837035733,22.702959595959246,22.887893676757812,34600,0.0,0
2018-07-03,22.843861955775584,23.05521590828005,22.843861955775584,23.01118278503418,18000,0.0,0
2018-07-05,22.89670403722113,22.940735488492756,22.817446081178453,22.931930541992188,36900,0.0,0
2018-07-06,22.861477532450074,22.931930541992188,22.85267258594951,22.931930541992188,32700,0.0,0
2018-07-09,22.923121008133837,23.055217024885287,22.84386306214457,23.028797149658203,39700,0.0,0
2018-07-10,23.064024461006607,23.099249282856082,23.002379763000995,23.090442657470703,34400,0.0,0
2018-07-11,23.06402476528535,23.16970091191998,22.905508865641345,23.046411514282227,76700,0.0,0
2018-07-12,23.055328092926835,23.144481131412494,22.92159513422793,22.93942642211914,43500,0.32,0
2018-07-13,22.939425187604773,22.939425187604773,22.61847052526152,22.7432861328125,20700,0.0,0
2018-07-16,22.88593203809799,22.88593203809799,22.556060046061855,22.63629913330078,18400,0.0,0
2018-07-17,22.734368022154214,22.75219930715072,22.484735133657946,22.53822898864746,26900,0.0,0
2018-07-18,22.57389181952538,22.57389181952538,22.404497998310386,22.466907501220703,19900,0.0,0
2018-07-19,22.493653736073373,22.53823195443064,22.466908505544172,22.47582244873047,18300,0.0,0
2018-07-20,22.600637520311057,22.725453118374006,22.511482792915384,22.716537475585938,50400,0.0,0
2018-07-23,22.778946540669136,22.778946540669136,22.556060560034464,22.654130935668945,14500,0.0,0
2018-07-24,22.725452379655962,22.778944534160544,22.5114820611527,22.53822898864746,12800,0.0,0
2018-07-25,22.52040035806961,22.618470736624747,22.42232997951448,22.457992553710938,22800,0.0,0
2018-07-26,22.44016341554708,22.4847399370763,22.333177383197544,22.35992431640625,44400,0.0,0
2018-07-27,22.359925013577374,22.386671947620037,22.288601556615617,22.351009368896484,33100,0.0,0
2018-07-30,22.315342218477895,22.422326523607744,22.315342218477895,22.404495239257812,14200,0.0,0
2018-07-31,22.37775490804115,22.41341578405647,22.359923619790873,22.368839263916016,4000,0.0,0
2018-08-01,22.31534697494324,22.35992349483458,22.235107878750636,22.324262619018555,16900,0.0,0
2018-08-02,22.3153495134022,22.43124949859491,22.270771287954677,22.386672973632812,15900,0.0,0
2018-08-03,22.422333853505403,22.48474166864651,22.377757328543307,22.386672973632812,18800,0.0,0
2018-08-06,22.449076910161825,22.466908197260054,22.377753462254034,22.457992553710938,9700,0.0,0
2018-08-07,22.404499568527733,22.475823019224574,22.37775433731967,22.422330856323242,16700,0.0,0
2018-08-08,22.3866685917615,22.466907681375957,22.36883730507271,22.440160751342773,7400,0.0,0
2018-08-09,22.36884065825826,22.43124847053913,22.351009368896484,22.351009368896484,6000,0.0,0
2018-08-10,22.413415658801235,22.48473911091852,22.306431330867923,22.324262619018555,11400,0.0,0
2018-08-13,22.31534347179867,22.359919984692226,22.306427829122967,22.34208869934082,14300,0.0,0
2018-08-14,22.34209024668626,22.440160622426102,22.34209024668626,22.395584106445312,20700,0.0,0
2018-08-15,22.368835627367933,22.41341214026149,22.342088699340817,22.34208869934082,6400,0.0,0
2018-08-16,22.377753642592367,22.52040053955751,22.377753642592367,22.431245803833008,23100,0.0,0
2018-08-17,22.413412048263684,22.591721500075955,22.413412048263684,22.4847354888916,24900,0.0,0
2018-08-20,22.49365216448233,22.591722537531155,22.49365216448233,22.52039909362793,12900,0.0,0
2018-08-21,22.53823182679944,22.582808344419117,22.431245803833008,22.431245803833008,18600,0.0,0
2018-08-22,22.440161447453974,22.50256925231558,22.431245803833008,22.431245803833008,6300,0.0,0
2018-08-23,22.431244928129093,22.493652730554334,22.431244928129093,22.466907501220703,7700,0.0,0
2018-08-24,22.466907501220707,22.502568373827238,22.431244928129093,22.466907501220703,21900,0.0,0
2018-08-27,22.475821572822166,22.511484146118164,22.449076343335253,22.511484146118164,18100,0.0,0
2018-08-28,22.466906195561464,22.609553078667858,22.431243624542375,22.600637435913086,34400,0.0,0
2018-08-29,22.556058011948984,22.663044018781196,22.556058011948984,22.591720581054688,14400,0.0,0
2018-08-30,22.538228988647457,22.680875867649632,22.538228988647457,22.53822898864746,15300,0.0,0
2018-08-31,22.60064022128828,22.68087931548517,22.564977645874023,22.564977645874023,13000,0.0,0
2018-09-04,22.538231127646018,22.609554573916082,22.440160751342773,22.440160751342773,15400,0.0,0
2018-09-05,22.493654880697477,22.493654880697477,22.342092331540595,22.368839263916016,21600,0.0,0
2018-09-06,22.377753877752966,22.43124603955574,22.30643042852088,22.333175659179688,23800,0.0,0
2018-09-07,22.288597903637182,22.324260476515835,22.137035369873047,22.137035369873047,38700,0.0,0
2018-09-10,22.14595313848272,22.351007850759263,22.137037494407405,22.324262619018555,13400,0.0,0
2018-09-11,22.32426049917461,22.32426049917461,21.700179077045306,21.878488540649414,201300,0.0,0
2018-09-12,21.887401580810547,21.931979795115815,21.798248553170016,21.887401580810547,117300,0.0,0
2018-09-13,21.95872484414523,21.95872484414523,21.87848746002007,21.914148330688477,21400,0.0,0
2018-09-14,21.88740445975095,22.074629583489557,21.80716536393229,21.9943904876709,34100,0.0,0
2018-09-17,22.012218785201316,22.065710941651343,21.9587249282663,22.030048370361328,26200,0.0,0
2018-09-18,22.07462895643616,22.145952406195036,22.030050737533628,22.119205474853516,23500,0.0,0
2018-09-19,22.119204105884364,22.119204105884364,21.860657254191988,21.878488540649414,22900,0.0,0
2018-09-20,21.842824331313736,21.860655616435277,21.70909309387207,21.70909309387207,26300,0.0,0
2018-09-21,21.709094404696227,21.789333492103157,21.530784943684143,21.575363159179688,75400,0.0,0
2018-09-24,21.735840516485016,21.76258744686888,21.539701461791992,21.539701461791992,26300,0.0,0
2018-09-25,21.486210737522118,21.57536547760848,21.254409093491667,21.263324737548828,37500,0.0,0
2018-09-26,21.316813765616466,21.691262258508104,21.316813765616466,21.51295280456543,56300,0.0,0
2018-09-27,21.432718527363924,21.70018104655999,21.432718527363924,21.52187156677246,22400,0.0,0
2018-09-28,21.566448316025866,21.744756083166713,21.41488577868933,21.42380142211914,39500,0.0,0
2018-10-01,21.468376919989094,21.646686379153273,21.040436258577092,21.12959098815918,73100,0.0,0
2018-10-02,21.129591118233694,21.38813796507985,21.067181616802515,21.17416763305664,59100,0.0,0
2018-10-03,21.174168538113378,21.28115455894045,20.764059142660667,20.879959106445312,63600,0.0,0
2018-10-04,20.817553688821373,21.049355343443565,20.300458213275043,20.496597290039062,84000,0.0,0
2018-10-05,20.50551154119985,20.737313180071638,20.416356803097596,20.514427185058594,39800,0.0,0
2018-10-08,20.63032570406453,20.63032570406453,20.487678813322212,20.603580474853516,27200,0.0,0
2018-10-09,20.737311105002735,20.933450148812987,20.69273289016971,20.728395462036133,50200,0.0,0
2018-10-10,20.728395462036133,20.9958579490942,20.514425132292672,20.728395462036133,67100,0.0,0
2018-10-11,20.836874940656546,21.035752948219002,20.764556135420104,20.800716400146484,37900,0.32,0
2018-10-12,20.972472264707903,20.99055067117864,20.71031554239638,20.75551414489746,35000,0.0,0
2018-10-15,20.85495544899627,20.85495544899627,20.57472028917997,20.782636642456055,50900,0.0,0
2018-10-16,20.945354368356696,21.198471053115526,20.8368752965411,21.153270721435547,47800,0.0,0
2018-10-17,21.099030451736756,21.099030451736756,20.972472981038134,21.017671585083008,19900,0.0,0
2018-10-18,21.099032198586084,21.234629746163435,21.026713391597074,21.0628719329834,25700,0.0,0
2018-10-19,21.071908419210736,21.17134740850681,21.017669754238362,21.13518714904785,60600,0.0,0
2018-10-22,21.13519073997241,21.21654961336209,21.0628719329834,21.0628719329834,38400,0.0,0
2018-10-23,20.972472981038134,21.171349252738285,20.936312718429257,21.017671585083008,15700,0.0,0
2018-10-24,21.026713391597074,21.18039107197577,21.0176733251964,21.0628719329834,33000,0.0,0
2018-10-25,21.15326640321016,21.30694405111765,21.071907547011136,21.26174545288086,20200,0.0,0
2018-10-26,21.189431138376438,21.306948553152445,21.0176733251964,21.0628719329834,29000,0.0,0
2018-10-29,21.07191239005681,21.35214928102413,21.07191239005681,21.08999252319336,40600,0.0,0
2018-10-30,21.13518824001392,21.15326837067667,21.053831100463867,21.053831100463867,18500,0.0,0
2018-10-31,21.17135085410754,21.18943098677953,21.06287178229194,21.153270721435547,34800,0.0,0
2018-11-01,21.05383437047162,21.135191522657784,21.017674103529835,21.11711311340332,20400,0.0,0
2018-11-02,21.117111353205456,21.117111353205456,20.972473745927303,21.02671241760254,27700,0.0,0
2018-11-05,21.02671127728178,21.062869815032226,20.963432543056356,21.035751342773438,12500,0.0,0
2018-11-06,21.008631146298463,21.053831473756755,20.972472608548017,21.035751342773438,24700,0.0,0
2018-11-07,21.071910254780096,21.207507791130936,21.017671585083008,21.017671585083008,51200,0.0,0
2018-11-08,21.080952401985222,21.153271210127578,20.954394918790197,20.972475051879883,19700,0.0,0
2018-11-09,20.97247350007205,20.97247350007205,20.863994433776966,20.90919303894043,20800,0.0,0
2018-11-12,20.92727317069232,20.92727317069232,20.800715696861612,20.90919303894043,31500,0.0,0
2018-11-13,20.873033382307636,20.972472377403747,20.873033382307636,20.96343231201172,39000,0.0,0
2018-11-14,20.990553069334915,21.026713334839993,20.936314395293653,20.945354461669922,29300,0.0,0
2018-11-15,20.936311649534883,20.936311649534883,20.800714120106917,20.81879425048828,15600,0.0,0
2018-11-16,20.809756691169657,20.927274104367484,20.809756691169657,20.873035430908203,31000,0.0,0
2018-11-19,20.845915774507645,20.863995907536655,20.737438424766367,20.809757232666016,38000,0.0,0
2018-11-20,20.71935691099895,20.755515450430977,20.61991791018241,20.701276779174805,80100,0.0,0
2018-11-21,20.692234669284357,20.936311252151665,20.68319460426526,20.79167366027832,18700,0.0,0
2018-11-23,20.74647727424871,20.927273421283754,20.656078338623047,20.656078338623047,3200,0.0,0
2018-11-26,20.7374370428231,20.90015478080789,20.647038107918632,20.701276779174805,35900,0.0,0
2018-11-27,20.637996278793224,20.737435271114165,20.59279767731068,20.610876083374023,28800,0.0,0
2018-11-28,20.610877844270334,20.791675714079272,20.50240050175799,20.701276779174805,27600,0.0,0
2018-11-29,20.683196647350655,20.80975584590342,20.57471930483831,20.701276779174805,19700,0.0,0
2018-11-30,20.692236420131067,20.692236420131067,20.51144027709961,20.51144027709961,47000,0.0,0
2018-12-03,20.737435667807127,20.78263427015429,20.55663780998617,20.637996673583984,18000,0.0,0
2018-12-04,20.7735993584479,20.7735993584479,20.439125479982376,20.538562774658203,44600,0.0,0
2018-12-06,20.33968048563756,20.4752780106986,20.285441820456363,20.34872055053711,37500,0.0,0
2018-12-07,20.457195345494235,20.583754514186428,20.294479370117188,20.294479370117188,38700,0.0,0
2018-12-10,20.294481490372387,20.43007901279434,20.213122632076004,20.32159996032715,34600,0.0,0
2018-12-11,20.511438270296782,20.511438270296782,20.19504289567698,20.34872055053711,25500,0.0,0
2018-12-12,20.37584074523575,20.647035795357816,20.33968048563756,20.34872055053711,59600,0.0,0
2018-12-13,20.42104111497218,20.46623971917023,20.25832338111324,20.43912124633789,32900,0.0,0
2018-12-14,20.294483727926195,20.61087740705583,20.294483727926195,20.601839065551758,50000,0.0,0
2018-12-17,20.56567794553912,20.56567794553912,20.375841745973286,20.43008041381836,31000,0.0,0
2018-12-18,20.430080041151513,20.484318708007212,20.303520852866704,20.44816017150879,35500,0.0,0
2018-12-19,20.43008116113437,20.48431983096345,20.30352196591155,20.3939208984375,33700,0.0,0
2018-12-20,20.4119997503086,20.592797604027616,20.32160082344909,20.493358612060547,70800,0.0,0
2018-12-21,20.47528122963218,20.47528122963218,20.249284744262695,20.249284744262695,40900,0.0,0
2018-12-24,20.249282298854048,20.249282298854048,19.98712730407715,19.98712730407715,24900,0.0,0
2018-12-26,20.14984565323948,20.511439652507786,20.11368539120455,20.41200065612793,29900,0.0,0
2018-12-27,20.249280476078255,20.348719460430107,19.97808544048445,20.149843215942383,49300,0.0,0
2018-12-28,20.330643983388637,20.836875636960425,20.213126567533468,20.64703941345215,52800,0.0,0
2018-12-31,20.70127533525257,20.79167426385168,20.520479202270508,20.520479202270508,66900,0.0,0
2019-01-02,20.430080344041194,20.909191736099267,20.339681415130716,20.637996673583984,37300,0.0,0
2019-01-03,20.746474764121803,21.08998860887786,20.58375704452617,20.927270889282227,52800,0.0,0
2019-01-04,21.017670998853408,21.496784119760147,20.98151073725312,21.33406639099121,42000,0.0,0
2019-01-07,21.451583189948657,22.156692753394367,21.44254312480262,21.605260848999023,51200,0.0,0
2019-01-08,21.78606100444246,21.831259610730207,21.270789306210364,21.587182998657227,32000,0.0,0
2019-01-09,21.65950180324741,21.713742199852277,21.487745719980914,21.587182998657227,30100,0.0,0
2019-01-10,21.569104133430724,21.813179016113285,21.343107658350238,21.81317901611328,39500,0.0,0
2019-01-11,21.67575842240609,22.115502893559082,21.66659686083342,21.91395378112793,53600,0.32,0
2019-01-14,21.923116580409324,22.060536516979273,21.758211957569664,21.804018020629883,25100,0.0,0
2019-01-15,21.81317739014087,22.142986602668994,21.794856015191957,22.078857421875,23000,0.0,0
2019-01-16,21.996408364576858,21.996408364576858,21.84982685902097,21.877309799194336,39700,0.0,0
2019-01-17,21.950597197424102,22.023889686390675,21.529175870200984,21.959758758544922,40000,0.0,0
2019-01-18,21.785696030456005,22.142988204956055,21.67575903586178,22.142988204956055,42100,0.0,0
2019-01-22,22.133828659382704,22.17047491004878,21.92311796022098,22.051376342773438,16600,0.0,0
2019-01-23,22.060537859523638,22.188796241809143,21.923117914590687,22.023893356323242,25400,0.0,0
2019-01-24,22.10633991864012,22.353696823120117,22.023889364535876,22.353696823120117,21800,0.0,0
2019-01-25,22.35369878537789,22.75679876724264,22.35369878537789,22.591894149780273,49700,0.0,0
2019-01-28,22.555250840464424,22.756799968339884,22.408667591458517,22.45447540283203,28900,0.0,0
2019-01-29,22.67434463817961,22.67434463817961,22.472795537122533,22.50027847290039,27400,0.0,0
2019-01-30,22.53692596172167,22.63769964412087,22.335375102144877,22.601055145263672,39900,0.0,0
2019-01-31,22.546088757333628,22.784284128805144,22.546088757333628,22.701831817626953,56000,0.0,0
2019-02-01,22.765959384334476,22.765959384334476,22.390344103429786,22.42698860168457,24300,0.0,0
2019-02-04,22.436151656741004,22.665185465095718,22.436151656741004,22.582733154296875,19000,0.0,0
2019-02-05,22.472795912059762,22.747635758758406,22.445311228434246,22.674345016479492,36200,0.0,0
2019-02-06,22.674346049426216,22.747636795043945,22.4636353741989,22.747636795043945,21200,0.0,0
2019-02-07,22.518603146157794,22.656023076680274,22.509441584471066,22.53692626953125,30900,0.0,0
2019-02-08,22.61937826838687,22.61937826838687,22.298730603287677,22.601055145263672,24000,0.0,0
2019-02-11,22.57356825437445,22.692666795646073,22.51860063776625,22.66518211364746,27400,0.0,0
2019-02-12,22.665185153819458,22.72015277780068,22.536926782066846,22.646862030029297,19300,0.0,0
2019-02-13,22.610217635195802,22.830089879534505,22.610217635195802,22.765960693359375,11800,0.0,0
2019-02-14,22.747634199425477,22.83008649726085,22.61937584607667,22.637697219848633,18400,0.0,0
2019-02-15,22.61937605770547,22.81176358952867,22.61937605770547,22.66518211364746,25400,0.0,0
2019-02-19,22.747635758758406,22.756797319966914,22.656021894062484,22.674345016479492,14800,0.0,0
2019-02-20,22.75679933791546,22.75679933791546,22.58273315429688,22.582733154296875,39300,0.0,0
2019-02-21,22.582731553426793,22.646860735637762,22.454473189004847,22.51860237121582,34000,0.0,0
2019-02-22,22.509439166586866,22.656020643050812,22.491116045181613,22.57356834411621,13800,0.0,0
2019-02-25,22.55524666940227,22.747634199425477,22.51860042708032,22.637697219848633,27100,0.0,0
2019-02-26,22.637700002244486,22.67434624907062,22.5460878799576,22.564409255981445,14500,0.0,0
2019-02-27,22.564409982458894,22.582733106461887,22.463636295220994,22.55525016784668,27700,0.0,0
2019-02-28,22.536926422071833,22.646861668278223,22.18879406517672,22.326215744018555,145600,0.0,0
2019-03-01,22.35369837326196,22.426989118850784,22.26208450442863,22.390344619750977,86900,0.0,0
2019-03-04,22.39950556816532,22.62853936028403,22.390344006793875,22.51860237121582,29900,0.0,0
2019-03-05,22.50028043352504,22.738475799560547,22.472797495352378,22.738475799560547,41600,0.0,0
2019-03-06,22.710995017423635,22.793445587158203,22.67434876652879,22.793445587158203,50000,0.0,0
2019-03-07,22.738475853183086,22.78428366256097,22.6193790435791,22.6193790435791,25100,0.0,0
2019-03-08,22.546090383175663,22.802607149881915,22.53692882045195,22.793445587158203,21000,0.0,0
2019-03-11,22.793443113563487,22.83925092221088,22.601055559412124,22.80260467529297,60700,0.0,0
2019-03-12,22.747637467519425,22.875895839294778,22.70183140542516,22.857574462890625,27500,0.0,0
2019-03-13,22.866734016333496,22.97667101044957,22.8300895165543,22.949186325073242,30100,0.0,0
2019-03-14,22.903379440307617,23.01331643047233,22.885056317381967,22.903379440307617,37000,0.0,0
2019-03-15,22.903379488816782,22.903379488816782,22.784282684326172,22.784282684326172,72700,0.0,0
2019-03-18,22.81176634473941,22.96750940009751,22.81176634473941,22.921703338623047,30600,0.0,0
2019-03-19,22.985833252024445,22.985833252024445,22.701831817626953,22.701831817626953,27500,0.0,0
2019-03-20,22.6743461078305,22.98583221435547,22.555249301165876,22.98583221435547,47000,0.0,0
2019-03-21,22.866735411587836,22.985833974763032,22.839252471923828,22.839252471923828,35000,0.0,0
2019-03-22,22.857574565347818,22.949186689946995,22.747637569483835,22.765960693359375,50000,0.0,0
2019-03-25,22.775122047043258,22.784283608897255,22.326216000532842,22.381183624267578,90300,0.0,0
2019-03-26,22.381183523062365,22.491118770034728,22.335375713999507,22.472797393798828,85300,0.0,0
2019-03-27,22.51860345547244,22.601055764396335,22.445312708361115,22.472797393798828,130900,0.0,0
2019-03-28,22.52776548184219,22.646862293083082,22.509442357839198,22.55525016784668,216400,0.0,0
2019-03-29,22.591893892262398,22.637699953306818,22.49111846109761,22.53692626953125,136000,0.0,0
2019-04-01,22.536926786062985,22.857574462890625,22.536926786062985,22.857574462890625,58700,0.0,0
2019-04-02,22.830089569091797,22.857574254531375,22.78428350741508,22.830089569091797,34300,0.0,0
2019-04-03,22.857574053478412,23.03163848423028,22.857574053478412,23.013317108154297,45700,0.0,0
2019-04-04,22.958347061695385,23.01331643047233,22.894217878844792,22.903379440307617,33700,0.0,0
2019-04-05,22.89421850178863,23.15073698755996,22.89421850178863,23.132413864135742,32500,0.0,0
2019-04-08,23.123253387898156,23.196544137646278,22.976671888401917,23.08660888671875,30700,0.0,0
2019-04-09,23.086605688631213,23.13241174560748,23.040797884265878,23.10492706298828,18600,0.0,0
2019-04-10,23.123250184734417,23.14157330648055,23.03163632339281,23.10492706298828,46200,0.0,0
2019-04-11,23.095650203797128,23.10492950447517,23.0121382675404,23.030696868896484,29800,0.32,0
2019-04-12,23.05853482058995,23.114208854932457,23.02141761779785,23.02141761779785,16800,0.0,0
2019-04-15,23.058535891733655,23.15132713317871,23.030697988346418,23.15132713317871,33100,0.0,0
2019-04-16,23.17916140642325,23.281231940805483,23.012137539196175,23.142045974731445,141500,0.0,0
2019-04-17,23.216278806053584,23.216278806053584,23.104928970336914,23.104928970336914,35200,0.0,0
2019-04-18,23.10492930583845,23.179161940778947,23.030696670897953,23.067813873291016,53900,0.0,0
2019-04-22,23.067812014694372,23.10492744425138,23.039974115142506,23.05853271484375,36000,0.0,0
2019-04-23,23.132766921171708,23.14204622165506,23.03069638570039,23.09564971923828,46400,0.0,0
2019-04-24,23.03997782635706,23.12348976861905,23.03997782635706,23.07709503173828,26700,0.0,0
2019-04-25,23.123486043952628,23.142044643653872,22.919346756775372,23.05853271484375,130700,0.0,0
2019-04-26,23.05853339161457,23.05853339161457,22.956462860107422,22.956462860107422,38100,0.0,0
2019-04-29,23.049255470252564,23.049255470252564,22.97502283467388,23.030696868896484,37100,0.0,0
2019-04-30,23.049256590604575,23.169883965591143,22.975023951417672,23.15132713317871,124700,0.0,0
2019-05-01,23.16060333958242,23.16988264018068,23.05853457269275,23.067813873291016,45100,0.0,0
2019-05-02,23.067815730392976,23.086372563237823,23.049257127702365,23.07709503173828,36000,0.0,0
2019-05-03,23.1513240414797,23.160601571524104,23.0214156128667,23.039974212646484,16600,0.0,0
2019-05-06,22.993581337110655,23.05853467173187,22.993581337110655,23.04925537109375,27500,0.0,0
2019-05-07,23.06781339064958,23.16988215540369,23.021416888628995,23.132766723632812,34300,0.0,0
2019-05-08,23.086370221612228,23.16988215540369,23.012137588224878,23.132766723632812,24600,0.0,0
2019-05-09,23.151323035813693,23.17915916442871,23.058531810791,23.17915916442871,35500,0.0,0
2019-05-10,23.179160924498987,23.206998825073242,23.142045493578863,23.206998825073242,14300,0.0,0
2019-05-13,23.123486844299453,23.234836676515467,23.10492824395586,23.216278076171875,27600,0.0,0
2019-05-14,23.24411382427826,23.271951724335477,23.206998394047478,23.262672424316406,27900,0.0,0
2019-05-15,23.24411524657065,23.327627182006832,23.2069998140688,23.327627182006836,32300,0.0,0
2019-05-16,23.336906284876616,23.364744186401367,23.30907015319747,23.364744186401367,21100,0.0,0
2019-05-17,23.374023486909618,23.374023486909618,23.25339435014797,23.364744186401367,21000,0.0,0
2019-05-20,23.30907015319747,23.429697520113514,23.29979085268922,23.364744186401367,17600,0.0,0
2019-05-21,23.38330278741787,23.38330278741787,23.318347683860114,23.364744186401367,20200,0.0,0
2019-05-22,23.37402119864339,23.411136627197266,23.299788571690208,23.411136627197266,11400,0.0,0
2019-05-23,23.355462357992977,23.513206909868394,23.290509031311114,23.45753288269043,15100,0.0,0
2019-05-24,23.364745407407128,23.4760934796338,23.33690750442761,23.466815948486328,14300,0.0,0
2019-05-28,23.42041925656741,23.578163832500753,23.35546591997939,23.476093292236328,32800,0.0,0
2019-05-29,23.401858558074924,23.513208389282223,23.401858558074924,23.513208389282227,21000,0.0,0
2019-05-30,23.513210495912734,23.52248979683183,23.41113995564831,23.476093292236328,23000,0.0,0
2019-05-31,23.503929551018732,23.503929551018732,23.16988182067871,23.16988182067871,165900,0.0,0
2019-06-03,23.234836676515467,23.309069308044297,23.216278076171875,23.216278076171875,44800,0.0,0
2019-06-04,23.253394931641417,23.309070736083193,23.253394931641417,23.281232833862305,45600,0.0,0
2019-06-05,23.281232448918118,23.34618578318057,23.262673847744384,23.327627182006836,23900,0.0,0
2019-06-06,23.271951002951063,23.392578359768777,23.271951002951063,23.374021530151367,31100,0.0,0
2019-06-07,23.411138633138446,23.46681443550789,23.374023201404402,23.392580032348633,19100,0.0,0
2019-06-10,23.401857085667046,23.541044808380082,23.401857085667046,23.45753288269043,15800,0.0,0
2019-06-11,23.541048398670032,23.596722434338954,23.43897785840561,23.476093292236328,30500,0.0,0
2019-06-12,23.54104781324435,23.568883945463732,23.47609270842597,23.55960464477539,20400,0.0,0
2019-06-13,23.568880985700645,23.587439584746747,23.448253631591797,23.448253631591797,29800,0.0,0
2019-06-14,23.401860605085897,23.522489746932624,23.383303773132745,23.48537254333496,41800,0.0,0
2019-06-17,23.457535471263817,23.485371603001852,23.355464935302734,23.355464935302734,88800,0.0,0
2019-06-18,23.38330278741787,23.50393015433391,23.355464885893117,23.364744186401367,13800,0.0,0
2019-06-19,23.43897452599675,23.48536925415045,23.336904000244083,23.411136627197266,17600,0.0,0
2019-06-20,23.48537058695853,23.52248778746426,23.466813756551197,23.49464988708496,22500,0.0,0
2019-06-21,23.429697827055705,23.633837131374733,23.429697827055705,23.58744239807129,36000,0.0,0
2019-06-24,23.578161720050847,23.605999620314055,23.48537048901902,23.513208389282227,36500,0.0,0
2019-06-25,23.522488418481366,23.587441751263306,23.383302452542125,23.401859283447266,58700,0.0,0
2019-06-26,23.466816198453238,23.466816198453238,23.346187054102764,23.420419692993164,30100,0.0,0
2019-06-27,23.45753532250532,23.513209355473933,23.36474408766056,23.383302688598633,24300,0.0,0
2019-06-28,23.36474482051892,23.45753605827416,23.271953582763672,23.271953582763672,114000,0.0,0
2019-07-01,23.32762369722105,23.411135620181845,23.271949671862306,23.290508270263672,31700,0.0,0
2019-07-02,23.336905081613452,23.550323672762417,23.309068951369554,23.541046142578125,44600,0.0,0
2019-07-03,23.466815226997127,23.550325393676754,23.466815226997127,23.550325393676758,11700,0.0,0
2019-07-05,23.438975758425865,23.531766989457697,23.438975758425865,23.513208389282227,20400,0.0,0
2019-07-08,23.51320991117933,23.615280448905434,23.50393061049099,23.55960464477539,18200,0.0,0
2019-07-09,23.541049131068828,23.65239720587088,23.50393192623765,23.643117904663086,39200,0.0,0
2019-07-10,23.65239377113749,23.66167307099777,23.59671974182129,23.59671974182129,31400,0.0,0
2019-07-11,23.68129889895616,23.72828488473803,23.596722690628425,23.718887329101562,30400,0.32,0
2019-07-12,23.718883561834286,23.718883561834286,23.64370492108363,23.70948600769043,24900,0.0,0
2019-07-15,23.718885518163123,23.718885518163123,23.643706871211744,23.700090408325195,39700,0.0,0
2019-07-16,23.681297350554235,23.784666870995625,23.671899795532227,23.671899795532227,28000,0.0,0
2019-07-17,23.728284234217593,23.82225799560547,23.690694012702277,23.82225799560547,28000,0.0,0
2019-07-18,23.822255734443626,23.90683193242487,23.76587219992288,23.86924171447754,31300,0.0,0
2019-07-19,23.869242165078486,23.906832383735434,23.8034610748291,23.8034610748291,42500,0.0,0
2019-07-22,23.859844255574284,23.916229582721158,23.812858275352145,23.850446701049805,44400,0.0,0
2019-07-23,23.897434377938033,23.953817912458778,23.831653288930458,23.86924171447754,43500,0.0,0
2019-07-24,23.88803827857857,24.028998019667043,23.87864072351929,23.93502426147461,30300,0.0,0
2019-07-25,23.897434636816108,24.01020170707919,23.841051101684567,23.84105110168457,27300,0.0,0
2019-07-26,23.85984582454087,23.953819583564893,23.85984582454087,23.916231155395508,14700,0.0,0
2019-07-29,23.91623210084664,24.12297294495203,23.859846767762992,24.057191848754883,23800,0.0,0
2019-07-30,24.094780278410205,24.13237050046597,23.944422974988022,24.057191848754883,28400,0.0,0
2019-07-31,24.010203725980805,24.010203725980805,23.82225799560547,23.82225799560547,174700,0.0,0
2019-08-01,23.878639221191406,23.9820105279395,23.859844112255345,23.878639221191406,23100,0.0,0
2019-08-02,23.916229439063528,23.95381786453541,23.869241666723376,23.878639221191406,36200,0.0,0
2019-08-05,23.85984698049888,23.86924453609661,23.728284786931564,23.737682342529297,42400,0.0,0
2019-08-06,23.75647559305186,23.82225668468336,23.68129694655867,23.728282928466797,25400,0.0,0
2019-08-07,23.681297544170963,23.69069330686944,23.568528675385227,23.634309768676758,33000,0.0,0
2019-08-08,23.60611844393622,23.737680628001048,23.60611844393622,23.700090408325195,24000,0.0,0
2019-08-09,23.728282429915478,23.822256184157578,23.728282429915478,23.8034610748291,18300,0.0,0
2019-08-12,23.822255992507298,23.850446863872936,23.76587245737576,23.84105110168457,19000,0.0,0
2019-08-13,23.83165474062325,23.953819371593166,23.83165474062325,23.93502426147461,16000,0.0,0
2019-08-14,23.89743759111255,23.97261624471524,23.869244923861356,23.963218688964844,36500,0.0,0
2019-08-15,23.97261414369137,24.00080680847168,23.878640386823992,24.00080680847168,20800,0.0,0
2019-08-16,24.000805636875562,24.06658672575153,23.878639221191406,23.878639221191406,17800,0.0,0
2019-08-19,23.878640771769756,23.991409640308618,23.878640771769756,23.925626754760742,18300,0.0,0
2019-08-20,23.935024521765698,24.038395836141564,23.897436093520167,23.90683364868164,32300,0.0,0
2019-08-21,23.90683360025307,23.982012248992213,23.90683360025307,23.916231155395508,17600,0.0,0
2019-08-22,23.94442321831991,24.03839698201388,23.935025662710466,24.010204315185547,24900,0.0,0
2019-08-23,24.038395235778435,24.038395235778435,23.9632165887646,24.00080680847168,14500,0.0,0
2019-08-26,23.97261624471524,23.991411356216037,23.925628465963253,23.963218688964844,12700,0.0,0
2019-08-27,23.953821133214447,23.991411356216037,23.89743759111255,23.963218688964844,14300,0.0,0
2019-08-28,23.953819033837828,24.09477877293873,23.935023923984286,24.00080680847168,27700,0.0,0
2019-08-29,24.010202958064795,24.104176716447114,23.91623099208283,23.925626754760742,28700,0.0,0
2019-08-30,23.944420858245483,23.99140863166136,23.794063568115234,23.794063568115234,107400,0.0,0
2019-09-03,23.850449861185474,23.96321873802061,23.84105409781633,23.953821182250977,21800,0.0,0
2019-09-04,23.95381998066724,24.14176750183105,23.95381998066724,24.141767501831055,47400,0.0,0
2019-09-05,24.104175663534754,24.104175663534754,23.98201103765435,24.08538055419922,16800,0.0,0
2019-09-06,24.028998227039512,24.19815063476562,24.028998227039512,24.198150634765625,15900,0.0,0
2019-09-09,24.12297193778563,24.24513656956545,24.113574382664048,24.207548141479492,20700,0.0,0
2019-09-10,24.198149774887376,24.216944884500254,24.010202263559197,24.038394927978516,48600,0.0,0
2019-09-11,24.0383959749065,24.160560607910156,24.000807546443983,24.160560607910156,11100,0.0,0
2019-09-12,24.160560317576582,24.21694564819336,24.085381669154575,24.21694564819336,25900,0.0,0
2019-09-13,24.160561620135717,24.160561620135717,23.775270802150853,24.010204315185547,30100,0.0,0
2019-09-16,23.96321962536103,24.169960482747005,23.96321962536103,24.10417938232422,18000,0.0,0
2019-09-17,24.057190892460653,24.207548189906003,24.057190892460653,24.198150634765625,17900,0.0,0
2019-09-18,24.169958326703174,24.235741213658454,24.15116500854492,24.151165008544922,28400,0.0,0
2019-09-19,24.198152182029077,24.282728391300054,24.169959514805257,24.24513816833496,39900,0.0,0
2019-09-20,24.26393122618204,24.29212389101971,24.198150133961153,24.27332878112793,33900,0.0,0
2019-09-23,24.320314763457045,24.357904983240598,24.273328781127933,24.27332878112793,30500,0.0,0
2019-09-24,24.301521445965598,24.357904983240598,24.26393122618204,24.27332878112793,20100,0.0,0
2019-09-25,24.263931322683458,24.310919097599783,24.245136212716933,24.254533767700195,17500,0.0,0
2019-09-26,24.25453458060902,24.28272724650371,24.038396185950916,24.141767501831055,84000,0.0,0
2019-09-27,24.141767144656157,24.188753128051758,24.066588495782973,24.188753128051758,42300,0.0,0
2019-09-30,24.07598545664388,24.29212384276902,24.057190346789437,24.282726287841797,89300,0.0,0
2019-10-01,24.22634279879882,24.301521445965598,24.198150133961153,24.27332878112793,38400,0.0,0
2019-10-02,24.216945745046385,24.263931728347917,24.13236954118333,24.198150634765625,25400,0.0,0
2019-10-03,24.16995796934448,24.292124393769058,24.16995796934448,24.198150634765625,9300,0.0,0
2019-10-04,24.198149779641525,24.32031440734863,24.198149779641525,24.320314407348633,10400,0.0,0
2019-10-07,24.329713723861353,24.34850883483887,24.245137516862957,24.348508834838867,9400,0.0,0
2019-10-08,24.33911137693757,24.34850893246401,24.292125391705824,24.329713821411133,18800,0.0,0
2019-10-09,24.357906487990448,24.386099154569763,24.320316265884696,24.329713821411133,21800,0.0,0
2019-10-10,24.310681180940307,24.42486130740453,24.310681180940307,24.415346145629883,18800,0.32,0
2019-10-11,24.41534693378718,24.52001190185547,24.34874261404612,24.52001190185547,35600,0.0,0
2019-10-14,24.453409283718337,24.567587606981995,24.44389412097441,24.54855728149414,25400,0.0,0
2019-10-15,24.567586191721706,24.6341905122606,24.5104970333786,24.58661651611328,28000,0.0,0
2019-10-16,24.615163420701627,24.64370709410168,24.510498445350166,24.54855728149414,46700,0.0,0
2019-10-17,24.567584799291996,24.61516060757446,24.434376165764146,24.472434997558594,56700,0.0,0
2019-10-18,24.520012115566566,24.586616435888132,24.44389263308026,24.462921142578125,15100,0.0,0
2019-10-21,24.510495644184562,24.586615122604982,24.462919835902103,24.472434997558594,11300,0.0,0
2019-10-22,24.52952766418457,24.539042826499216,24.481951852611328,24.52952766418457,16500,0.0,0
2019-10-23,24.539045021627885,24.624677860456675,24.529529858462062,24.596134185791016,22200,0.0,0
2019-10-24,24.596133095213773,24.63419193135775,24.510498445350166,24.54855728149414,28900,0.0,0
2019-10-25,24.52001362799237,24.548557301415585,24.38680316430103,24.424863815307617,50800,0.0,0
2019-10-28,24.462920139671578,24.49146562499552,24.36777215158819,24.415346145629883,20400,0.0,0
2019-10-29,24.377287320609096,24.41534615288746,24.29165267944336,24.29165267944336,17600,0.0,0
2019-10-30,24.291654877412494,24.42486352468712,24.225048738943478,24.358259201049805,20000,0.0,0
2019-10-31,24.38680342421593,24.443894401334294,24.120386123657227,24.120386123657227,159500,0.0,0
2019-11-01,24.215534717643408,24.291654201802082,24.148928581026873,24.225048065185547,19700,0.0,0
2019-11-04,24.215536336335372,24.215536336335372,24.12038652106881,24.158445358276367,16400,0.0,0
2019-11-05,24.158443866328557,24.177474191172973,23.99668973481435,24.07280921936035,57500,0.0,0
2019-11-06,24.082321363559746,24.15844083856574,24.05377769470215,24.05377769470215,11700,0.0,0
2019-11-07,24.06329588748322,24.10135472236524,23.939600590745407,23.949115753173828,39900,0.0,0
2019-11-08,23.99668822111974,24.158442342430607,23.99668822111974,24.139413833618164,16600,0.0,0
2019-11-11,24.120386123657227,24.234564448230458,24.091840635098045,24.120386123657227,8300,0.0,0
2019-11-12,24.15844334391706,24.186988830566406,24.082323861017098,24.186988830566406,27200,0.0,0
2019-11-13,24.186991025445245,24.29165600449251,24.186991025445245,24.25359535217285,20200,0.0,0
2019-11-14,24.29165308115476,24.3297119140625,24.177472952768397,24.3297119140625,36800,0.0,0
2019-11-15,24.19650618852516,24.32019967890046,24.19650618852516,24.25359535217285,8100,0.0,0
2019-11-18,24.263107002632037,24.263107002632037,24.19650268554688,24.196502685546875,23200,0.0,0
2019-11-19,24.1203833120202,24.291652593747475,24.1203833120202,24.167957305908203,20600,0.0,0
2019-11-20,24.177473668349958,24.234562826817022,24.16795850613351,24.186988830566406,18500,0.0,0
2019-11-21,24.22504879191459,24.22504879191459,24.082324981689453,24.082324981689453,13300,0.0,0
2019-11-22,24.167957504252605,24.1869878278966,24.129898671796163,24.139413833618164,23600,0.0,0
2019-11-25,24.167958012642945,24.167958012642945,24.10135369331944,24.148927688598633,23200,0.0,0
2019-11-26,24.158441741213153,24.244076380648448,24.101352586533462,24.129898071289062,27900,0.0,0
2019-11-27,24.139414351896008,24.244077504522025,24.02523422241211,24.02523422241211,39000,0.0,0
2019-11-29,24.025233020854735,24.196502299099215,23.94911354328291,24.006202697753906,90600,0.0,0
2019-12-02,24.158443866328557,24.158443866328557,23.9776612248016,24.07280921936035,52600,0.0,0
2019-12-03,24.04426554692539,24.167959028750765,24.025235222080976,24.07280921936035,26700,0.0,0
2019-12-04,24.14892718060861,24.225046660353044,24.10135318633017,24.139413833618164,19600,0.0,0
2019-12-05,24.13941364235622,24.13941364235622,24.034748677975074,24.04426383972168,19800,0.0,0
2019-12-06,24.025235712611487,24.14892919696235,24.025235712611487,24.110870361328125,14800,0.0,0
2019-12-09,24.091838836669925,24.196503805408724,24.091838836669925,24.091838836669922,25600,0.0,0
2019-12-10,24.091837826788474,24.18698762939602,24.091837826788474,24.167957305908203,20100,0.0,0
2019-12-11,24.20601904803068,24.215534210205078,24.148928074984276,24.215534210205078,12700,0.0,0
2019-12-12,24.148927876365317,24.244077682495117,24.129899367004636,24.244077682495117,33800,0.0,0
2019-12-13,24.24407857434436,24.33922838397437,24.16795908960669,24.32019805908203,33000,0.0,0
2019-12-16,24.310682789104384,24.45340841033392,24.272623954319723,24.348743438720703,16200,0.0,0
2019-12-17,24.27262235588841,24.34874183527667,24.263107194110933,24.29165267944336,16400,0.0,0
2019-12-18,24.30116884254504,24.396316834577263,24.291653680375493,24.3392276763916,18600,0.0,0
2019-12-19,24.301169441531965,24.424862923121683,24.301169441531965,24.348743438720703,17400,0.0,0
2019-12-20,24.348744637633708,24.405833800037552,24.31068398614331,24.367774963378906,26700,0.0,0
2019-12-23,24.42486339840358,24.510498046874996,24.38680274804664,24.510498046875,29400,0.0,0
2019-12-24,24.462922415704114,24.615163203431425,24.462922415704114,24.605648040771484,9000,0.0,0
2019-12-26,24.56758659146042,24.62467575073242,24.520012594539025,24.624675750732422,8200,0.0,0
2019-12-27,24.624676350479167,24.700795836306316,24.624676350479167,24.634191513061523,31800,0.0,0
2019-12-30,24.624673334988994,24.67224914207473,24.61515998840332,24.61515998840332,23000,0.0,0
2019-12-31,24.643706584870674,24.681767235059905,24.51049793887175,24.539043426513672,39000,0.0,0
2020-01-02,24.548557950146776,24.70079692853282,24.548557950146776,24.6817684173584,67600,0.0,0
2020-01-03,24.615162403213464,24.738855884108077,24.596132078512245,24.624675750732422,33300,0.0,0
2020-01-06,24.672251148367828,24.738855468872504,24.66273598617693,24.710309982299805,19000,0.0,0
2020-01-07,24.66273587957193,24.738855361938477,24.66273587957193,24.738855361938477,25500,0.0,0
2020-01-08,24.786429544727422,24.862549027667853,24.729340386230007,24.83400535583496,34500,0.0,0
2020-01-09,24.843518412777485,24.862546920776364,24.767398936287535,24.862546920776367,25300,0.0,0
2020-01-10,24.84352070392881,24.976729346363292,24.834005541636113,24.929155349731445,56900,0.0,0
2020-01-13,24.909890164332527,25.025480270385742,24.82319666615681,25.025480270385742,32000,0.32,0
2020-01-14,25.025482665369225,25.025482665369225,24.832831857752968,24.967687606811523,42700,0.0,0
2020-01-15,24.98695131502793,25.01584792344616,24.823197130661946,24.890625,20600,0.0,0
2020-01-16,24.87135906180819,24.948419745422736,24.707604879468324,24.765399932861328,36200,0.0,0
2020-01-17,24.66907761581148,24.736505490217848,24.524587213772943,24.58238410949707,53300,0.0,0
2020-01-21,24.601648330688477,24.68833999476,24.582382699885173,24.601648330688477,29500,0.0,0
2020-01-22,24.601648053867454,24.630544662475586,24.553483977401136,24.630544662475586,9900,0.0,0
2020-01-23,24.553483258597137,24.620911126404373,24.553483258597137,24.5631160736084,15900,0.0,0
2020-01-24,24.59201692545109,24.61128072008735,24.49569060318266,24.58238410949707,25100,0.0,0
2020-01-27,24.534217423160474,24.592014312744137,24.514953630570837,24.59201431274414,10200,0.0,0
2020-01-28,24.62091256402469,24.697973251342777,24.563117507854052,24.697973251342773,29600,0.0,0
2020-01-29,24.64981061069014,24.87135985347502,24.64981061069014,24.83283042907715,18000,0.0,0
2020-01-30,24.832831857752968,24.986953238754687,24.784667777895066,24.967687606811523,17300,0.0,0
2020-01-31,25.01584985834933,25.150707444727928,24.977320431721004,25.044748306274414,47700,0.0,0
2020-02-03,25.044746909821217,25.14107322692871,25.044746909821217,25.14107322692871,20100,0.0,0
2020-02-04,25.160339355468746,25.160339355468746,25.08327866771285,25.16033935546875,25100,0.0,0
2020-02-05,25.16033906537992,25.179602859143,25.05437993196033,25.11217498779297,17400,0.0,0
2020-02-06,25.11217498779297,25.198868490177777,25.05437993196033,25.11217498779297,20100,0.0,0
2020-02-07,25.0832783785125,25.266296361527804,25.05437993196033,25.11217498779297,8900,0.0,0
2020-02-10,25.14107296401304,25.25666307351589,24.99658440849865,25.24703025817871,7700,0.0,0
2020-02-11,25.121806410867677,25.21813272343073,25.121806410867677,25.208499908447266,12500,0.0,0
2020-02-12,25.150704821954843,25.218132689476718,25.05437850952148,25.054378509521484,10400,0.0,0
2020-02-13,25.064013036455947,25.198868780710836,25.064013036455947,25.16033935546875,5700,0.0,0
2020-02-14,25.09290772627712,25.189234037920247,25.073643933765755,25.083276748657227,18500,0.0,0
2020-02-18,25.064013938224466,25.064013938224466,24.977320431721004,25.044748306274414,11300,0.0,0
2020-02-19,25.044747065571908,25.09290930578933,24.803932189941406,24.803932189941406,21500,0.0,0
2020-02-20,24.77503374344794,24.90989132314577,24.77503374344794,24.803932189941406,22200,0.0,0
2020-02-21,24.823196823525954,24.86172624669742,24.717237694579094,24.765399932861328,22100,0.0,0
2020-02-24,24.678708695282385,24.78466598877752,24.399362564086918,24.399362564086914,38700,0.0,0
2020-02-25,24.447523785882243,24.6305435939713,24.27413862994014,24.283769607543945,63800,0.0,0
2020-02-26,24.322301864624023,24.505321680219634,24.225975549190984,24.322301864624023,43200,0.0,0
2020-02-27,24.081488694573586,24.611280710945493,24.081488694573586,24.50532341003418,60700,0.0,0
2020-02-28,24.466791103290177,24.543851790337087,24.158548355102536,24.15854835510254,102900,0.0,0
2020-03-02,24.168182209833063,24.60164974140511,24.168182209833063,24.58238410949707,81200,0.0,0
2020-03-03,24.466789590106618,24.92915368379251,24.38972890782564,24.746135711669922,36300,0.0,0
2020-03-04,24.755770457059285,24.900259017944336,24.707606378583108,24.900259017944336,23100,0.0,0
2020-03-05,24.832830819853864,24.832830819853864,24.45715836175076,24.620912551879883,21000,0.0,0
2020-03-06,24.48605606430126,24.688339673286954,24.399362564086918,24.399362564086914,28000,0.0,0
2020-03-09,24.08148648516443,24.64017689812938,23.936997933707765,24.225975036621094,92200,0.0,0
2020-03-10,24.322301160228236,24.51495378551492,24.322301160228236,24.331933975219727,42400,0.0,0
2020-03-11,24.283769607543945,24.447523785882243,23.72507920567297,24.283769607543945,47500,0.0,0
2020-03-12,23.831037393451407,24.081485058532728,22.569168090820312,22.569168090820312,130500,0.0,0
2020-03-13,22.97374020416943,23.72508146322695,22.97374020416943,23.6094913482666,92300,0.0,0
2020-03-16,22.867779498298816,23.51316341389486,22.636597446972544,22.93520736694336,111200,0.0,0
2020-03-17,22.9737392237534,23.301247597617387,22.30908966064453,22.30908966064453,76000,0.0,0
2020-03-18,21.91415441294024,21.98158228640119,19.5060055763534,19.823881149291992,129200,0.0,0
2020-03-19,20.46926409005251,22.010479636051972,19.457842364040932,21.769664764404297,126900,0.0,0
2020-03-20,22.270560883090493,22.60770024485364,21.769665492368492,21.914154052734375,76800,0.0,0
2020-03-23,21.769664775476475,21.962315570529597,20.026165618296606,20.661916732788086,89900,0.0,0
2020-03-24,21.24950406303647,22.93520818862926,21.24950406303647,22.35725212097168,78800,0.0,0
2020-03-25,22.54027130566448,23.811773516338487,22.357251491318483,23.474634170532227,69800,0.0,0
2020-03-26,23.78287718938924,23.888834483351307,23.214553946489225,23.831039428710938,56600,0.0,0
2020-03-27,23.29161506823571,23.69618413284297,23.031534561572823,23.542062759399414,46500,0.0,0
2020-03-30,23.821408302467407,23.937000257215946,23.513165539500363,23.782878875732422,30900,0.0,0
2020-03-31,23.869569967871954,24.02369133376483,23.667284526842803,23.76361083984375,32600,0.0,0
2020-04-01,23.243452375752018,23.455370654818296,23.060434382177075,23.445737838745117,38500,0.0,0
2020-04-02,23.31087987089313,23.4842650319022,22.838881114563833,23.243450164794922,51500,0.0,0
2020-04-03,23.407203933372372,23.45536800830381,22.887044785014027,23.301246643066406,40400,0.0,0
2020-04-06,23.349411523374368,23.888836362756507,23.310882096340116,23.522798538208008,35000,0.0,0
2020-04-07,24.023691399698457,24.081486452749004,23.61912235380141,24.071853637695312,46300,0.0,0
2020-04-08,24.042955965510206,24.466790655140837,24.042955965510206,24.447525024414062,28000,0.0,0
2020-04-09,24.418627743783105,24.78466553116288,24.12964880264701,24.611278533935547,83000,0.0,0
2020-04-13,24.679564058820006,24.679564058820006,24.143052524722627,24.308883666992188,38800,0.32,0
2020-04-14,24.396677011396935,24.58201813970463,24.3771670272436,24.53324317932129,32200,0.0,0
2020-04-15,24.094278903620868,24.552752352636492,24.074768920111836,24.474714279174805,43700,0.0,0
2020-04-16,24.54299573596023,24.630788795363905,24.338146504401188,24.49422264099121,27300,0.0,0
2020-04-17,24.630789899002902,24.68931798770307,24.533241844119697,24.572261810302734,25500,0.0,0
2020-04-20,24.4649590484864,24.738093233222003,24.4649590484864,24.66005516052246,31500,0.0,0
2020-04-21,24.611279630759643,24.621034622192383,24.347900443798874,24.621034622192383,33900,0.0,0
2020-04-22,24.72833766576677,24.7576007794887,24.484468461687364,24.552751541137695,57200,0.0,0
2020-04-23,24.542997642787803,24.777111865861958,24.542997642787803,24.699073791503906,25500,0.0,0
2020-04-24,24.7771121497453,24.796622133701963,24.65030097517595,24.786867141723633,33100,0.0,0
2020-04-27,24.864904690856402,24.864904690856402,24.67956356833872,24.747848510742188,23900,0.0,0
2020-04-28,24.864904356335078,24.864904356335078,24.5625070577715,24.59177017211914,57200,0.0,0
2020-04-29,24.650299647699796,24.825885772705078,24.63078966479379,24.825885772705078,30900,0.0,0
2020-04-30,24.679561610347236,24.825884614742893,24.601523542937553,24.611278533935547,66600,0.0,0
2020-05-01,24.591768838653667,24.630788803100586,24.542995743669334,24.630788803100586,17300,0.0,0
2020-05-04,24.533240748715293,24.6405437903532,24.513730766494888,24.5625057220459,38800,0.0,0
2020-05-05,24.591771271206802,24.591771271206802,24.484470079512448,24.53324317932129,64300,0.0,0
2020-05-06,24.484467649882546,24.54299573596023,24.484467649882546,24.49422264099121,33200,0.0,0
2020-05-07,24.57226314762796,24.66981120782014,24.445450111205776,24.53324317932129,30000,0.0,0
2020-05-08,24.59176941072142,24.679562472194966,24.562506297279807,24.669809341430664,16400,0.0,0
2020-05-11,24.650299884508282,24.777111053466793,24.54299683806881,24.777111053466797,58200,0.0,0
2020-05-12,24.845392740838793,24.845392740838793,24.67956161499023,24.679561614990234,13600,0.0,0
2020-05-13,24.679562711813702,24.777110765573017,24.591769649487755,24.68931770324707,37700,0.0,0
2020-05-14,24.582015191774648,24.728336334228516,24.43569218874651,24.728336334228516,18200,0.0,0
2020-05-15,24.503978730861082,24.74784793778991,24.503978730861082,24.640544891357422,16300,0.0,0
2020-05-18,24.825886539379617,24.825886539379617,24.52348737672098,24.542997360229492,150700,0.0,0
2020-05-19,24.562506818756976,24.582016801848496,24.523486852573935,24.572261810302734,168000,0.0,0
2020-05-20,24.582016515434,24.679562708606266,24.533241558273495,24.552751541137695,235500,0.0,0
2020-05-21,24.5820157042663,24.611278817022594,24.533240748715293,24.5625057220459,187600,0.0,0
2020-05-22,24.591768556566038,24.699071596989896,24.542995462141167,24.679561614990234,449100,0.0,0
2020-05-26,24.77711186442459,24.864904930644112,24.650300691315536,24.767356872558594,65100,0.0,0
2020-05-27,24.806375219859643,24.855148315429688,24.76735525494414,24.855148315429688,44200,0.0,0
2020-05-28,24.835638332971936,24.89416828034519,24.796620228630765,24.855148315429688,28500,0.0,0
2020-05-29,24.89416828034519,24.923431393457484,24.855148315429688,24.855148315429688,50300,0.0,0
2020-06-01,24.8356397132285,24.952697753906254,24.8356397132285,24.95269775390625,18700,0.0,0
2020-06-02,24.85515078854302,24.962453842163086,24.85515078854302,24.962453842163086,12500,0.0,0
2020-06-03,24.962452744911072,25.020980834960934,24.903924654861214,25.020980834960938,19800,0.0,0
2020-06-04,24.91367831546606,25.011224506812347,24.83563838547009,24.991716384887695,16700,0.0,0
2020-06-05,24.991717146345746,25.040490243504927,24.777111053466793,24.777111053466797,107900,0.0,0
2020-06-08,24.825885205332433,24.923431396484375,24.825885205332433,24.923431396484375,26400,0.0,0
2020-06-09,24.874658300908404,24.952696370174554,24.816130214102373,24.923431396484375,24200,0.0,0
2020-06-10,24.913679122924805,24.913679122924805,24.77711110157999,24.913679122924805,23500,0.0,0
2020-06-11,24.77711186299513,24.85514993734415,24.63079070616252,24.83563995361328,108600,0.0,0
2020-06-12,24.855149412012956,24.923432493053333,24.777111339313326,24.796621322631836,29100,0.0,0
2020-06-15,24.679562761484426,24.845393895036704,24.679562761484426,24.825885772705078,19200,0.0,0
2020-06-16,24.962453554192372,25.011226654052738,24.874660485984116,25.011226654052734,25200,0.0,0
2020-06-17,24.942941665649414,25.069754692523514,24.894168569512825,24.942941665649414,188100,0.0,0
2020-06-18,24.94294114596223,25.040489196777344,24.91367803311972,25.040489196777344,154500,0.0,0
2020-06-19,24.98196220464532,25.060000276600356,24.933187246814423,25.05024528503418,13100,0.0,0
2020-06-22,24.981962443037546,25.030735540759466,24.93318748474121,24.93318748474121,24100,0.0,0
2020-06-23,24.98196110686017,25.030734201973427,24.884413056059337,24.972206115722656,16900,0.0,0
2020-06-24,24.9819638265621,25.020981934785613,24.874660772942036,24.962453842163086,18300,0.0,0
2020-06-25,24.981961919169983,25.03073501586914,24.923431970441744,25.03073501586914,24400,0.0,0
2020-06-26,25.030735540773716,25.030735540773716,24.884414387033456,25.0014705657959,19600,0.0,0
2020-06-29,24.972208546279344,25.011226654052738,24.89417047015806,25.011226654052734,20600,0.0,0
2020-06-30,25.011224453943036,25.011224453943036,24.855148315429688,24.855148315429688,129400,0.0,0
2020-07-01,24.942941665649414,24.97220663967598,24.87465858682845,24.942941665649414,16100,0.0,0
2020-07-02,24.942943567055025,25.16730280330525,24.942943567055025,25.079509735107422,14200,0.0,0
2020-07-06,25.03073392306837,25.089262008666996,24.99171581952739,25.089262008666992,23000,0.0,0
2020-07-07,25.020980834960934,25.108773900322944,25.020980834960934,25.020980834960938,16300,0.0,0
2020-07-08,25.099018908552228,25.11852889209366,25.011225843190218,25.020980834960938,19600,0.0,0
2020-07-09,25.08926257623398,25.099017567483475,24.962451411139206,24.991716384887695,326800,0.0,0
2020-07-10,25.089263916781512,25.128283883864377,24.611280483463034,25.020980834960938,23900,0.0,0
2020-07-13,25.129638811855894,25.24817378641439,25.060493096016863,25.109882354736328,44300,0.32,0
2020-07-14,25.08024722741062,25.208662312347048,25.08024722741062,25.16914939880371,15600,0.0,0
2020-07-15,25.258051057811315,25.26792928599676,25.09012494681752,25.23829460144043,30500,0.0,0
2020-07-16,25.238295436376358,25.396343324413262,25.188906177894616,25.38646697998047,29900,0.0,0
2020-07-17,25.33707618713379,25.416100132242967,25.297565156618933,25.33707618713379,18000,0.0,0
2020-07-20,25.376588588503537,25.40622138977051,25.317319217810738,25.406221389770508,21600,0.0,0
2020-07-21,25.356831922618845,25.435855865478516,25.356831922618845,25.435855865478516,33000,0.0,0
2020-07-22,25.435855795707564,25.46549048072843,25.346953624724367,25.44573402404785,15200,0.0,0
2020-07-23,25.445733814978478,25.485244843935593,25.416099130201097,25.47536849975586,11200,0.0,0
2020-07-24,25.524757454826766,25.53463568296896,25.376587800852583,25.51487922668457,7600,0.0,0
2020-07-27,25.564268553050702,25.574146781219845,25.475368267687188,25.505001068115234,10900,0.0,0
2020-07-28,25.554392278722545,25.57414685103538,25.38646616754748,25.4951229095459,18400,0.0,0
2020-07-29,25.50500253119593,25.593904705738648,25.465491500332217,25.56427001953125,16800,0.0,0
2020-07-30,25.56426959950627,25.633417199520768,25.48524565499773,25.623538970947266,19900,0.0,0
2020-07-31,25.564268553050702,25.633416150234687,25.505001068115234,25.505001068115234,18800,0.0,0
2020-08-03,25.60378293447445,25.62353939194605,25.51488075993173,25.56427001953125,17500,0.0,0
2020-08-04,25.58402605665327,25.623538970947266,25.51488034071823,25.623538970947266,10200,0.0,0
2020-08-05,25.603782653808594,25.62353911106363,25.45561299255478,25.603782653808594,11600,0.0,0
2020-08-06,25.51488046410578,25.574147951753933,25.218541141785543,25.346954345703125,36700,0.0,0
2020-08-07,25.34695346079188,25.34695346079188,25.11975986267284,25.208662033081055,62400,0.0,0
2020-08-10,25.26792928599676,25.3173185428446,25.21854002914892,25.23829460144043,95400,0.0,0
2020-08-11,25.3173185428446,25.3173185428446,25.22841825733436,25.23829460144043,46700,0.0,0
2020-08-12,25.238294764069195,25.287685905314678,25.1889055069031,25.21854019165039,71900,0.0,0
2020-08-13,25.238294764069195,25.27780767706558,25.21854019165039,25.21854019165039,25900,0.0,0
2020-08-14,25.238296297948708,25.26793098449707,25.208663495479847,25.26793098449707,12300,0.0,0
2020-08-17,25.267930703815512,25.307443618774414,25.267930703815512,25.307443618774414,15800,0.0,0
2020-08-18,25.26793092510204,25.56427025357108,25.26793092510204,25.534637451171875,23700,0.0,0
2020-08-19,25.465491081930185,25.623538970947266,25.455612853356683,25.623538970947266,16800,0.0,0
2020-08-20,25.584025986783992,25.633417129516605,25.514880271037786,25.6334171295166,19300,0.0,0
2020-08-21,25.613660742373767,25.623538970947266,25.544515026438724,25.623538970947266,12400,0.0,0
2020-08-24,25.593903843467093,25.682806015014652,25.584025615064096,25.68280601501465,18100,0.0,0
2020-08-25,25.63341647870988,25.722318649291992,25.55439253642349,25.722318649291992,12600,0.0,0
2020-08-26,25.70256342078155,25.811220169067386,25.613661245951647,25.811220169067383,21300,0.0,0
2020-08-27,25.702562471820645,25.791464643368204,25.682806015014652,25.68280601501465,14300,0.0,0
2020-08-28,25.68280622475765,25.77170839703124,25.64329331082297,25.65317153930664,11500,0.0,0
2020-08-31,25.653171983087127,25.702563126359905,25.52475877873684,25.593904495239258,27000,0.0,0
2020-09-01,25.53463642658602,25.672927856445316,25.52475819815615,25.672927856445312,20100,0.0,0
2020-09-02,25.761830543689925,25.761830543689925,25.603782653808594,25.603782653808594,25600,0.0,0
2020-09-03,25.663050352399384,25.663050352399384,25.435856744337773,25.574148178100586,8700,0.0,0
2020-09-04,25.574147505241257,25.574147505241257,25.32719744625954,25.406221389770508,18000,0.0,0
2020-09-08,25.386467330376693,25.485245848703567,25.27780869932177,25.33707618713379,14500,0.0,0
2020-09-09,25.307442387509486,25.485244843935593,25.307442387509486,25.47536849975586,7200,0.0,0
2020-09-10,25.40622138977051,25.485245333281483,25.38646681695234,25.406221389770508,18300,0.0,0
2020-09-11,25.475369222726314,25.475369222726314,25.327197678713816,25.376588821411133,14300,0.0,0
2020-09-14,25.435857046989028,25.56427025357108,25.435857046989028,25.534637451171875,12700,0.0,0
2020-09-15,25.603783098456113,25.613661327255176,25.485246236946814,25.54451560974121,14400,0.0,0
2020-09-16,25.59390456535154,25.68280673940661,25.534637077341316,25.584026336669922,16000,0.0,0
2020-09-17,25.584026196553562,25.65317191286671,25.495124022985383,25.603782653808594,21000,0.0,0
2020-09-18,25.623539321644074,25.623539321644074,25.524758918636575,25.574148178100586,7000,0.0,0
2020-09-21,25.43585658954013,25.475369504134452,25.27780869932177,25.33707618713379,22600,0.0,0
2020-09-22,25.425978445923008,25.623539251396387,25.346954500549554,25.584026336669922,30000,0.0,0
2020-09-23,25.5247577569721,25.544514213490356,25.238294789695598,25.47536849975586,25400,0.0,0
2020-09-24,25.3864672601882,25.524758692727048,25.297565086676236,25.346954345703125,37700,0.0,0
2020-09-25,25.445733814978478,25.514879528712974,25.425977358460223,25.47536849975586,15100,0.0,0
2020-09-28,25.574146781219845,25.633416150234687,25.445733583179763,25.505001068115234,29000,0.0,0
2020-09-29,25.55439382685003,25.56427017156508,25.267930844046646,25.287687301635742,32100,0.0,0
2020-09-30,25.287686115173724,25.37658828607399,25.188905715942383,25.188905715942383,147000,0.0,0
2020-10-01,25.31732011552168,25.554393838540275,25.28768731320398,25.54451560974121,29200,0.0,0
2020-10-02,25.41610028692038,25.59390463551798,25.31731988391288,25.574148178100586,30100,0.0,0
2020-10-05,25.57414789797594,25.633417269578924,25.495123953251422,25.61366081237793,19400,0.0,0
2020-10-06,25.61366067242356,25.633417129516605,25.514880271037786,25.6334171295166,36600,0.0,0
2020-10-07,25.61366057928494,25.643293380737305,25.56426943673193,25.643293380737305,44100,0.0,0
2020-10-08,25.5741482613538,25.880367700081848,25.5741482613538,25.82109832763672,53200,0.0,0
2020-10-09,25.82109781454094,25.890243530273434,25.69268461162052,25.890243530273438,28600,0.0,0
2020-10-12,25.880367046017927,25.92975630439452,25.751951959711675,25.90999984741211,26800,0.0,0
2020-10-13,25.969999313354492,26.06999969482422,25.739999771118164,26.06999969482422,38000,0.32,0
2020-10-14,25.969999313354492,26.020000457763672,25.739999771118164,25.8700008392334,35400,0.0,0
2020-10-15,25.649999618530273,25.81999969482422,25.6299991607666,25.700000762939453,34800,0.0,0
2020-10-16,25.81999969482422,25.81999969482422,25.600000381469727,25.700000762939453,27600,0.0,0
2020-10-19,25.700000762939453,25.719999313354492,25.600000381469727,25.719999313354492,34300,0.0,0
2020-10-20,25.68000030517578,25.719999313354492,25.649999618530273,25.700000762939453,19800,0.0,0
2020-10-21,25.700000762939453,25.700000762939453,25.579999923706055,25.6299991607666,33700,0.0,0
2020-10-22,25.610000610351562,25.719999313354492,25.610000610351562,25.709999084472656,11700,0.0,0
2020-10-23,25.75,25.81999969482422,25.649999618530273,25.81999969482422,20200,0.0,0
2020-10-26,25.780000686645508,25.8799991607666,25.760000228881836,25.780000686645508,29200,0.0,0
2020-10-27,25.860000610351562,25.889999389648438,25.709999084472656,25.709999084472656,25200,0.0,0
2020-10-28,25.6299991607666,25.719999313354492,25.559999465942383,25.559999465942383,30300,0.0,0
2020-10-29,25.559999465942383,25.770000457763672,25.420000076293945,25.549999237060547,24500,0.0,0
2020-10-30,25.579999923706055,25.700000762939453,25.5,25.700000762939453,59300,0.0,0
2020-11-02,25.65999984741211,25.8700008392334,25.530000686645508,25.780000686645508,14900,0.0,0
2020-11-03,25.799999237060547,25.850000381469727,25.709999084472656,25.719999313354492,14700,0.0,0
2020-11-04,25.860000610351562,25.889999389648438,25.799999237060547,25.850000381469727,27200,0.0,0
2020-11-05,25.799999237060547,25.959999084472656,25.799999237060547,25.829999923706055,16300,0.0,0
2020-11-06,25.760000228881836,25.899999618530273,25.68000030517578,25.690000534057617,15800,0.0,0
2020-11-09,25.850000381469727,26.0,25.799999237060547,25.979999542236328,27600,0.0,0
