Date,Open,High,Low,Close,Volume,Dividends,Stock Splits
2008-07-16,5.0,5.599999904632568,4.650000095367432,4.880000114440918,10900,0,0
2008-07-17,4.980000019073486,5.0,4.25,4.800000190734863,9700,0,0
2008-07-18,4.5,4.699999809265137,4.349999904632568,4.349999904632568,3200,0,0
2008-07-21,4.349999904632568,4.599999904632568,4.349999904632568,4.440000057220459,4000,0,0
2008-07-22,4.699999809265137,4.699999809265137,4.579999923706055,4.579999923706055,1300,0,0
2008-07-23,4.550000190734863,4.599999904632568,3.9200000762939453,4.400000095367432,27100,0,0
2008-07-24,4.449999809265137,4.449999809265137,4.199999809265137,4.199999809265137,900,0,0
2008-07-25,4.199999809265137,4.599999904632568,4.050000190734863,4.400000095367432,5200,0,0
2008-07-28,4.599999904632568,4.800000190734863,4.400000095367432,4.400000095367432,14500,0,0
2008-07-29,4.28000020980835,4.309999942779541,4.090000152587891,4.090000152587891,1900,0,0
2008-07-30,4.050000190734863,4.5,4.050000190734863,4.5,2800,0,0
2008-07-31,4.5,4.699999809265137,4.5,4.699999809265137,2600,0,0
2008-08-01,4.800000190734863,4.800000190734863,4.599999904632568,4.800000190734863,2900,0,0
2008-08-04,4.75,4.75,4.199999809265137,4.349999904632568,10300,0,0
2008-08-05,4.590000152587891,4.590000152587891,4.400000095367432,4.489999771118164,5900,0,0
2008-08-06,4.420000076293945,4.420000076293945,4.349999904632568,4.349999904632568,3600,0,0
2008-08-07,4.349999904632568,4.349999904632568,4.099999904632568,4.099999904632568,29600,0,0
2008-08-08,4.25,4.25,4.0,4.159999847412109,4200,0,0
2008-08-11,4.159999847412109,4.179999828338623,4.159999847412109,4.159999847412109,5700,0,0
2008-08-12,4.150000095367432,4.150000095367432,4.119999885559082,4.119999885559082,1500,0,0
2008-08-13,4.050000190734863,4.050000190734863,3.940000057220459,4.03000020980835,3300,0,0
2008-08-14,4.0,4.0,3.9200000762939453,3.9200000762939453,1600,0,0
2008-08-15,3.9200000762939453,4.0,3.9200000762939453,3.940000057220459,2900,0,0
2008-08-18,3.8499999046325684,4.0,3.299999952316284,3.8299999237060547,13200,0,0
2008-08-19,3.740000009536743,3.7699999809265137,3.380000114440918,3.5399999618530273,10000,0,0
2008-08-20,3.549999952316284,3.549999952316284,3.3499999046325684,3.359999895095825,6400,0,0
2008-08-21,3.4000000953674316,3.440000057220459,3.2799999713897705,3.2799999713897705,12600,0,0
2008-08-22,3.3499999046325684,3.5399999618530273,3.3299999237060547,3.380000114440918,66100,0,0
2008-08-25,3.4000000953674316,3.5,3.200000047683716,3.380000114440918,15000,0,0
2008-08-26,3.3299999237060547,3.3299999237060547,3.0999999046325684,3.140000104904175,7000,0,0
2008-08-27,3.180000066757202,3.180000066757202,3.1500000953674316,3.1600000858306885,4400,0,0
2008-08-28,3.240000009536743,3.25,3.180000066757202,3.240000009536743,20300,0,0
2008-08-29,3.5199999809265137,3.5199999809265137,3.2100000381469727,3.450000047683716,26600,0,0
2008-09-02,3.509999990463257,3.799999952316284,3.509999990463257,3.5999999046325684,20800,0,0
2008-09-03,3.549999952316284,3.9800000190734863,3.4800000190734863,3.6500000953674316,6800,0,0
2008-09-04,3.75,3.75,3.559999942779541,3.700000047683716,7700,0,0
2008-09-05,3.9700000286102295,3.9700000286102295,3.6500000953674316,3.6500000953674316,21000,0,0
2008-09-08,3.6500000953674316,3.6500000953674316,3.359999895095825,3.5,20900,0,0
2008-09-09,3.509999990463257,3.6500000953674316,3.299999952316284,3.299999952316284,8700,0,0
2008-09-10,3.259999990463257,3.259999990463257,3.109999895095825,3.1500000953674316,13300,0,0
2008-09-11,3.3499999046325684,3.3499999046325684,3.0299999713897705,3.25,14200,0,0
2008-09-12,3.049999952316284,3.0999999046325684,2.450000047683716,3.0799999237060547,19200,0,0
2008-09-15,2.9000000953674316,2.9000000953674316,2.5,2.700000047683716,4300,0,0
2008-09-16,2.75,2.75,2.75,2.75,3000,0,0
2008-09-17,2.75,2.7899999618530273,2.5,2.6500000953674316,11900,0,0
2008-09-18,2.890000104904175,2.890000104904175,2.609999895095825,2.609999895095825,7200,0,0
2008-09-19,2.5999999046325684,2.5999999046325684,2.3499999046325684,2.5,22900,0,0
2008-09-22,2.450000047683716,2.450000047683716,2.3499999046325684,2.4000000953674316,7700,0,0
2008-09-23,2.2699999809265137,2.450000047683716,2.2699999809265137,2.299999952316284,19700,0,0
2008-09-24,2.299999952316284,2.299999952316284,2.119999885559082,2.25,1600,0,0
2008-09-25,2.059999942779541,2.2200000286102295,0.8199999928474426,2.1500000953674316,57400,0,0
2008-09-26,2.0999999046325684,2.1500000953674316,2.0299999713897705,2.0999999046325684,21500,0,0
2008-09-29,2.009999990463257,2.119999885559082,1.899999976158142,1.899999976158142,12300,0,0
2008-09-30,2.0,2.0,1.909999966621399,1.9500000476837158,3400,0,0
2008-10-01,2.049999952316284,2.049999952316284,2.049999952316284,2.049999952316284,500,0,0
2008-10-02,2.049999952316284,2.059999942779541,2.0,2.0,3300,0,0
2008-10-03,2.0999999046325684,2.0999999046325684,1.909999966621399,1.909999966621399,8800,0,0
2008-10-06,1.899999976158142,1.9500000476837158,1.850000023841858,1.9500000476837158,26300,0,0
2008-10-07,1.7799999713897705,1.9500000476837158,1.5,1.7100000381469727,37900,0,0
2008-10-08,1.5499999523162842,1.5700000524520874,1.4700000286102295,1.5,23600,0,0
2008-10-09,1.5099999904632568,1.5399999618530273,1.4700000286102295,1.4700000286102295,26000,0,0
2008-10-10,1.4700000286102295,1.4700000286102295,1.4700000286102295,1.4700000286102295,0,0,0
2008-10-13,1.6399999856948853,2.0299999713897705,1.600000023841858,2.0,35400,0,0
2008-10-14,2.0,2.049999952316284,1.909999966621399,1.940000057220459,14400,0,0
2008-10-15,1.9199999570846558,1.9299999475479126,1.7999999523162842,1.7999999523162842,9400,0,0
2008-10-16,1.9500000476837158,2.140000104904175,1.75,2.140000104904175,2100,0,0
2008-10-17,2.140000104904175,2.5,2.140000104904175,2.390000104904175,7900,0,0
2008-10-20,2.4700000286102295,2.5,2.299999952316284,2.490000009536743,27500,0,0
2008-10-21,2.3499999046325684,2.4000000953674316,2.3499999046325684,2.4000000953674316,1500,0,0
2008-10-22,2.3499999046325684,2.3499999046325684,2.3499999046325684,2.3499999046325684,400,0,0
2008-10-23,2.430000066757202,2.440000057220459,2.1600000858306885,2.1600000858306885,2900,0,0
2008-10-24,2.1600000858306885,2.1600000858306885,2.0199999809265137,2.1500000953674316,4100,0,0
2008-10-27,2.0199999809265137,2.109999895095825,2.0199999809265137,2.0999999046325684,10500,0,0
2008-10-28,2.009999990463257,2.009999990463257,1.8600000143051147,2.0,5000,0,0
2008-10-29,1.8799999952316284,2.049999952316284,1.8799999952316284,2.049999952316284,2900,0,0
2008-10-30,2.0,2.190000057220459,1.8600000143051147,2.1500000953674316,20600,0,0
2008-10-31,2.2899999618530273,2.3499999046325684,2.119999885559082,2.299999952316284,18400,0,0
2008-11-03,2.390000104904175,2.390000104904175,2.299999952316284,2.319999933242798,13200,0,0
2008-11-04,2.3499999046325684,2.4700000286102295,2.3499999046325684,2.4700000286102295,16100,0,0
2008-11-05,2.5,2.5,2.4000000953674316,2.450000047683716,5900,0,0
2008-11-06,2.450000047683716,2.450000047683716,2.440000057220459,2.450000047683716,8500,0,0
2008-11-07,2.5,2.5,1.7000000476837158,2.049999952316284,33400,0,0
2008-11-10,2.5,2.5,1.9600000381469727,1.9600000381469727,2200,0,0
2008-11-11,1.8600000143051147,2.2899999618530273,1.8600000143051147,2.25,8900,0,0
2008-11-12,2.2899999618530273,2.2899999618530273,2.0999999046325684,2.190000057220459,4400,0,0
2008-11-13,2.2899999618530273,2.380000114440918,2.119999885559082,2.2799999713897705,26100,0,0
2008-11-14,2.2899999618530273,2.2899999618530273,2.2100000381469727,2.25,20800,0,0
2008-11-17,2.25,2.25,1.940000057220459,1.9900000095367432,27200,0,0
2008-11-18,1.7799999713897705,1.9199999570846558,1.7799999713897705,1.7999999523162842,5600,0,0
2008-11-19,1.850000023841858,1.850000023841858,1.6100000143051147,1.6100000143051147,14500,0,0
2008-11-20,1.600000023841858,1.6100000143051147,1.5700000524520874,1.5700000524520874,7400,0,0
2008-11-21,1.600000023841858,1.899999976158142,1.590000033378601,1.7300000190734863,33100,0,0
2008-11-24,1.7999999523162842,1.7999999523162842,1.0,1.2999999523162842,92300,0,0
2008-11-25,1.2999999523162842,1.2999999523162842,1.159999966621399,1.25,32300,0,0
2008-11-26,1.25,1.25,1.0499999523162842,1.2000000476837158,28800,0,0
2008-11-28,1.1799999475479126,1.1799999475479126,1.1200000047683716,1.159999966621399,19700,0,0
2008-12-01,1.059999942779541,1.149999976158142,1.059999942779541,1.100000023841858,7900,0,0
2008-12-02,1.0499999523162842,1.0499999523162842,0.9800000190734863,1.0499999523162842,53000,0,0
2008-12-03,1.0,1.0,0.949999988079071,0.9599999785423279,13100,0,0
2008-12-04,0.949999988079071,0.949999988079071,0.9100000262260437,0.9300000071525574,24400,0,0
2008-12-05,0.9700000286102295,0.9700000286102295,0.8399999737739563,0.8899999856948853,27300,0,0
2008-12-08,0.9200000166893005,0.9200000166893005,0.8999999761581421,0.9200000166893005,10100,0,0
2008-12-09,0.8600000143051147,0.949999988079071,0.8600000143051147,0.9100000262260437,2300,0,0
2008-12-10,0.9100000262260437,0.9300000071525574,0.9100000262260437,0.9300000071525574,2100,0,0
2008-12-11,0.9300000071525574,0.949999988079071,0.9100000262260437,0.9399999976158142,3100,0,0
2008-12-12,0.9100000262260437,0.9300000071525574,0.9100000262260437,0.9300000071525574,400,0,0
2008-12-15,0.9100000262260437,0.9399999976158142,0.9100000262260437,0.9300000071525574,4700,0,0
2008-12-16,0.9300000071525574,0.9599999785423279,0.9300000071525574,0.9599999785423279,2300,0,0
2008-12-17,0.949999988079071,1.100000023841858,0.949999988079071,1.100000023841858,4900,0,0
2008-12-18,1.149999976158142,1.149999976158142,1.059999942779541,1.059999942779541,4900,0,0
2008-12-19,1.059999942779541,1.059999942779541,1.059999942779541,1.059999942779541,0,0,0
2008-12-22,1.1100000143051147,1.1100000143051147,1.100000023841858,1.100000023841858,3700,0,0
2008-12-23,1.100000023841858,1.100000023841858,1.0499999523162842,1.0499999523162842,300,0,0
2008-12-24,1.059999942779541,1.059999942779541,1.059999942779541,1.059999942779541,300,0,0
2008-12-26,1.0499999523162842,1.0499999523162842,1.0499999523162842,1.0499999523162842,100,0,0
2008-12-29,1.0099999904632568,1.0099999904632568,1.0,1.0099999904632568,1100,0,0
2008-12-30,1.0,1.0800000429153442,1.0,1.0800000429153442,13500,0,0
2008-12-31,1.100000023841858,1.100000023841858,1.0199999809265137,1.059999942779541,32400,0,0
2009-01-02,1.090000033378601,1.100000023841858,1.059999942779541,1.100000023841858,2700,0,0
2009-01-05,0.9700000286102295,1.1100000143051147,0.9700000286102295,1.090000033378601,15600,0,0
2009-01-06,1.0700000524520874,1.149999976158142,1.0700000524520874,1.1200000047683716,8000,0,0
2009-01-07,1.149999976158142,1.1699999570846558,1.1200000047683716,1.1200000047683716,5500,0,0
2009-01-08,1.1200000047683716,1.1299999952316284,1.0399999618530273,1.0499999523162842,7800,0,0
2009-01-09,1.0800000429153442,1.0800000429153442,0.9399999976158142,0.9900000095367432,6200,0,0
2009-01-12,0.9900000095367432,0.9900000095367432,0.8999999761581421,0.9800000190734863,5000,0,0
2009-01-13,0.9800000190734863,0.9800000190734863,0.9800000190734863,0.9800000190734863,900,0,0
2009-01-14,0.9800000190734863,0.9800000190734863,0.9800000190734863,0.9800000190734863,0,0,0
2009-01-15,0.9700000286102295,0.9700000286102295,0.9599999785423279,0.9599999785423279,2100,0,0
2009-01-16,0.9599999785423279,0.9599999785423279,0.9599999785423279,0.9599999785423279,0,0,0
2009-01-20,1.0,1.0,0.8700000047683716,0.8700000047683716,2000,0,0
2009-01-21,0.9399999976158142,1.0,0.9399999976158142,0.9700000286102295,8100,0,0
2009-01-22,0.9700000286102295,0.9700000286102295,0.9700000286102295,0.9700000286102295,0,0,0
2009-01-23,0.9700000286102295,0.9700000286102295,0.9599999785423279,0.9599999785423279,1300,0,0
2009-01-26,0.9300000071525574,0.9300000071525574,0.8799999952316284,0.8899999856948853,600,0,0
2009-01-27,0.9100000262260437,0.9100000262260437,0.8899999856948853,0.8899999856948853,1200,0,0
2009-01-28,0.8700000047683716,0.8899999856948853,0.8600000143051147,0.8600000143051147,2300,0,0
2009-01-29,0.8500000238418579,0.8500000238418579,0.8500000238418579,0.8500000238418579,300,0,0
2009-01-30,0.8600000143051147,0.8600000143051147,0.8600000143051147,0.8600000143051147,200,0,0
2009-02-02,0.8999999761581421,0.9900000095367432,0.8999999761581421,0.949999988079071,600,0,0
2009-02-03,0.9100000262260437,0.9100000262260437,0.8999999761581421,0.8999999761581421,700,0,0
2009-02-04,0.9399999976158142,0.949999988079071,0.9399999976158142,0.949999988079071,1400,0,0
2009-02-05,0.949999988079071,0.949999988079071,0.949999988079071,0.949999988079071,0,0,0
2009-02-06,0.8999999761581421,0.8999999761581421,0.8999999761581421,0.8999999761581421,100,0,0
2009-02-09,0.8799999952316284,0.8799999952316284,0.8799999952316284,0.8799999952316284,900,0,0
2009-02-10,0.800000011920929,0.9399999976158142,0.800000011920929,0.8500000238418579,900,0,0
2009-02-11,0.8500000238418579,0.8600000143051147,0.8500000238418579,0.8600000143051147,1500,0,0
2009-02-12,0.8600000143051147,0.8600000143051147,0.8399999737739563,0.8500000238418579,5000,0,0
2009-02-13,0.8100000023841858,0.8299999833106995,0.7699999809265137,0.7699999809265137,5800,0,0
2009-02-17,0.7699999809265137,0.7699999809265137,0.7699999809265137,0.7699999809265137,100,0,0
2009-02-18,0.800000011920929,0.800000011920929,0.7900000214576721,0.7900000214576721,1300,0,0
2009-02-19,0.7699999809265137,0.7900000214576721,0.7699999809265137,0.7900000214576721,400,0,0
2009-02-20,0.7799999713897705,0.7799999713897705,0.7699999809265137,0.7699999809265137,4200,0,0
2009-02-23,0.7699999809265137,0.7699999809265137,0.7699999809265137,0.7699999809265137,1000,0,0
2009-02-24,0.7699999809265137,0.7699999809265137,0.7699999809265137,0.7699999809265137,600,0,0
2009-02-25,0.7699999809265137,0.7699999809265137,0.7699999809265137,0.7699999809265137,0,0,0
2009-02-26,0.7699999809265137,0.7699999809265137,0.7699999809265137,0.7699999809265137,0,0,0
2009-02-27,0.7699999809265137,0.7699999809265137,0.7699999809265137,0.7699999809265137,0,0,0
2009-03-02,0.7699999809265137,0.7699999809265137,0.7699999809265137,0.7699999809265137,0,0,0
2009-03-03,0.75,0.7699999809265137,0.75,0.7699999809265137,1400,0,0
2009-03-04,0.7699999809265137,0.7699999809265137,0.6700000166893005,0.75,2900,0,0
2009-03-05,0.75,0.75,0.75,0.75,0,0,0
2009-03-06,0.75,0.8500000238418579,0.75,0.8299999833106995,25600,0,0
2009-03-09,0.8100000023841858,0.8100000023841858,0.8100000023841858,0.8100000023841858,100,0,0
2009-03-10,0.800000011920929,0.800000011920929,0.800000011920929,0.800000011920929,300,0,0
2009-03-11,0.800000011920929,0.800000011920929,0.800000011920929,0.800000011920929,0,0,0
2009-03-12,0.800000011920929,0.8899999856948853,0.7799999713897705,0.8899999856948853,1400,0,0
2009-03-13,0.800000011920929,0.800000011920929,0.800000011920929,0.800000011920929,2700,0,0
2009-03-16,0.699999988079071,0.7400000095367432,0.699999988079071,0.7400000095367432,1100,0,0
2009-03-17,0.7799999713897705,0.7900000214576721,0.6499999761581421,0.6499999761581421,3100,0,0
2009-03-18,0.699999988079071,0.800000011920929,0.699999988079071,0.7900000214576721,4600,0,0
2009-03-19,0.75,0.75,0.75,0.75,1100,0,0
2009-03-20,0.7900000214576721,0.800000011920929,0.7900000214576721,0.800000011920929,1500,0,0
2009-03-23,0.8100000023841858,1.0,0.8100000023841858,0.9800000190734863,11800,0,0
2009-03-24,1.1100000143051147,1.149999976158142,1.0,1.149999976158142,6000,0,0
2009-03-25,1.149999976158142,1.159999966621399,1.149999976158142,1.149999976158142,4700,0,0
2009-03-26,1.3300000429153442,2.1500000953674316,1.1799999475479126,2.109999895095825,166800,0,0
2009-03-27,2.109999895095825,2.7100000381469727,2.109999895095825,2.3499999046325684,137000,0,0
2009-03-30,2.3299999237060547,2.359999895095825,1.7999999523162842,2.3299999237060547,64100,0,0
2009-03-31,2.2200000286102295,2.5,2.200000047683716,2.5,29800,0,0
2009-04-01,2.5,2.5,2.25,2.309999942779541,4200,0,0
2009-04-02,2.5,2.5,2.25,2.4000000953674316,18200,0,0
2009-04-03,2.4000000953674316,2.4800000190734863,2.4000000953674316,2.440000057220459,8500,0,0
2009-04-06,2.5,2.5,2.359999895095825,2.369999885559082,9500,0,0
2009-04-07,2.3499999046325684,2.5,2.2100000381469727,2.5,37500,0,0
2009-04-08,2.5,2.5,2.2699999809265137,2.2699999809265137,10600,0,0
2009-04-09,2.2899999618530273,2.5199999809265137,2.2799999713897705,2.4000000953674316,32300,0,0
2009-04-13,2.2699999809265137,2.319999933242798,2.140000104904175,2.2300000190734863,9600,0,0
2009-04-14,2.2300000190734863,2.2300000190734863,2.0,2.059999942779541,13900,0,0
2009-04-15,2.049999952316284,2.059999942779541,1.9500000476837158,2.059999942779541,20700,0,0
2009-04-16,1.9199999570846558,2.0,1.9199999570846558,1.9800000190734863,1300,0,0
2009-04-17,1.5199999809265137,2.0299999713897705,1.5199999809265137,2.0299999713897705,10700,0,0
2009-04-20,1.940000057220459,1.940000057220459,1.940000057220459,1.940000057220459,200,0,0
2009-04-21,1.9299999475479126,1.9299999475479126,1.6699999570846558,1.8300000429153442,6700,0,0
2009-04-22,1.649999976158142,1.75,1.6200000047683716,1.6699999570846558,2100,0,0
2009-04-23,1.75,1.940000057220459,1.75,1.940000057220459,2800,0,0
2009-04-24,1.9500000476837158,2.0399999618530273,1.9500000476837158,2.0399999618530273,800,0,0
2009-04-27,1.899999976158142,1.899999976158142,1.899999976158142,1.899999976158142,600,0,0
2009-04-28,1.809999942779541,1.809999942779541,1.7899999618530273,1.7899999618530273,4800,0,0
2009-04-29,1.7000000476837158,1.75,1.659999966621399,1.75,3000,0,0
2009-04-30,1.5099999904632568,1.7799999713897705,1.5,1.590000033378601,8100,0,0
2009-05-01,1.5800000429153442,1.5800000429153442,1.5,1.5399999618530273,6800,0,0
2009-05-04,1.5299999713897705,1.840000033378601,1.5299999713897705,1.840000033378601,8600,0,0
2009-05-05,1.850000023841858,1.850000023841858,1.850000023841858,1.850000023841858,1500,0,0
2009-05-06,1.7999999523162842,1.7999999523162842,1.7300000190734863,1.7300000190734863,900,0,0
2009-05-07,1.7400000095367432,1.7899999618530273,1.649999976158142,1.7899999618530273,1900,0,0
2009-05-08,1.6699999570846558,1.75,1.5499999523162842,1.75,12500,0,0
2009-05-11,1.5700000524520874,1.75,1.5700000524520874,1.75,3900,0,0
2009-05-12,1.75,1.7999999523162842,1.75,1.7999999523162842,1900,0,0
2009-05-13,1.7999999523162842,2.180000066757202,1.7999999523162842,2.0999999046325684,11000,0,0
2009-05-14,2.240000009536743,2.299999952316284,2.180000066757202,2.180000066757202,8000,0,0
2009-05-15,2.1500000953674316,2.3499999046325684,2.1500000953674316,2.3499999046325684,7900,0,0
2009-05-18,2.4000000953674316,2.450000047683716,2.299999952316284,2.359999895095825,23700,0,0
2009-05-19,2.359999895095825,2.359999895095825,2.319999933242798,2.319999933242798,1400,0,0
2009-05-20,2.3499999046325684,2.3499999046325684,2.25,2.25,5600,0,0
2009-05-21,2.25,2.25,1.9800000190734863,1.9800000190734863,19800,0,0
2009-05-22,1.9800000190734863,1.9800000190734863,1.9800000190734863,1.9800000190734863,1800,0,0
2009-05-26,1.9800000190734863,2.0,1.9800000190734863,2.0,8800,0,0
2009-05-27,2.0899999141693115,2.0899999141693115,2.0,2.049999952316284,6900,0,0
2009-05-28,2.0,2.0,1.9800000190734863,1.9800000190734863,4100,0,0
2009-05-29,1.9800000190734863,1.9800000190734863,1.899999976158142,1.899999976158142,3200,0,0
2009-06-01,1.899999976158142,2.0,1.7000000476837158,1.850000023841858,23700,0,0
2009-06-02,1.8200000524520874,2.430000066757202,1.600000023841858,2.1700000762939453,61200,0,0
2009-06-03,2.2799999713897705,2.2899999618530273,1.909999966621399,2.2799999713897705,22800,0,0
2009-06-04,2.109999895095825,2.2100000381469727,1.9600000381469727,2.1500000953674316,6900,0,0
2009-06-05,2.0999999046325684,3.0,2.0,2.430000066757202,77600,0,0
2009-06-08,2.319999933242798,2.950000047683716,2.319999933242798,2.5,222900,0,0
2009-06-09,2.619999885559082,2.619999885559082,1.909999966621399,2.140000104904175,119400,0,0
2009-06-10,2.200000047683716,2.200000047683716,1.9500000476837158,2.059999942779541,51900,0,0
2009-06-11,2.109999895095825,2.490000009536743,2.109999895095825,2.130000114440918,18600,0,0
2009-06-12,2.190000057220459,2.190000057220459,2.049999952316284,2.059999942779541,7800,0,0
2009-06-15,2.059999942779541,2.0799999237060547,1.9199999570846558,2.0,19200,0,0
2009-06-16,2.0,2.009999990463257,1.9500000476837158,1.9500000476837158,17700,0,0
2009-06-17,1.9900000095367432,1.9900000095367432,1.7899999618530273,1.8200000524520874,16500,0,0
2009-06-18,1.8899999856948853,1.9600000381469727,1.8600000143051147,1.9199999570846558,12100,0,0
2009-06-19,1.9199999570846558,2.0999999046325684,1.9199999570846558,1.9600000381469727,6700,0,0
2009-06-22,1.9199999570846558,1.9500000476837158,1.7999999523162842,1.899999976158142,20300,0,0
2009-06-23,1.7599999904632568,1.850000023841858,1.5800000429153442,1.6699999570846558,27200,0,0
2009-06-24,1.75,1.75,1.6100000143051147,1.7000000476837158,12600,0,0
2009-06-25,1.7100000381469727,1.9900000095367432,1.7100000381469727,1.9299999475479126,20600,0,0
2009-06-26,1.940000057220459,1.9600000381469727,1.850000023841858,1.940000057220459,4200,0,0
2009-06-29,2.0,2.0,1.850000023841858,1.8700000047683716,5800,0,0
2009-06-30,1.7599999904632568,1.850000023841858,1.75,1.850000023841858,4600,0,0
2009-07-01,1.75,1.8200000524520874,1.75,1.7799999713897705,10200,0,0
2009-07-02,1.75,1.75,1.75,1.75,300,0,0
2009-07-06,1.6799999475479126,1.75,1.659999966621399,1.7000000476837158,5400,0,0
2009-07-07,1.6699999570846558,1.6699999570846558,1.659999966621399,1.659999966621399,1900,0,0
2009-07-08,1.690000057220459,1.8300000429153442,1.690000057220459,1.690000057220459,5600,0,0
2009-07-09,1.7000000476837158,1.7799999713897705,1.6799999475479126,1.7000000476837158,1000,0,0
2009-07-10,1.659999966621399,1.75,1.659999966621399,1.75,2600,0,0
2009-07-13,1.559999942779541,1.659999966621399,1.5099999904632568,1.6200000047683716,5600,0,0
2009-07-14,1.5299999713897705,1.7799999713897705,1.5299999713897705,1.649999976158142,2800,0,0
2009-07-15,1.7000000476837158,1.7999999523162842,1.7000000476837158,1.7300000190734863,11400,0,0
2009-07-16,1.7400000095367432,1.7400000095367432,1.7400000095367432,1.7400000095367432,1600,0,0
2009-07-17,1.659999966621399,1.659999966621399,1.659999966621399,1.659999966621399,200,0,0
2009-07-20,1.659999966621399,1.7300000190734863,1.649999976158142,1.7300000190734863,9800,0,0
2009-07-21,1.659999966621399,1.7200000286102295,1.649999976158142,1.7200000286102295,1500,0,0
2009-07-22,1.7200000286102295,1.7899999618530273,1.7200000286102295,1.7899999618530273,12400,0,0
2009-07-23,1.7899999618530273,1.7899999618530273,1.75,1.7599999904632568,1100,0,0
2009-07-24,1.7999999523162842,1.7999999523162842,1.7599999904632568,1.7999999523162842,2200,0,0
2009-07-27,1.850000023841858,1.850000023841858,1.7999999523162842,1.7999999523162842,4300,0,0
2009-07-28,1.7999999523162842,1.7999999523162842,1.7999999523162842,1.7999999523162842,500,0,0
2009-07-29,1.7999999523162842,1.7999999523162842,1.7799999713897705,1.7799999713897705,3800,0,0
2009-07-30,1.75,1.75,1.75,1.75,500,0,0
2009-07-31,1.7999999523162842,1.940000057220459,1.7999999523162842,1.7999999523162842,14900,0,0
2009-08-03,1.899999976158142,1.9900000095367432,1.7999999523162842,1.9900000095367432,8600,0,0
2009-08-04,1.8700000047683716,1.9900000095367432,1.7799999713897705,1.899999976158142,13000,0,0
2009-08-05,1.9600000381469727,2.190000057220459,1.9500000476837158,2.009999990463257,5800,0,0
2009-08-06,2.0899999141693115,2.0899999141693115,1.5,1.7000000476837158,73600,0,0
2009-08-07,1.8700000047683716,1.8700000047683716,1.7300000190734863,1.850000023841858,13200,0,0
2009-08-10,1.850000023841858,1.850000023841858,1.7000000476837158,1.7000000476837158,6800,0,0
2009-08-11,1.7000000476837158,1.7899999618530273,1.7000000476837158,1.7899999618530273,3500,0,0
2009-08-12,1.7899999618530273,1.7899999618530273,1.7000000476837158,1.7400000095367432,11100,0,0
2009-08-13,1.7799999713897705,1.7899999618530273,1.7000000476837158,1.7000000476837158,4100,0,0
2009-08-14,1.7000000476837158,1.7000000476837158,1.559999942779541,1.6399999856948853,16200,0,0
2009-08-17,1.6100000143051147,1.6100000143051147,1.6100000143051147,1.6100000143051147,400,0,0
2009-08-18,1.6200000047683716,1.6200000047683716,1.6200000047683716,1.6200000047683716,1900,0,0
2009-08-19,1.600000023841858,1.6699999570846558,1.600000023841858,1.6399999856948853,2500,0,0
2009-08-20,1.600000023841858,1.6799999475479126,1.5499999523162842,1.6799999475479126,3100,0,0
2009-08-21,1.7000000476837158,1.7100000381469727,1.7000000476837158,1.7000000476837158,3500,0,0
2009-08-24,1.7000000476837158,1.7000000476837158,1.6799999475479126,1.7000000476837158,13100,0,0
2009-08-25,1.75,1.75,1.690000057220459,1.75,2200,0,0
2009-08-26,1.7000000476837158,1.7000000476837158,1.6799999475479126,1.6799999475479126,2600,0,0
2009-08-27,1.6799999475479126,1.75,1.6799999475479126,1.75,3900,0,0
2009-08-28,1.75,1.850000023841858,1.75,1.840000033378601,15400,0,0
2009-08-31,1.850000023841858,1.9900000095367432,1.75,1.75,16700,0,0
2009-09-01,1.75,1.850000023841858,1.600000023841858,1.850000023841858,10200,0,0
2009-09-02,1.7799999713897705,1.9199999570846558,1.6699999570846558,1.9199999570846558,4600,0,0
2009-09-03,1.899999976158142,1.899999976158142,1.899999976158142,1.899999976158142,500,0,0
2009-09-04,1.8700000047683716,1.9199999570846558,1.809999942779541,1.8899999856948853,3600,0,0
2009-09-08,1.9199999570846558,2.0299999713897705,1.8200000524520874,2.0199999809265137,4100,0,0
2009-09-09,1.940000057220459,1.9900000095367432,1.940000057220459,1.9900000095367432,1600,0,0
2009-09-10,2.0,2.049999952316284,1.8600000143051147,2.049999952316284,19200,0,0
2009-09-11,2.049999952316284,2.049999952316284,1.9500000476837158,2.0,3900,0,0
2009-09-14,2.049999952316284,2.049999952316284,1.850000023841858,2.0,7000,0,0
2009-09-15,2.0,2.2100000381469727,1.9500000476837158,2.069999933242798,6400,0,0
2009-09-16,2.049999952316284,2.119999885559082,2.0,2.119999885559082,7800,0,0
2009-09-17,2.119999885559082,2.130000114440918,2.0999999046325684,2.130000114440918,1000,0,0
2009-09-18,2.0299999713897705,2.130000114440918,2.0199999809265137,2.0999999046325684,4500,0,0
2009-09-21,2.049999952316284,2.049999952316284,2.0299999713897705,2.049999952316284,1100,0,0
2009-09-22,2.0799999237060547,2.0999999046325684,2.0399999618530273,2.0999999046325684,2500,0,0
2009-09-23,2.0999999046325684,2.0999999046325684,2.049999952316284,2.0999999046325684,5400,0,0
2009-09-24,2.0399999618530273,2.0899999141693115,1.9800000190734863,2.0899999141693115,2900,0,0
2009-09-25,2.0199999809265137,2.0899999141693115,2.0199999809265137,2.0899999141693115,2900,0,0
2009-09-28,2.0999999046325684,2.1500000953674316,2.0799999237060547,2.0999999046325684,11500,0,0
2009-09-29,2.0799999237060547,2.1500000953674316,2.0799999237060547,2.0799999237060547,4300,0,0
2009-09-30,2.049999952316284,2.1500000953674316,2.049999952316284,2.1500000953674316,15800,0,0
2009-10-01,2.1700000762939453,2.2699999809265137,2.1500000953674316,2.1500000953674316,14500,0,0
2009-10-02,2.1500000953674316,2.190000057220459,2.0799999237060547,2.0799999237060547,9000,0,0
2009-10-05,2.119999885559082,2.180000066757202,1.9500000476837158,2.049999952316284,5700,0,0
2009-10-06,2.0,2.049999952316284,2.0,2.049999952316284,900,0,0
2009-10-07,2.059999942779541,2.2699999809265137,2.0299999713897705,2.049999952316284,30500,0,0
2009-10-08,2.0899999141693115,2.190000057220459,2.0899999141693115,2.0899999141693115,1200,0,0
2009-10-09,2.049999952316284,2.1500000953674316,2.049999952316284,2.1500000953674316,4400,0,0
2009-10-12,2.119999885559082,2.25,1.7100000381469727,2.0799999237060547,49600,0,0
2009-10-13,2.0199999809265137,2.0999999046325684,1.75,2.0999999046325684,15900,0,0
2009-10-14,2.069999933242798,2.1500000953674316,2.069999933242798,2.1500000953674316,12900,0,0
2009-10-15,2.130000114440918,2.200000047683716,2.130000114440918,2.1500000953674316,13300,0,0
2009-10-16,2.1500000953674316,2.3499999046325684,2.1500000953674316,2.299999952316284,31000,0,0
2009-10-19,2.049999952316284,2.299999952316284,2.049999952316284,2.25,13200,0,0
2009-10-20,2.25,2.25,2.2200000286102295,2.25,3800,0,0
2009-10-21,2.25,2.25,2.2100000381469727,2.25,300,0,0
2009-10-22,2.200000047683716,2.200000047683716,2.059999942779541,2.200000047683716,3600,0,0
2009-10-23,2.25,2.25,2.069999933242798,2.180000066757202,3300,0,0
2009-10-26,2.1500000953674316,2.2899999618530273,2.1500000953674316,2.25,29200,0,0
2009-10-27,2.2899999618530273,2.299999952316284,2.259999990463257,2.2799999713897705,9500,0,0
2009-10-28,2.1500000953674316,2.240000009536743,1.7999999523162842,2.240000009536743,21300,0,0
2009-10-29,2.1700000762939453,2.25,2.1500000953674316,2.2100000381469727,6300,0,0
2009-10-30,2.2899999618530273,2.2899999618530273,2.130000114440918,2.2200000286102295,10600,0,0
2009-11-02,2.0299999713897705,2.2200000286102295,2.0299999713897705,2.200000047683716,2600,0,0
2009-11-03,2.2200000286102295,2.25,2.1700000762939453,2.25,6600,0,0
2009-11-04,2.25,2.3499999046325684,2.25,2.3499999046325684,10300,0,0
2009-11-05,2.440000057220459,2.440000057220459,2.2899999618530273,2.299999952316284,1900,0,0
2009-11-06,2.299999952316284,2.75,2.299999952316284,2.5,39000,0,0
2009-11-09,2.75,2.8399999141693115,2.369999885559082,2.5999999046325684,46500,0,0
2009-11-10,2.509999990463257,2.5399999618530273,2.3499999046325684,2.5399999618530273,15300,0,0
2009-11-11,2.450000047683716,2.450000047683716,2.200000047683716,2.2100000381469727,30200,0,0
2009-11-12,2.259999990463257,2.309999942779541,2.1600000858306885,2.259999990463257,7700,0,0
2009-11-13,2.200000047683716,2.299999952316284,2.200000047683716,2.299999952316284,5400,0,0
2009-11-16,2.3299999237060547,2.4100000858306885,2.2200000286102295,2.4100000858306885,5100,0,0
2009-11-17,2.4100000858306885,2.4100000858306885,2.309999942779541,2.4000000953674316,1100,0,0
2009-11-18,2.4200000762939453,2.450000047683716,2.309999942779541,2.4100000858306885,3400,0,0
2009-11-19,2.4000000953674316,2.4000000953674316,2.4000000953674316,2.4000000953674316,100,0,0
2009-11-20,2.369999885559082,2.4000000953674316,2.359999895095825,2.4000000953674316,1800,0,0
2009-11-23,2.4000000953674316,2.549999952316284,2.4000000953674316,2.549999952316284,3200,0,0
2009-11-24,2.25,2.5399999618530273,2.25,2.5399999618530273,8200,0,0
2009-11-25,2.4800000190734863,2.5,2.440000057220459,2.450000047683716,5700,0,0
2009-11-27,2.4000000953674316,2.4000000953674316,2.299999952316284,2.299999952316284,2900,0,0
2009-11-30,2.430000066757202,2.450000047683716,2.430000066757202,2.450000047683716,1900,0,0
2009-12-01,2.4000000953674316,2.75,2.4000000953674316,2.75,33800,0,0
2009-12-02,2.75,2.9000000953674316,2.75,2.890000104904175,16900,0,0
2009-12-03,3.049999952316284,3.0999999046325684,2.9000000953674316,3.0999999046325684,30800,0,0
2009-12-04,3.119999885559082,3.1500000953674316,2.990000009536743,3.140000104904175,15100,0,0
2009-12-07,3.0899999141693115,3.109999895095825,3.0,3.0199999809265137,9300,0,0
2009-12-08,3.0799999237060547,3.0999999046325684,2.8499999046325684,3.0999999046325684,4800,0,0
2009-12-09,3.0999999046325684,3.0999999046325684,2.8499999046325684,3.0899999141693115,7800,0,0
2009-12-10,3.009999990463257,3.0999999046325684,2.9000000953674316,3.0899999141693115,10400,0,0
2009-12-11,3.069999933242798,3.130000114440918,3.0,3.069999933242798,20300,0,0
2009-12-14,3.069999933242798,3.0999999046325684,2.990000009536743,3.049999952316284,17000,0,0
2009-12-15,3.0399999618530273,3.0799999237060547,2.799999952316284,3.0399999618530273,9000,0,0
2009-12-16,3.0399999618530273,3.0399999618530273,2.819999933242798,3.0199999809265137,2700,0,0
2009-12-17,2.9000000953674316,3.009999990463257,2.8499999046325684,2.990000009536743,7100,0,0
2009-12-18,2.9000000953674316,3.0,2.799999952316284,2.950000047683716,10400,0,0
2009-12-21,2.8499999046325684,2.8499999046325684,2.809999942779541,2.819999933242798,3600,0,0
2009-12-22,2.7799999713897705,2.880000114440918,2.7799999713897705,2.880000114440918,1300,0,0
2009-12-23,2.819999933242798,2.880000114440918,2.7799999713897705,2.8499999046325684,15300,0,0
2009-12-24,2.799999952316284,2.819999933242798,2.6600000858306885,2.819999933242798,19600,0,0
2009-12-28,2.809999942779541,2.9800000190734863,2.809999942779541,2.8499999046325684,1200,0,0
2009-12-29,2.8499999046325684,2.8499999046325684,2.75,2.819999933242798,9000,0,0
2009-12-30,2.759999990463257,2.809999942779541,2.75,2.809999942779541,28900,0,0
2009-12-31,2.75,2.9000000953674316,2.75,2.890000104904175,5600,0,0
2010-01-04,2.7699999809265137,2.9700000286102295,2.7699999809265137,2.9200000762939453,14400,0,0
2010-01-05,2.9200000762939453,2.9600000381469727,2.9000000953674316,2.950000047683716,11600,0,0
2010-01-06,2.9000000953674316,2.950000047683716,2.75,2.940000057220459,6200,0,0
2010-01-07,2.859999895095825,2.930000066757202,2.8499999046325684,2.930000066757202,900,0,0
2010-01-08,2.5299999713897705,2.9200000762939453,2.5299999713897705,2.809999942779541,16300,0,0
2010-01-11,2.759999990463257,3.440000057220459,2.759999990463257,3.3499999046325684,99900,0,0
2010-01-12,3.4200000762939453,4.460000038146973,3.4200000762939453,4.409999847412109,414800,0,0
2010-01-13,4.460000038146973,4.900000095367432,4.349999904632568,4.349999904632568,218200,0,0
2010-01-14,4.099999904632568,4.329999923706055,3.9000000953674316,4.230000019073486,73600,0,0
2010-01-15,3.809999942779541,4.579999923706055,3.809999942779541,4.190000057220459,80900,0,0
2010-01-19,4.150000095367432,4.690000057220459,4.150000095367432,4.599999904632568,60600,0,0
2010-01-20,4.599999904632568,4.599999904632568,4.230000019073486,4.590000152587891,15100,0,0
2010-01-21,4.590000152587891,4.699999809265137,4.400000095367432,4.590000152587891,29800,0,0
2010-01-22,4.539999961853027,4.590000152587891,4.360000133514404,4.46999979019165,10600,0,0
2010-01-25,4.800000190734863,4.800000190734863,4.409999847412109,4.5,23300,0,0
2010-01-26,4.320000171661377,4.400000095367432,4.139999866485596,4.210000038146973,19200,0,0
2010-01-27,4.0,4.079999923706055,3.809999942779541,4.019999980926514,27300,0,0
2010-01-28,4.019999980926514,4.110000133514404,3.950000047683716,4.039999961853027,3900,0,0
2010-01-29,4.099999904632568,4.440000057220459,4.039999961853027,4.400000095367432,22500,0,0
2010-02-01,4.599999904632568,4.599999904632568,4.0,4.119999885559082,43900,0,0
2010-02-02,4.199999809265137,4.199999809265137,4.159999847412109,4.159999847412109,16600,0,0
2010-02-03,4.599999904632568,4.599999904632568,4.099999904632568,4.110000133514404,38000,0,0
2010-02-04,4.0,4.300000190734863,4.0,4.110000133514404,10500,0,0
2010-02-05,4.050000190734863,4.179999828338623,4.010000228881836,4.150000095367432,11000,0,0
2010-02-08,4.119999885559082,4.130000114440918,4.0,4.03000020980835,6500,0,0
2010-02-09,4.099999904632568,4.139999866485596,4.050000190734863,4.139999866485596,5900,0,0
2010-02-10,4.210000038146973,4.210000038146973,4.150000095367432,4.170000076293945,16300,0,0
2010-02-11,4.150000095367432,4.150000095367432,4.059999942779541,4.110000133514404,5900,0,0
2010-02-12,4.099999904632568,4.099999904632568,4.03000020980835,4.050000190734863,15200,0,0
2010-02-16,4.039999961853027,4.039999961853027,3.619999885559082,3.7799999713897705,25500,0,0
2010-02-17,3.7100000381469727,3.7100000381469727,3.1500000953674316,3.450000047683716,34600,0,0
2010-02-18,3.4800000190734863,3.75,3.430000066757202,3.619999885559082,19900,0,0
2010-02-19,3.690000057220459,3.9000000953674316,3.690000057220459,3.8299999237060547,21000,0,0
2010-02-22,3.950000047683716,3.950000047683716,3.6500000953674316,3.680000066757202,9500,0,0
2010-02-23,3.619999885559082,3.619999885559082,3.3499999046325684,3.4700000286102295,18700,0,0
2010-02-24,3.4700000286102295,3.5,3.319999933242798,3.4600000381469727,27000,0,0
2010-02-25,3.450000047683716,3.450000047683716,3.450000047683716,3.450000047683716,800,0,0
2010-02-26,3.450000047683716,3.5,3.4000000953674316,3.440000057220459,1400,0,0
2010-03-01,3.490000009536743,3.7899999618530273,3.490000009536743,3.630000114440918,10800,0,0
2010-03-02,3.5799999237060547,3.619999885559082,3.5,3.5,3500,0,0
2010-03-03,3.5,3.5399999618530273,3.4600000381469727,3.4600000381469727,14200,0,0
2010-03-04,3.450000047683716,3.5,3.450000047683716,3.5,1400,0,0
2010-03-05,3.440000057220459,3.549999952316284,3.440000057220459,3.5399999618530273,8800,0,0
2010-03-08,3.299999952316284,3.450000047683716,3.25,3.299999952316284,11800,0,0
2010-03-09,3.2799999713897705,3.5,3.2699999809265137,3.450000047683716,13700,0,0
2010-03-10,3.369999885559082,3.4000000953674316,3.369999885559082,3.4000000953674316,5000,0,0
2010-03-11,3.359999895095825,3.390000104904175,3.3499999046325684,3.3499999046325684,67900,0,0
2010-03-12,3.359999895095825,3.4000000953674316,3.3299999237060547,3.359999895095825,47600,0,0
2010-03-15,3.4000000953674316,3.4200000762939453,3.2200000286102295,3.25,13300,0,0
2010-03-16,3.5,3.5,3.259999990463257,3.319999933242798,21900,0,0
2010-03-17,3.25,3.5999999046325684,3.200000047683716,3.200000047683716,9000,0,0
2010-03-18,3.240000009536743,3.3499999046325684,3.200000047683716,3.25,29600,0,0
2010-03-19,3.25,3.25,3.200000047683716,3.25,13000,0,0
2010-03-22,3.25,3.25,3.200000047683716,3.25,16300,0,0
2010-03-23,3.2200000286102295,3.2300000190734863,3.2200000286102295,3.2300000190734863,300,0,0
2010-03-24,3.0999999046325684,3.2100000381469727,3.0999999046325684,3.1700000762939453,4000,0,0
2010-03-25,3.180000066757202,3.200000047683716,3.180000066757202,3.200000047683716,300,0,0
2010-03-26,3.140000104904175,3.190000057220459,3.0799999237060547,3.1500000953674316,6100,0,0
2010-03-29,3.0999999046325684,3.140000104904175,2.8499999046325684,3.0,43300,0,0
2010-03-30,3.109999895095825,3.109999895095825,2.880000114440918,2.950000047683716,32200,0,0
2010-03-31,2.990000009536743,3.0,2.809999942779541,2.8299999237060547,12600,0,0
2010-04-01,2.9000000953674316,2.9600000381469727,2.880000114440918,2.880000114440918,2700,0,0
2010-04-05,2.880000114440918,3.0,2.8299999237060547,3.0,6900,0,0
2010-04-06,3.0,3.369999885559082,3.0,3.200000047683716,17600,0,0
2010-04-07,3.25,3.4000000953674316,3.200000047683716,3.200000047683716,52900,0,0
2010-04-08,3.1600000858306885,3.299999952316284,3.0999999046325684,3.109999895095825,11300,0,0
2010-04-09,3.190000057220459,3.200000047683716,3.0999999046325684,3.0999999046325684,1000,0,0
2010-04-12,3.1500000953674316,3.1500000953674316,2.990000009536743,3.0799999237060547,8500,0,0
2010-04-13,2.990000009536743,3.119999885559082,2.9000000953674316,3.049999952316284,7200,0,0
2010-04-14,3.200000047683716,3.200000047683716,3.049999952316284,3.049999952316284,800,0,0
2010-04-15,3.049999952316284,3.049999952316284,2.950000047683716,2.990000009536743,6400,0,0
2010-04-16,2.9600000381469727,2.990000009536743,2.9600000381469727,2.9700000286102295,13800,0,0
2010-04-19,2.9700000286102295,3.130000114440918,2.950000047683716,2.990000009536743,20200,0,0
2010-04-20,3.140000104904175,3.140000104904175,3.140000104904175,3.140000104904175,100,0,0
2010-04-21,3.1700000762939453,3.200000047683716,3.049999952316284,3.140000104904175,5000,0,0
2010-04-22,3.009999990463257,3.1500000953674316,3.0,3.0,10200,0,0
2010-04-23,3.069999933242798,3.0999999046325684,2.9800000190734863,3.0999999046325684,15400,0,0
2010-04-26,2.9800000190734863,3.0999999046325684,2.9800000190734863,3.0999999046325684,17400,0,0
2010-04-27,3.0,3.0999999046325684,3.0,3.0999999046325684,7600,0,0
2010-04-28,3.0199999809265137,3.0399999618530273,2.9800000190734863,3.0399999618530273,6500,0,0
2010-04-29,3.0,3.0399999618530273,3.0,3.009999990463257,11000,0,0
2010-04-30,2.9600000381469727,3.0199999809265137,2.9600000381469727,3.009999990463257,14500,0,0
2010-05-03,2.9800000190734863,2.990000009536743,2.9800000190734863,2.990000009536743,400,0,0
2010-05-04,2.9800000190734863,2.990000009536743,2.859999895095825,2.940000057220459,9500,0,0
2010-05-05,2.8499999046325684,3.0,2.819999933242798,3.0,1800,0,0
2010-05-06,2.8499999046325684,2.950000047683716,2.2699999809265137,2.6500000953674316,17100,0,0
2010-05-07,3.180000066757202,3.180000066757202,2.5999999046325684,2.5999999046325684,16700,0,0
2010-05-10,2.640000104904175,2.7899999618530273,2.630000114440918,2.700000047683716,1400,0,0
2010-05-11,2.700000047683716,2.7699999809265137,2.619999885559082,2.7100000381469727,8500,0,0
2010-05-12,2.75,2.8499999046325684,2.7100000381469727,2.8499999046325684,9200,0,0
2010-05-13,3.1500000953674316,3.549999952316284,2.8499999046325684,3.390000104904175,51700,0,0
2010-05-14,3.390000104904175,3.7899999618530273,3.390000104904175,3.5999999046325684,51300,0,0
2010-05-17,3.5899999141693115,3.5999999046325684,3.430000066757202,3.4600000381469727,19100,0,0
2010-05-18,3.450000047683716,3.450000047683716,3.1500000953674316,3.1700000762939453,7700,0,0
2010-05-19,3.2100000381469727,3.2899999618530273,2.950000047683716,3.0299999713897705,15900,0,0
2010-05-20,3.0999999046325684,3.0999999046325684,2.8299999237060547,2.9800000190734863,7300,0,0
2010-05-21,2.5,2.880000114440918,2.5,2.8299999237060547,18000,0,0
2010-05-24,2.7100000381469727,2.990000009536743,2.700000047683716,2.799999952316284,4900,0,0
2010-05-25,2.809999942779541,2.809999942779541,2.609999895095825,2.799999952316284,600,0,0
2010-05-26,2.740000009536743,2.7899999618530273,2.609999895095825,2.7799999713897705,1500,0,0
2010-05-27,2.799999952316284,2.799999952316284,2.75,2.75,5500,0,0
2010-05-28,2.740000009536743,2.9000000953674316,2.700000047683716,2.7200000286102295,6800,0,0
2010-06-01,2.75,2.75,2.75,2.75,200,0,0
2010-06-02,2.7699999809265137,2.7699999809265137,2.6600000858306885,2.7200000286102295,700,0,0
2010-06-03,2.75,2.75,2.680000066757202,2.75,2500,0,0
2010-06-04,2.700000047683716,2.700000047683716,2.6500000953674316,2.6500000953674316,9400,0,0
2010-06-07,2.6500000953674316,3.0199999809265137,2.4700000286102295,2.75,22400,0,0
2010-06-08,2.700000047683716,2.9600000381469727,2.700000047683716,2.7899999618530273,6900,0,0
2010-06-09,2.9000000953674316,2.9000000953674316,2.9000000953674316,2.9000000953674316,100,0,0
2010-06-10,2.740000009536743,3.0,2.740000009536743,2.9800000190734863,6300,0,0
2010-06-11,2.950000047683716,2.950000047683716,2.9000000953674316,2.9000000953674316,5800,0,0
2010-06-14,3.390000104904175,3.390000104904175,2.490000009536743,3.0399999618530273,16800,0,0
2010-06-15,3.0999999046325684,3.1600000858306885,3.0,3.0899999141693115,23700,0,0
2010-06-16,3.069999933242798,3.0799999237060547,3.0,3.0,7300,0,0
2010-06-17,2.990000009536743,3.1500000953674316,2.9800000190734863,3.1500000953674316,5300,0,0
2010-06-18,3.009999990463257,3.4800000190734863,2.799999952316284,2.799999952316284,4400,0,0
2010-06-21,2.950000047683716,3.4000000953674316,2.950000047683716,3.140000104904175,7300,0,0
2010-06-22,3.049999952316284,3.200000047683716,2.9000000953674316,3.130000114440918,2500,0,0
2010-06-23,3.0999999046325684,3.0999999046325684,3.049999952316284,3.049999952316284,400,0,0
2010-06-24,3.069999933242798,3.069999933242798,2.9200000762939453,2.9200000762939453,2300,0,0
2010-06-25,3.049999952316284,3.049999952316284,3.0,3.0,13700,0,0
2010-06-28,3.0799999237060547,3.0999999046325684,3.009999990463257,3.0999999046325684,28700,0,0
2010-06-29,3.0,3.0,2.8499999046325684,2.9000000953674316,11500,0,0
2010-06-30,2.990000009536743,3.0,2.990000009536743,3.0,6100,0,0
2010-07-01,3.0999999046325684,3.0999999046325684,3.0,3.0899999141693115,8500,0,0
2010-07-02,3.0,3.0999999046325684,2.809999942779541,3.049999952316284,5800,0,0
2010-07-06,3.049999952316284,3.0999999046325684,2.950000047683716,3.0399999618530273,9200,0,0
2010-07-07,3.0,3.049999952316284,2.9000000953674316,3.049999952316284,6200,0,0
2010-07-08,2.8499999046325684,2.9800000190734863,2.7699999809265137,2.9800000190734863,2600,0,0
2010-07-09,3.0399999618530273,3.0399999618530273,3.0,3.009999990463257,2800,0,0
2010-07-12,3.049999952316284,3.049999952316284,3.0,3.0,200,0,0
2010-07-13,3.049999952316284,3.069999933242798,2.950000047683716,3.049999952316284,1400,0,0
2010-07-14,3.0,3.049999952316284,2.990000009536743,3.049999952316284,3400,0,0
2010-07-15,3.0999999046325684,3.0999999046325684,3.0399999618530273,3.049999952316284,5700,0,0
2010-07-16,3.049999952316284,3.049999952316284,3.049999952316284,3.049999952316284,0,0,0
2010-07-19,3.049999952316284,3.049999952316284,2.630000114440918,2.7899999618530273,17400,0,0
2010-07-20,2.759999990463257,2.759999990463257,2.740000009536743,2.740000009536743,700,0,0
2010-07-21,2.5999999046325684,2.7699999809265137,2.5999999046325684,2.7699999809265137,4100,0,0
2010-07-22,2.6500000953674316,2.8399999141693115,2.6500000953674316,2.740000009536743,1800,0,0
2010-07-23,2.75,2.75,2.740000009536743,2.740000009536743,1000,0,0
2010-07-26,2.740000009536743,2.740000009536743,2.700000047683716,2.740000009536743,1400,0,0
2010-07-27,2.700000047683716,2.700000047683716,2.690000057220459,2.700000047683716,2200,0,0
2010-07-28,2.5999999046325684,2.5999999046325684,2.5199999809265137,2.5999999046325684,2300,0,0
2010-07-29,2.549999952316284,2.549999952316284,2.5,2.549999952316284,5600,0,0
2010-07-30,2.4600000381469727,2.75,2.4000000953674316,2.75,15300,0,0
2010-08-02,2.700000047683716,2.700000047683716,2.6600000858306885,2.6600000858306885,200,0,0
2010-08-03,2.700000047683716,2.890000104904175,2.700000047683716,2.759999990463257,1400,0,0
2010-08-04,2.799999952316284,2.799999952316284,2.5999999046325684,2.6500000953674316,8600,0,0
2010-08-05,2.5999999046325684,2.7300000190734863,2.5999999046325684,2.7300000190734863,1000,0,0
2010-08-06,2.630000114440918,2.630000114440918,2.5299999713897705,2.5999999046325684,3200,0,0
2010-08-09,2.5199999809265137,2.6500000953674316,2.4800000190734863,2.6500000953674316,5200,0,0
2010-08-10,2.559999942779541,2.700000047683716,2.390000104904175,2.390000104904175,1600,0,0
2010-08-11,2.4200000762939453,2.950000047683716,2.4000000953674316,2.880000114440918,4800,0,0
2010-08-12,3.049999952316284,3.049999952316284,2.809999942779541,2.9000000953674316,2200,0,0
2010-08-13,2.880000114440918,2.880000114440918,2.8299999237060547,2.8299999237060547,400,0,0
2010-08-16,2.75,2.75,2.7300000190734863,2.7300000190734863,700,0,0
2010-08-17,2.7100000381469727,2.7100000381469727,2.450000047683716,2.450000047683716,5100,0,0
2010-08-18,2.369999885559082,2.380000114440918,2.369999885559082,2.380000114440918,7100,0,0
2010-08-19,2.3399999141693115,2.4600000381469727,2.2899999618530273,2.359999895095825,3000,0,0
2010-08-20,2.359999895095825,2.359999895095825,2.359999895095825,2.359999895095825,600,0,0
2010-08-23,2.430000066757202,2.430000066757202,2.430000066757202,2.430000066757202,100,0,0
2010-08-24,2.490000009536743,2.559999942779541,2.4100000858306885,2.5299999713897705,1100,0,0
2010-08-25,2.5999999046325684,2.700000047683716,2.5999999046325684,2.700000047683716,300,0,0
2010-08-26,2.700000047683716,2.700000047683716,2.700000047683716,2.700000047683716,100,0,0
2010-08-27,2.549999952316284,2.6700000762939453,2.390000104904175,2.5799999237060547,7000,0,0
2010-08-30,2.5,2.5,2.4800000190734863,2.4800000190734863,600,0,0
2010-08-31,2.4100000858306885,2.490000009536743,2.359999895095825,2.440000057220459,1100,0,0
2010-09-01,2.3499999046325684,2.450000047683716,2.299999952316284,2.430000066757202,1000,0,0
2010-09-02,2.3499999046325684,2.5899999141693115,2.3499999046325684,2.5899999141693115,1500,0,0
2010-09-03,2.450000047683716,2.490000009536743,2.430000066757202,2.490000009536743,11100,0,0
2010-09-07,2.3499999046325684,2.440000057220459,2.3499999046325684,2.440000057220459,500,0,0
2010-09-08,2.440000057220459,2.5,2.380000114440918,2.5,1200,0,0
2010-09-09,2.4800000190734863,2.4800000190734863,2.4000000953674316,2.4000000953674316,300,0,0
2010-09-10,2.450000047683716,2.450000047683716,2.450000047683716,2.450000047683716,100,0,0
2010-09-13,2.4100000858306885,2.4600000381469727,2.1700000762939453,2.440000057220459,12800,0,0
2010-09-14,2.4000000953674316,2.4000000953674316,2.359999895095825,2.390000104904175,1100,0,0
2010-09-15,2.309999942779541,2.309999942779541,2.2100000381469727,2.25,4400,0,0
2010-09-16,2.3399999141693115,2.3399999141693115,2.200000047683716,2.200000047683716,1600,0,0
2010-09-17,2.2799999713897705,2.2799999713897705,2.240000009536743,2.240000009536743,500,0,0
2010-09-20,2.1500000953674316,2.2100000381469727,2.0299999713897705,2.1600000858306885,9400,0,0
2010-09-21,2.0799999237060547,2.140000104904175,2.0299999713897705,2.0999999046325684,1100,0,0
2010-09-22,2.059999942779541,2.059999942779541,2.0,2.059999942779541,3000,0,0
2010-09-23,2.0199999809265137,2.049999952316284,1.590000033378601,1.899999976158142,13900,0,0
2010-09-24,1.899999976158142,1.9800000190734863,1.899999976158142,1.899999976158142,6200,0,0
2010-09-27,1.9700000286102295,2.049999952316284,1.8600000143051147,2.0,14400,0,0
2010-09-28,2.0999999046325684,2.0999999046325684,2.0,2.0,200,0,0
2010-09-29,1.899999976158142,2.0,1.899999976158142,2.0,300,0,0
2010-09-30,1.9800000190734863,2.200000047683716,1.9800000190734863,2.1600000858306885,22700,0,0
2010-10-01,2.2100000381469727,2.2699999809265137,2.0399999618530273,2.2300000190734863,18900,0,0
2010-10-04,2.1600000858306885,2.1600000858306885,2.1500000953674316,2.1500000953674316,3800,0,0
2010-10-05,2.1500000953674316,2.1700000762939453,2.0799999237060547,2.0799999237060547,1800,0,0
2010-10-06,2.0799999237060547,2.0799999237060547,2.049999952316284,2.049999952316284,4000,0,0
2010-10-07,2.130000114440918,2.130000114440918,2.130000114440918,2.130000114440918,100,0,0
2010-10-08,2.1500000953674316,2.190000057220459,2.140000104904175,2.190000057220459,2700,0,0
2010-10-11,2.190000057220459,2.2300000190734863,2.190000057220459,2.2200000286102295,1100,0,0
2010-10-12,2.299999952316284,2.440000057220459,2.299999952316284,2.440000057220459,400,0,0
2010-10-13,2.4200000762939453,2.8499999046325684,2.4000000953674316,2.4000000953674316,13100,0,0
2010-10-14,2.4000000953674316,2.4000000953674316,2.4000000953674316,2.4000000953674316,0,0,0
2010-10-15,2.299999952316284,2.4700000286102295,2.1600000858306885,2.380000114440918,6500,0,0
2010-10-18,2.299999952316284,2.380000114440918,2.299999952316284,2.3499999046325684,2100,0,0
2010-10-19,2.309999942779541,2.3299999237060547,2.2899999618530273,2.2899999618530273,1500,0,0
2010-10-20,2.2899999618530273,2.3399999141693115,2.25,2.3399999141693115,1600,0,0
2010-10-21,2.380000114440918,2.380000114440918,2.380000114440918,2.380000114440918,100,0,0
2010-10-22,2.380000114440918,2.380000114440918,2.380000114440918,2.380000114440918,0,0,0
2010-10-25,2.5299999713897705,2.5299999713897705,2.2200000286102295,2.3399999141693115,900,0,0
2010-10-26,2.299999952316284,2.3499999046325684,2.2200000286102295,2.299999952316284,1100,0,0
2010-10-27,2.299999952316284,2.299999952316284,2.2200000286102295,2.2200000286102295,1800,0,0
2010-10-28,2.299999952316284,2.299999952316284,2.299999952316284,2.299999952316284,100,0,0
2010-10-29,2.3399999141693115,2.3399999141693115,2.3399999141693115,2.3399999141693115,200,0,0
2010-11-01,2.2899999618530273,2.2899999618530273,2.1600000858306885,2.25,3800,0,0
2010-11-02,2.299999952316284,2.299999952316284,2.299999952316284,2.299999952316284,100,0,0
2010-11-03,2.299999952316284,2.299999952316284,2.299999952316284,2.299999952316284,300,0,0
2010-11-04,2.130000114440918,2.299999952316284,2.130000114440918,2.299999952316284,6800,0,0
2010-11-05,2.2100000381469727,2.2100000381469727,2.2100000381469727,2.2100000381469727,300,0,0
2010-11-08,2.130000114440918,2.200000047683716,1.9900000095367432,2.0999999046325684,8500,0,0
2010-11-09,2.1600000858306885,2.1600000858306885,1.9900000095367432,2.0,1800,0,0
2010-11-10,2.109999895095825,2.109999895095825,2.049999952316284,2.0799999237060547,1800,0,0
2010-11-11,2.0799999237060547,2.0799999237060547,2.0799999237060547,2.0799999237060547,0,0,0
2010-11-12,2.0799999237060547,2.369999885559082,2.0799999237060547,2.299999952316284,17000,0,0
2010-11-15,2.309999942779541,2.309999942779541,2.25,2.25,10700,0,0
2010-11-16,2.25,2.25,2.25,2.25,12700,0,0
2010-11-17,2.25,2.2899999618530273,2.25,2.25,3600,0,0
2010-11-18,2.25,2.25,2.25,2.25,0,0,0
2010-11-19,2.25,2.25,2.25,2.25,800,0,0
2010-11-22,2.25,2.25,2.2300000190734863,2.240000009536743,5000,0,0
2010-11-23,2.25,2.25,1.7799999713897705,2.0799999237060547,19500,0,0
2010-11-24,2.009999990463257,2.009999990463257,2.009999990463257,2.009999990463257,100,0,0
2010-11-26,2.069999933242798,2.0799999237060547,2.0199999809265137,2.059999942779541,1800,0,0
2010-11-29,2.0199999809265137,2.049999952316284,2.009999990463257,2.009999990463257,6200,0,0
2010-11-30,1.9500000476837158,1.9500000476837158,1.9500000476837158,1.9500000476837158,1600,0,0
2010-12-01,1.9700000286102295,2.0,1.9700000286102295,1.9900000095367432,600,0,0
2010-12-02,2.069999933242798,2.069999933242798,2.069999933242798,2.069999933242798,100,0,0
2010-12-03,2.069999933242798,2.069999933242798,2.069999933242798,2.069999933242798,0,0,0
2010-12-06,2.0299999713897705,2.0299999713897705,1.809999942779541,1.809999942779541,24100,0,0
2010-12-07,1.8200000524520874,1.8899999856948853,1.8200000524520874,1.840000033378601,10300,0,0
2010-12-08,1.8200000524520874,1.840000033378601,1.7799999713897705,1.7799999713897705,7700,0,0
2010-12-09,1.7899999618530273,1.809999942779541,1.7799999713897705,1.7799999713897705,17200,0,0
2010-12-10,1.6100000143051147,2.0,1.6100000143051147,1.7999999523162842,28200,0,0
2010-12-13,1.850000023841858,1.9299999475479126,1.809999942779541,1.8799999952316284,13600,0,0
2010-12-14,1.909999966621399,2.200000047683716,1.899999976158142,2.0,26200,0,0
2010-12-15,2.180000066757202,2.200000047683716,2.140000104904175,2.200000047683716,53500,0,0
2010-12-16,2.200000047683716,2.200000047683716,2.1500000953674316,2.1500000953674316,8300,0,0
2010-12-17,2.1500000953674316,2.200000047683716,2.119999885559082,2.1500000953674316,3200,0,0
2010-12-20,2.1500000953674316,2.190000057220459,2.109999895095825,2.119999885559082,2600,0,0
2010-12-21,2.069999933242798,2.0799999237060547,2.0,2.009999990463257,28900,0,0
2010-12-22,2.0,2.049999952316284,1.9600000381469727,2.049999952316284,1700,0,0
2010-12-23,1.9900000095367432,2.140000104904175,1.9900000095367432,2.0999999046325684,17700,0,0
2010-12-27,2.119999885559082,2.190000057220459,2.0999999046325684,2.0999999046325684,7300,0,0
2010-12-28,2.190000057220459,2.2100000381469727,2.1700000762939453,2.190000057220459,12800,0,0
2010-12-29,2.25,2.25,2.0999999046325684,2.109999895095825,10700,0,0
2010-12-30,2.180000066757202,2.25,2.1600000858306885,2.190000057220459,5000,0,0
2010-12-31,2.200000047683716,2.200000047683716,2.0999999046325684,2.109999895095825,12700,0,0
2011-01-03,2.109999895095825,2.109999895095825,2.0999999046325684,2.0999999046325684,1100,0,0
2011-01-04,2.0999999046325684,2.1500000953674316,2.0999999046325684,2.1500000953674316,2400,0,0
2011-01-05,2.109999895095825,2.1500000953674316,2.109999895095825,2.1500000953674316,2100,0,0
2011-01-06,2.1500000953674316,2.25,2.1500000953674316,2.25,1100,0,0
2011-01-07,2.25,2.25,2.25,2.25,0,0,0
2011-01-10,2.299999952316284,2.309999942779541,2.200000047683716,2.309999942779541,12400,0,0
2011-01-11,2.299999952316284,2.309999942779541,2.200000047683716,2.25,3200,0,0
2011-01-12,2.25,2.25,2.25,2.25,0,0,0
2011-01-13,2.200000047683716,2.25,2.1600000858306885,2.1600000858306885,1000,0,0
2011-01-14,2.299999952316284,2.299999952316284,2.119999885559082,2.119999885559082,8000,0,0
2011-01-18,2.119999885559082,2.200000047683716,2.119999885559082,2.200000047683716,9100,0,0
2011-01-19,2.2699999809265137,2.3299999237060547,2.2699999809265137,2.3299999237060547,300,0,0
2011-01-20,2.1500000953674316,2.3499999046325684,2.119999885559082,2.3499999046325684,12300,0,0
2011-01-21,2.2100000381469727,2.3499999046325684,2.1700000762939453,2.3499999046325684,1500,0,0
2011-01-24,2.3499999046325684,2.3499999046325684,2.3499999046325684,2.3499999046325684,1000,0,0
2011-01-25,2.299999952316284,2.299999952316284,2.180000066757202,2.299999952316284,1500,0,0
2011-01-26,2.299999952316284,2.390000104904175,2.299999952316284,2.390000104904175,3300,0,0
2011-01-27,2.490000009536743,2.559999942779541,2.490000009536743,2.559999942779541,500,0,0
2011-01-28,2.559999942779541,2.559999942779541,2.559999942779541,2.559999942779541,0,0,0
2011-01-31,2.390000104904175,2.390000104904175,2.3499999046325684,2.3499999046325684,2700,0,0
2011-02-01,2.450000047683716,2.5999999046325684,2.25,2.2799999713897705,7500,0,0
2011-02-02,2.2799999713897705,2.2799999713897705,2.2799999713897705,2.2799999713897705,0,0,0
2011-02-03,2.2799999713897705,2.2799999713897705,2.2799999713897705,2.2799999713897705,0,0,0
2011-02-04,2.25,2.259999990463257,2.25,2.259999990463257,1500,0,0
2011-02-07,2.259999990463257,2.259999990463257,2.259999990463257,2.259999990463257,0,0,0
2011-02-08,2.25,2.25,2.25,2.25,500,0,0
2011-02-09,2.25,2.2699999809265137,2.0999999046325684,2.259999990463257,9000,0,0
2011-02-10,2.2699999809265137,2.2699999809265137,2.0999999046325684,2.180000066757202,3800,0,0
2011-02-11,2.119999885559082,2.130000114440918,2.119999885559082,2.130000114440918,600,0,0
2011-02-14,2.130000114440918,2.240000009536743,2.130000114440918,2.200000047683716,5300,0,0
2011-02-15,2.1500000953674316,2.1500000953674316,2.1500000953674316,2.1500000953674316,1000,0,0
2011-02-16,2.130000114440918,2.140000104904175,2.130000114440918,2.130000114440918,900,0,0
2011-02-17,2.130000114440918,2.130000114440918,2.130000114440918,2.130000114440918,0,0,0
2011-02-18,2.130000114440918,2.2100000381469727,2.0999999046325684,2.0999999046325684,5800,0,0
2011-02-22,2.0999999046325684,2.119999885559082,2.0999999046325684,2.0999999046325684,4600,0,0
2011-02-23,2.0999999046325684,2.0999999046325684,2.0999999046325684,2.0999999046325684,0,0,0
2011-02-24,2.059999942779541,2.059999942779541,1.9900000095367432,2.049999952316284,11600,0,0
2011-02-25,2.0399999618530273,2.049999952316284,1.899999976158142,2.049999952316284,13300,0,0
2011-02-28,2.119999885559082,2.359999895095825,2.059999942779541,2.2799999713897705,21800,0,0
2011-03-01,2.2799999713897705,2.2799999713897705,2.2799999713897705,2.2799999713897705,0,0,0
2011-03-02,2.2799999713897705,2.2799999713897705,2.2799999713897705,2.2799999713897705,0,0,0
2011-03-03,2.2799999713897705,2.2799999713897705,2.2799999713897705,2.2799999713897705,0,0,0
2011-03-04,2.2799999713897705,2.2799999713897705,2.2799999713897705,2.2799999713897705,0,0,0
2011-03-07,2.180000066757202,2.190000057220459,2.049999952316284,2.049999952316284,8200,0,0
2011-03-08,2.0399999618530273,2.0399999618530273,2.0399999618530273,2.0399999618530273,1000,0,0
2011-03-09,1.9500000476837158,2.009999990463257,1.909999966621399,1.9500000476837158,8600,0,0
2011-03-10,1.9199999570846558,1.9199999570846558,1.850000023841858,1.8600000143051147,11700,0,0
2011-03-11,1.8600000143051147,2.0999999046325684,1.8600000143051147,2.0999999046325684,2600,0,0
2011-03-14,2.1500000953674316,2.1700000762939453,2.1500000953674316,2.1700000762939453,200,0,0
2011-03-15,2.059999942779541,2.059999942779541,2.059999942779541,2.059999942779541,400,0,0
2011-03-16,1.8700000047683716,1.8700000047683716,1.8700000047683716,1.8700000047683716,100,0,0
2011-03-17,1.909999966621399,1.9600000381469727,1.8600000143051147,1.8600000143051147,1500,0,0
2011-03-18,1.8600000143051147,1.909999966621399,1.7899999618530273,1.7999999523162842,14300,0,0
2011-03-21,1.7999999523162842,1.7999999523162842,1.7999999523162842,1.7999999523162842,10300,0,0
2011-03-22,1.940000057220459,2.0,1.899999976158142,1.940000057220459,22900,0,0
2011-03-23,1.909999966621399,1.9600000381469727,1.899999976158142,1.9299999475479126,3100,0,0
2011-03-24,1.9299999475479126,1.9299999475479126,1.9299999475479126,1.9299999475479126,1100,0,0
2011-03-25,2.069999933242798,2.109999895095825,1.9800000190734863,1.9800000190734863,1100,0,0
2011-03-28,1.9299999475479126,1.9299999475479126,1.899999976158142,1.899999976158142,2900,0,0
2011-03-29,1.899999976158142,1.9600000381469727,1.899999976158142,1.9600000381469727,1300,0,0
2011-03-30,2.049999952316284,2.119999885559082,2.049999952316284,2.049999952316284,1900,0,0
2011-03-31,2.049999952316284,2.049999952316284,1.899999976158142,1.899999976158142,1100,0,0
2011-04-01,2.0,2.0199999809265137,1.9199999570846558,2.0199999809265137,1200,0,0
2011-04-04,2.009999990463257,2.200000047683716,2.0,2.0,3300,0,0
2011-04-05,2.0,2.0,2.0,2.0,0,0,0
2011-04-06,2.009999990463257,2.009999990463257,2.009999990463257,2.009999990463257,100,0,0
2011-04-07,2.1600000858306885,2.1600000858306885,2.059999942779541,2.059999942779541,500,0,0
2011-04-08,2.0799999237060547,2.0899999141693115,2.0299999713897705,2.0299999713897705,3300,0,0
2011-04-11,2.0999999046325684,2.0999999046325684,1.9800000190734863,1.9800000190734863,2300,0,0
2011-04-12,1.899999976158142,1.899999976158142,1.899999976158142,1.899999976158142,47300,0,0
2011-04-13,1.899999976158142,1.899999976158142,1.7899999618530273,1.7899999618530273,27800,0,0
2011-04-14,1.7899999618530273,1.7899999618530273,1.7899999618530273,1.7899999618530273,0,0,0
2011-04-15,1.7899999618530273,1.7899999618530273,1.7899999618530273,1.7899999618530273,0,0,0
2011-04-18,1.7899999618530273,1.7899999618530273,1.7899999618530273,1.7899999618530273,400,0,0
2011-04-19,1.7999999523162842,1.7999999523162842,1.7999999523162842,1.7999999523162842,5400,0,0
2011-04-20,1.7999999523162842,1.7999999523162842,1.7999999523162842,1.7999999523162842,400,0,0
2011-04-21,1.899999976158142,1.899999976158142,1.899999976158142,1.899999976158142,200,0,0
2011-04-25,1.899999976158142,1.899999976158142,1.899999976158142,1.899999976158142,0,0,0
2011-04-26,1.899999976158142,1.899999976158142,1.899999976158142,1.899999976158142,0,0,0
2011-04-27,1.899999976158142,1.899999976158142,1.899999976158142,1.899999976158142,0,0,0
2011-04-28,1.899999976158142,1.899999976158142,1.899999976158142,1.899999976158142,600,0,0
2011-04-29,1.899999976158142,1.899999976158142,1.899999976158142,1.899999976158142,4500,0,0
2011-05-02,1.899999976158142,1.9500000476837158,1.899999976158142,1.899999976158142,800,0,0
2011-05-03,1.899999976158142,1.899999976158142,1.899999976158142,1.899999976158142,0,0,0
2011-05-04,1.9500000476837158,2.0,1.8200000524520874,1.8200000524520874,1700,0,0
2011-05-05,1.8200000524520874,1.8200000524520874,1.8200000524520874,1.8200000524520874,0,0,0
2011-05-06,1.850000023841858,1.940000057220459,1.850000023841858,1.940000057220459,300,0,0
2011-05-09,2.0,2.049999952316284,1.850000023841858,1.850000023841858,4600,0,0
2011-05-10,1.850000023841858,1.9500000476837158,1.850000023841858,1.9299999475479126,1500,0,0
2011-05-11,2.0,2.1500000953674316,2.0,2.0999999046325684,9300,0,0
2011-05-12,2.190000057220459,2.200000047683716,2.0,2.1600000858306885,3800,0,0
2011-05-13,2.190000057220459,2.200000047683716,2.190000057220459,2.200000047683716,900,0,0
2011-05-16,2.200000047683716,2.200000047683716,2.0,2.0,26000,0,0
2011-05-17,2.0,2.0999999046325684,2.0,2.0999999046325684,900,0,0
2011-05-18,2.0999999046325684,2.0999999046325684,2.0999999046325684,2.0999999046325684,500,0,0
2011-05-19,2.0999999046325684,2.0999999046325684,2.049999952316284,2.049999952316284,200,0,0
2011-05-20,2.049999952316284,2.049999952316284,2.049999952316284,2.049999952316284,300,0,0
2011-05-23,2.0999999046325684,2.0999999046325684,2.0899999141693115,2.0899999141693115,5000,0,0
2011-05-24,2.0899999141693115,2.0899999141693115,2.0899999141693115,2.0899999141693115,0,0,0
2011-05-25,2.0,2.009999990463257,2.0,2.009999990463257,1000,0,0
2011-05-26,2.0,2.0,2.0,2.0,600,0,0
2011-05-27,2.0,2.049999952316284,2.0,2.0,2000,0,0
2011-05-31,2.0199999809265137,2.0199999809265137,2.0199999809265137,2.0199999809265137,300,0,0
2011-06-01,2.0,2.0,2.0,2.0,22200,0,0
2011-06-02,2.0299999713897705,2.0399999618530273,2.0299999713897705,2.0399999618530273,400,0,0
2011-06-03,2.0399999618530273,2.0399999618530273,2.0399999618530273,2.0399999618530273,0,0,0
2011-06-06,2.0,2.549999952316284,2.0,2.2300000190734863,13700,0,0
2011-06-07,2.2300000190734863,2.299999952316284,2.2100000381469727,2.2100000381469727,3500,0,0
2011-06-08,2.2100000381469727,2.2100000381469727,2.2100000381469727,2.2100000381469727,300,0,0
2011-06-09,2.299999952316284,2.299999952316284,2.0,2.0799999237060547,5700,0,0
2011-06-10,2.049999952316284,2.049999952316284,2.049999952316284,2.049999952316284,100,0,0
2011-06-13,2.009999990463257,2.0199999809265137,2.0,2.0,1800,0,0
2011-06-14,2.0399999618530273,2.0399999618530273,2.0399999618530273,2.0399999618530273,600,0,0
2011-06-15,2.0399999618530273,2.0399999618530273,2.0399999618530273,2.0399999618530273,0,0,0
2011-06-16,2.299999952316284,2.299999952316284,2.0,2.0,10600,0,0
2011-06-17,2.0,2.049999952316284,2.0,2.049999952316284,2300,0,0
2011-06-20,2.009999990463257,2.009999990463257,2.0,2.0,9600,0,0
2011-06-21,2.0,2.0,1.9600000381469727,1.9900000095367432,48100,0,0
2011-06-22,1.9900000095367432,1.9900000095367432,1.9900000095367432,1.9900000095367432,0,0,0
2011-06-23,1.9900000095367432,1.9900000095367432,1.9900000095367432,1.9900000095367432,0,0,0
2011-06-24,1.9500000476837158,1.9500000476837158,1.8700000047683716,1.8700000047683716,4100,0,0
2011-06-27,1.8799999952316284,1.8799999952316284,1.8799999952316284,1.8799999952316284,500,0,0
2011-06-28,1.8600000143051147,1.8600000143051147,1.8600000143051147,1.8600000143051147,300,0,0
2011-06-29,1.850000023841858,1.850000023841858,1.7000000476837158,1.809999942779541,8000,0,0
2011-06-30,1.8200000524520874,1.8200000524520874,1.7999999523162842,1.7999999523162842,600,0,0
2011-07-01,1.7999999523162842,1.7999999523162842,1.7999999523162842,1.7999999523162842,0,0,0
2011-07-05,2.1500000953674316,2.1500000953674316,1.8300000429153442,2.059999942779541,9900,0,0
2011-07-06,2.059999942779541,2.059999942779541,1.9500000476837158,2.0,3000,0,0
2011-07-07,2.0,2.0,2.0,2.0,0,0,0
2011-07-08,2.0199999809265137,2.0199999809265137,2.0199999809265137,2.0199999809265137,200,0,0
2011-07-11,2.490000009536743,2.490000009536743,2.0199999809265137,2.0899999141693115,300,0,0
2011-07-12,2.049999952316284,2.1600000858306885,2.049999952316284,2.1600000858306885,1000,0,0
2011-07-13,2.1700000762939453,2.1700000762939453,2.1500000953674316,2.1500000953674316,2400,0,0
2011-07-14,2.180000066757202,2.180000066757202,2.180000066757202,2.180000066757202,2400,0,0
2011-07-15,2.180000066757202,2.180000066757202,2.180000066757202,2.180000066757202,0,0,0
2011-07-18,2.180000066757202,2.180000066757202,2.180000066757202,2.180000066757202,0,0,0
2011-07-19,2.1500000953674316,2.1500000953674316,2.1500000953674316,2.1500000953674316,1800,0,0
2011-07-20,2.1500000953674316,2.1500000953674316,2.1500000953674316,2.1500000953674316,0,0,0
2011-07-21,2.2799999713897705,2.2799999713897705,2.0,2.2100000381469727,5400,0,0
2011-07-22,2.069999933242798,2.069999933242798,2.069999933242798,2.069999933242798,100,0,0
2011-07-25,2.069999933242798,2.069999933242798,2.069999933242798,2.069999933242798,0,0,0
2011-07-26,2.069999933242798,2.069999933242798,2.069999933242798,2.069999933242798,0,0,0
2011-07-27,2.0,2.009999990463257,1.9299999475479126,1.9299999475479126,700,0,0
2011-07-28,1.940000057220459,1.940000057220459,1.9299999475479126,1.9299999475479126,600,0,0
2011-07-29,1.899999976158142,1.899999976158142,1.8899999856948853,1.899999976158142,1100,0,0
2011-08-01,1.850000023841858,1.850000023841858,1.850000023841858,1.850000023841858,500,0,0
2011-08-02,1.850000023841858,1.850000023841858,1.850000023841858,1.850000023841858,0,0,0
2011-08-03,1.9299999475479126,1.9800000190734863,1.9299999475479126,1.9800000190734863,400,0,0
2011-08-04,1.899999976158142,1.899999976158142,1.899999976158142,1.899999976158142,300,0,0
2011-08-05,1.899999976158142,1.899999976158142,1.899999976158142,1.899999976158142,1600,0,0
2011-08-08,1.850000023841858,1.850000023841858,1.6100000143051147,1.6200000047683716,1200,0,0
2011-08-09,1.5299999713897705,1.6299999952316284,1.5,1.5800000429153442,3700,0,0
2011-08-10,1.6299999952316284,1.8300000429153442,1.6299999952316284,1.8300000429153442,2400,0,0
2011-08-11,1.7100000381469727,1.8899999856948853,1.649999976158142,1.8899999856948853,800,0,0
2011-08-12,1.8899999856948853,2.0,1.8899999856948853,2.0,3100,0,0
2011-08-15,1.7599999904632568,2.0,1.7599999904632568,1.850000023841858,600,0,0
2011-08-16,1.850000023841858,1.850000023841858,1.850000023841858,1.850000023841858,0,0,0
2011-08-17,1.9900000095367432,2.0,1.9900000095367432,2.0,1700,0,0
2011-08-18,2.0,2.0,1.9900000095367432,1.9900000095367432,500,0,0
2011-08-19,1.9700000286102295,2.0,1.9500000476837158,2.0,1600,0,0
2011-08-22,1.809999942779541,1.809999942779541,1.649999976158142,1.690000057220459,3400,0,0
2011-08-23,1.690000057220459,1.690000057220459,1.690000057220459,1.690000057220459,0,0,0
2011-08-24,1.7699999809265137,1.7699999809265137,1.7699999809265137,1.7699999809265137,400,0,0
2011-08-25,1.7699999809265137,1.7699999809265137,1.7699999809265137,1.7699999809265137,0,0,0
2011-08-26,1.7699999809265137,1.7699999809265137,1.7699999809265137,1.7699999809265137,0,0,0
2011-08-29,1.7899999618530273,1.7999999523162842,1.7899999618530273,1.7999999523162842,400,0,0
2011-08-30,1.7999999523162842,1.7999999523162842,1.7999999523162842,1.7999999523162842,0,0,0
2011-08-31,1.7999999523162842,1.7999999523162842,1.7999999523162842,1.7999999523162842,0,0,0
2011-09-01,1.7999999523162842,1.7999999523162842,1.7999999523162842,1.7999999523162842,0,0,0
2011-09-02,1.7300000190734863,1.7300000190734863,1.7300000190734863,1.7300000190734863,200,0,0
2011-09-06,1.7300000190734863,1.7300000190734863,1.7300000190734863,1.7300000190734863,0,0,0
2011-09-07,1.7000000476837158,1.7000000476837158,1.649999976158142,1.6699999570846558,3300,0,0
2011-09-08,1.7000000476837158,1.7000000476837158,1.649999976158142,1.649999976158142,5400,0,0
2011-09-09,1.659999966621399,1.7000000476837158,1.649999976158142,1.649999976158142,8400,0,0
2011-09-12,1.659999966621399,1.659999966621399,1.649999976158142,1.649999976158142,2000,0,0
2011-09-13,1.649999976158142,1.649999976158142,1.649999976158142,1.649999976158142,3000,0,0
2011-09-14,1.649999976158142,1.649999976158142,1.649999976158142,1.649999976158142,0,0,0
2011-09-15,1.649999976158142,1.649999976158142,1.649999976158142,1.649999976158142,0,0,0
2011-09-16,1.7000000476837158,1.9299999475479126,1.7000000476837158,1.9299999475479126,3100,0,0
2011-09-19,1.9299999475479126,1.9299999475479126,1.9299999475479126,1.9299999475479126,0,0,0
2011-09-20,1.9299999475479126,1.9299999475479126,1.9299999475479126,1.9299999475479126,0,0,0
2011-09-21,1.850000023841858,1.850000023841858,1.659999966621399,1.75,800,0,0
2011-09-22,1.690000057220459,1.690000057220459,1.5800000429153442,1.5800000429153442,300,0,0
2011-09-23,1.6399999856948853,1.690000057220459,1.6399999856948853,1.6699999570846558,500,0,0
2011-09-26,1.6699999570846558,1.6699999570846558,1.6699999570846558,1.6699999570846558,0,0,0
2011-09-27,1.5700000524520874,1.5800000429153442,1.5700000524520874,1.5800000429153442,300,0,0
2011-09-28,1.5800000429153442,1.5800000429153442,1.5800000429153442,1.5800000429153442,0,0,0
2011-09-29,1.600000023841858,1.6100000143051147,1.5499999523162842,1.6100000143051147,2200,0,0
2011-09-30,1.6100000143051147,1.6100000143051147,1.6100000143051147,1.6100000143051147,0,0,0
2011-10-03,1.5499999523162842,1.600000023841858,1.5499999523162842,1.600000023841858,400,0,0
2011-10-04,1.5499999523162842,1.5499999523162842,1.5499999523162842,1.5499999523162842,1100,0,0
2011-10-05,1.5800000429153442,1.600000023841858,1.5,1.5,1000,0,0
2011-10-06,1.4299999475479126,1.5,1.399999976158142,1.4500000476837158,5200,0,0
2011-10-07,1.350000023841858,1.3899999856948853,1.350000023841858,1.3899999856948853,3800,0,0
2011-10-10,1.3200000524520874,1.399999976158142,1.2999999523162842,1.399999976158142,1800,0,0
2011-10-11,1.399999976158142,1.399999976158142,1.399999976158142,1.399999976158142,0,0,0
2011-10-12,1.399999976158142,1.399999976158142,1.399999976158142,1.399999976158142,0,0,0
2011-10-13,1.399999976158142,1.399999976158142,1.399999976158142,1.399999976158142,0,0,0
2011-10-14,1.399999976158142,1.4700000286102295,1.399999976158142,1.4700000286102295,1200,0,0
2011-10-17,1.5,1.5,1.5,1.5,2500,0,0
2011-10-18,1.5,1.5,1.5,1.5,0,0,0
2011-10-19,1.5,1.5,1.5,1.5,0,0,0
2011-10-20,1.5,1.5,1.5,1.5,4000,0,0
2011-10-21,1.5,1.5,1.5,1.5,0,0,0
2011-10-24,1.399999976158142,1.5,1.399999976158142,1.5,13200,0,0
2011-10-25,1.399999976158142,1.399999976158142,1.350000023841858,1.399999976158142,1700,0,0
2011-10-26,1.399999976158142,1.399999976158142,1.399999976158142,1.399999976158142,0,0,0
2011-10-27,1.440000057220459,1.5,1.440000057220459,1.5,5700,0,0
2011-10-28,1.350000023841858,1.3899999856948853,1.350000023841858,1.3600000143051147,5400,0,0
2011-10-31,1.350000023841858,1.350000023841858,1.350000023841858,1.350000023841858,500,0,0
2011-11-01,1.440000057220459,1.649999976158142,1.440000057220459,1.6299999952316284,1400,0,0
2011-11-02,1.9199999570846558,1.9299999475479126,1.399999976158142,1.409999966621399,9600,0,0
2011-11-03,1.399999976158142,1.399999976158142,1.399999976158142,1.399999976158142,3200,0,0
2011-11-04,1.3600000143051147,1.3600000143051147,1.2999999523162842,1.2999999523162842,4000,0,0
2011-11-07,1.350000023841858,1.350000023841858,1.350000023841858,1.350000023841858,1700,0,0
2011-11-08,1.4199999570846558,1.440000057220459,1.4199999570846558,1.440000057220459,900,0,0
2011-11-09,1.440000057220459,1.440000057220459,1.440000057220459,1.440000057220459,0,0,0
2011-11-10,1.5,1.600000023841858,1.5,1.600000023841858,11000,0,0
2011-11-11,1.600000023841858,1.600000023841858,1.590000033378601,1.590000033378601,2700,0,0
2011-11-14,1.600000023841858,1.600000023841858,1.600000023841858,1.600000023841858,100,0,0
2011-11-15,1.590000033378601,1.590000033378601,1.4900000095367432,1.4900000095367432,9900,0,0
2011-11-16,1.4700000286102295,1.5499999523162842,1.4299999475479126,1.5199999809265137,2600,0,0
2011-11-17,1.4299999475479126,1.440000057220459,1.3600000143051147,1.4299999475479126,1800,0,0
2011-11-18,1.409999966621399,1.4199999570846558,1.340000033378601,1.3700000047683716,5600,0,0
2011-11-21,1.3600000143051147,1.3700000047683716,1.309999942779541,1.3700000047683716,7000,0,0
2011-11-22,1.3700000047683716,1.3700000047683716,1.3700000047683716,1.3700000047683716,9200,0,0
2011-11-23,1.3700000047683716,1.3700000047683716,1.2999999523162842,1.309999942779541,1600,0,0
2011-11-25,1.3200000524520874,1.3200000524520874,1.3200000524520874,1.3200000524520874,100,0,0
2011-11-28,1.340000033378601,1.340000033378601,1.340000033378601,1.340000033378601,2500,0,0
2011-11-29,1.350000023841858,1.3600000143051147,1.350000023841858,1.350000023841858,1000,0,0
2011-11-30,1.350000023841858,1.4500000476837158,1.350000023841858,1.4199999570846558,4000,0,0
2011-12-01,1.3799999952316284,1.399999976158142,1.3799999952316284,1.399999976158142,1000,0,0
2011-12-02,1.2899999618530273,1.440000057220459,1.2899999618530273,1.440000057220459,1200,0,0
2011-12-05,1.4800000190734863,1.4800000190734863,1.2999999523162842,1.3700000047683716,6800,0,0
2011-12-06,1.4199999570846558,1.4199999570846558,1.3600000143051147,1.409999966621399,1700,0,0
2011-12-07,1.399999976158142,1.399999976158142,1.399999976158142,1.399999976158142,200,0,0
2011-12-08,1.399999976158142,2.0899999141693115,1.399999976158142,1.809999942779541,72900,0,0
2011-12-09,1.8899999856948853,1.8899999856948853,1.7300000190734863,1.7300000190734863,3100,0,0
2011-12-12,1.7100000381469727,1.8799999952316284,1.7100000381469727,1.7799999713897705,2700,0,0
2011-12-13,1.8799999952316284,1.8799999952316284,1.840000033378601,1.840000033378601,2000,0,0
2011-12-14,1.8799999952316284,1.8799999952316284,1.7599999904632568,1.7699999809265137,1900,0,0
2011-12-15,1.850000023841858,1.8799999952316284,1.850000023841858,1.8700000047683716,1000,0,0
2011-12-16,1.8700000047683716,1.8700000047683716,1.8700000047683716,1.8700000047683716,0,0,0
2011-12-19,1.8700000047683716,1.8700000047683716,1.8700000047683716,1.8700000047683716,0,0,0
2011-12-20,1.9299999475479126,1.9800000190734863,1.850000023841858,1.850000023841858,7600,0,0
2011-12-21,1.7799999713897705,1.7899999618530273,1.7799999713897705,1.7799999713897705,1000,0,0
2011-12-22,1.899999976158142,1.899999976158142,1.899999976158142,1.899999976158142,3100,0,0
2011-12-23,1.899999976158142,1.899999976158142,1.899999976158142,1.899999976158142,0,0,0
2011-12-27,1.7999999523162842,1.9700000286102295,1.7999999523162842,1.9500000476837158,8600,0,0
2011-12-28,1.9500000476837158,1.9500000476837158,1.9500000476837158,1.9500000476837158,7500,0,0
2011-12-29,1.9500000476837158,2.0,1.9500000476837158,2.0,9400,0,0
2011-12-30,1.9500000476837158,1.9500000476837158,1.7799999713897705,1.899999976158142,5400,0,0
2012-01-03,1.899999976158142,1.899999976158142,1.899999976158142,1.899999976158142,100,0,0
2012-01-04,1.899999976158142,1.899999976158142,1.899999976158142,1.899999976158142,0,0,0
2012-01-05,1.899999976158142,1.899999976158142,1.899999976158142,1.899999976158142,0,0,0
2012-01-06,1.899999976158142,1.899999976158142,1.899999976158142,1.899999976158142,0,0,0
2012-01-09,1.8200000524520874,1.899999976158142,1.8200000524520874,1.899999976158142,200,0,0
2012-01-10,1.899999976158142,1.899999976158142,1.899999976158142,1.899999976158142,0,0,0
2012-01-11,1.7799999713897705,2.0,1.7799999713897705,2.0,5300,0,0
2012-01-12,2.0,2.0,2.0,2.0,300,0,0
2012-01-13,2.0,2.0,2.0,2.0,0,0,0
2012-01-17,1.9199999570846558,2.0,1.909999966621399,1.9500000476837158,6200,0,0
2012-01-18,2.0,2.0,1.9500000476837158,1.9500000476837158,2400,0,0
2012-01-19,1.9800000190734863,1.9800000190734863,1.9500000476837158,1.9500000476837158,300,0,0
2012-01-20,1.9500000476837158,1.9500000476837158,1.8799999952316284,1.8799999952316284,2800,0,0
2012-01-23,1.8799999952316284,1.8799999952316284,1.8799999952316284,1.8799999952316284,400,0,0
2012-01-24,1.8799999952316284,1.8899999856948853,1.7999999523162842,1.8600000143051147,4100,0,0
2012-01-25,1.8600000143051147,1.8600000143051147,1.8600000143051147,1.8600000143051147,0,0,0
2012-01-26,1.8799999952316284,1.8799999952316284,1.7200000286102295,1.7200000286102295,1900,0,0
2012-01-27,1.7799999713897705,1.899999976158142,1.7200000286102295,1.7200000286102295,16600,0,0
2012-01-30,1.6200000047683716,1.6299999952316284,1.4800000190734863,1.6100000143051147,2800,0,0
2012-01-31,1.690000057220459,1.690000057220459,1.690000057220459,1.690000057220459,100,0,0
2012-02-01,1.690000057220459,1.690000057220459,1.690000057220459,1.690000057220459,0,0,0
2012-02-02,1.690000057220459,1.690000057220459,1.690000057220459,1.690000057220459,0,0,0
2012-02-03,1.690000057220459,1.690000057220459,1.690000057220459,1.690000057220459,0,0,0
2012-02-06,1.75,1.75,1.75,1.75,200,0,0
2012-02-07,1.7699999809265137,1.7999999523162842,1.7699999809265137,1.7999999523162842,7300,0,0
2012-02-08,1.850000023841858,1.899999976158142,1.850000023841858,1.850000023841858,7600,0,0
2012-02-09,1.850000023841858,1.850000023841858,1.850000023841858,1.850000023841858,0,0,0
2012-02-10,1.850000023841858,1.850000023841858,1.850000023841858,1.850000023841858,3000,0,0
2012-02-13,1.7999999523162842,1.7999999523162842,1.7999999523162842,1.7999999523162842,2000,0,0
2012-02-14,1.7999999523162842,1.7999999523162842,1.7999999523162842,1.7999999523162842,0,0,0
2012-02-15,1.7999999523162842,1.7999999523162842,1.649999976158142,1.649999976158142,4500,0,0
2012-02-16,1.8899999856948853,1.8899999856948853,1.7000000476837158,1.75,6900,0,0
2012-02-17,1.8700000047683716,1.8700000047683716,1.8700000047683716,1.8700000047683716,300,0,0
2012-02-21,1.7999999523162842,1.7999999523162842,1.649999976158142,1.75,9000,0,0
2012-02-22,1.75,1.75,1.7300000190734863,1.7300000190734863,4500,0,0
2012-02-23,1.7300000190734863,1.7300000190734863,1.7300000190734863,1.7300000190734863,0,0,0
2012-02-24,1.7300000190734863,1.7300000190734863,1.7300000190734863,1.7300000190734863,0,0,0
2012-02-27,1.75,1.75,1.7300000190734863,1.7300000190734863,2200,0,0
2012-02-28,1.7400000095367432,1.7999999523162842,1.7400000095367432,1.7799999713897705,5900,0,0
2012-02-29,1.7899999618530273,1.7899999618530273,1.649999976158142,1.649999976158142,4900,0,0
2012-03-01,1.649999976158142,1.649999976158142,1.649999976158142,1.649999976158142,400,0,0
2012-03-02,1.649999976158142,1.649999976158142,1.649999976158142,1.649999976158142,0,0,0
2012-03-05,1.649999976158142,1.649999976158142,1.649999976158142,1.649999976158142,0,0,0
2012-03-06,1.649999976158142,1.649999976158142,1.649999976158142,1.649999976158142,0,0,0
2012-03-07,1.6200000047683716,1.6200000047683716,1.6200000047683716,1.6200000047683716,300,0,0
2012-03-08,1.559999942779541,1.559999942779541,1.559999942779541,1.559999942779541,300,0,0
2012-03-09,1.559999942779541,1.7000000476837158,1.559999942779541,1.7000000476837158,2300,0,0
2012-03-12,1.8700000047683716,1.8700000047683716,1.649999976158142,1.7000000476837158,9600,0,0
2012-03-13,1.6799999475479126,1.6799999475479126,1.6799999475479126,1.6799999475479126,100,0,0
2012-03-14,1.6799999475479126,1.7000000476837158,1.649999976158142,1.649999976158142,3900,0,0
2012-03-15,1.649999976158142,1.649999976158142,1.649999976158142,1.649999976158142,0,0,0
2012-03-16,1.649999976158142,1.649999976158142,1.649999976158142,1.649999976158142,0,0,0
2012-03-19,1.6399999856948853,1.649999976158142,1.5700000524520874,1.5700000524520874,1600,0,0
2012-03-20,1.6399999856948853,1.6399999856948853,1.590000033378601,1.590000033378601,1600,0,0
2012-03-21,1.590000033378601,1.590000033378601,1.590000033378601,1.590000033378601,0,0,0
2012-03-22,1.600000023841858,1.600000023841858,1.600000023841858,1.600000023841858,100,0,0
2012-03-23,1.6399999856948853,1.6399999856948853,1.6399999856948853,1.6399999856948853,100,0,0
2012-03-26,1.5,1.5,1.4800000190734863,1.4800000190734863,15700,0,0
2012-03-27,1.3799999952316284,1.440000057220459,1.3799999952316284,1.399999976158142,3200,0,0
2012-03-28,1.4299999475479126,1.850000023841858,1.4299999475479126,1.75,23600,0,0
2012-03-29,1.850000023841858,1.850000023841858,1.8300000429153442,1.8300000429153442,200,0,0
2012-03-30,1.840000033378601,1.840000033378601,1.75,1.75,9600,0,0
2012-04-02,1.6299999952316284,1.6299999952316284,1.6100000143051147,1.6100000143051147,1200,0,0
2012-04-03,1.6100000143051147,1.6100000143051147,1.6100000143051147,1.6100000143051147,900,0,0
2012-04-04,1.5099999904632568,1.559999942779541,1.4600000381469727,1.559999942779541,11300,0,0
2012-04-05,1.559999942779541,1.559999942779541,1.559999942779541,1.559999942779541,0,0,0
2012-04-09,1.590000033378601,1.7999999523162842,1.590000033378601,1.7999999523162842,4700,0,0
2012-04-10,1.7400000095367432,1.75,1.5,1.7300000190734863,4400,0,0
2012-04-11,1.6799999475479126,1.8300000429153442,1.6799999475479126,1.7400000095367432,2000,0,0
2012-04-12,1.7400000095367432,1.7400000095367432,1.5,1.7100000381469727,11400,0,0
2012-04-13,1.7100000381469727,1.7200000286102295,1.7100000381469727,1.7200000286102295,200,0,0
2012-04-16,1.7200000286102295,1.8700000047683716,1.7200000286102295,1.850000023841858,8000,0,0
2012-04-17,1.809999942779541,1.9500000476837158,1.809999942779541,1.899999976158142,18500,0,0
2012-04-18,1.9500000476837158,1.9500000476837158,1.7799999713897705,1.850000023841858,1900,0,0
2012-04-19,1.850000023841858,1.850000023841858,1.850000023841858,1.850000023841858,0,0,0
2012-04-20,1.809999942779541,1.840000033378601,1.590000033378601,1.75,9200,0,0
2012-04-23,1.75,1.75,1.75,1.75,0,0,0
2012-04-24,1.6100000143051147,1.6100000143051147,1.6100000143051147,1.6100000143051147,300,0,0
2012-04-25,1.590000033378601,1.6799999475479126,1.5800000429153442,1.600000023841858,7300,0,0
2012-04-26,1.6399999856948853,1.7400000095367432,1.6399999856948853,1.7400000095367432,300,0,0
2012-04-27,1.6799999475479126,1.7599999904632568,1.6100000143051147,1.6200000047683716,2400,0,0
2012-04-30,1.6799999475479126,1.9600000381469727,1.6799999475479126,1.8700000047683716,10000,0,0
2012-05-01,1.7999999523162842,1.940000057220459,1.7899999618530273,1.8700000047683716,6200,0,0
2012-05-02,1.8899999856948853,1.940000057220459,1.8300000429153442,1.899999976158142,3100,0,0
2012-05-03,1.8899999856948853,1.8899999856948853,1.809999942779541,1.809999942779541,500,0,0
2012-05-04,1.8300000429153442,1.850000023841858,1.8300000429153442,1.850000023841858,200,0,0
2012-05-07,1.809999942779541,2.190000057220459,1.809999942779541,2.009999990463257,16000,0,0
2012-05-08,2.0399999618530273,2.2100000381469727,1.909999966621399,2.059999942779541,14700,0,0
2012-05-09,2.109999895095825,2.109999895095825,2.0,2.0199999809265137,1900,0,0
2012-05-10,2.0,2.0,2.0,2.0,1200,0,0
2012-05-11,2.0,2.0,2.0,2.0,200,0,0
2012-05-14,1.8899999856948853,2.0,1.7999999523162842,1.7999999523162842,6400,0,0
2012-05-15,1.75,1.75,1.75,1.75,600,0,0
2012-05-16,1.7999999523162842,1.7999999523162842,1.7999999523162842,1.7999999523162842,100,0,0
2012-05-17,1.7999999523162842,1.7999999523162842,1.7999999523162842,1.7999999523162842,0,0,0
2012-05-18,1.7000000476837158,1.7799999713897705,1.7000000476837158,1.7799999713897705,200,0,0
2012-05-21,1.7799999713897705,1.7799999713897705,1.7799999713897705,1.7799999713897705,0,0,0
2012-05-22,1.7699999809265137,1.7699999809265137,1.7300000190734863,1.7699999809265137,1000,0,0
2012-05-23,1.75,1.75,1.75,1.75,300,0,0
2012-05-24,1.6200000047683716,1.7300000190734863,1.6100000143051147,1.7300000190734863,1200,0,0
2012-05-25,1.7300000190734863,1.7300000190734863,1.7300000190734863,1.7300000190734863,0,0,0
2012-05-29,1.7300000190734863,1.7300000190734863,1.7300000190734863,1.7300000190734863,0,0,0
2012-05-30,1.690000057220459,1.690000057220459,1.6799999475479126,1.690000057220459,1000,0,0
2012-05-31,1.590000033378601,1.690000057220459,1.590000033378601,1.690000057220459,2600,0,0
2012-06-01,1.690000057220459,1.690000057220459,1.600000023841858,1.690000057220459,1500,0,0
2012-06-04,1.690000057220459,1.690000057220459,1.6100000143051147,1.690000057220459,600,0,0
2012-06-05,1.6699999570846558,1.6699999570846558,1.590000033378601,1.6699999570846558,600,0,0
2012-06-06,1.590000033378601,1.659999966621399,1.590000033378601,1.659999966621399,200,0,0
2012-06-07,1.659999966621399,1.659999966621399,1.659999966621399,1.659999966621399,0,0,0
2012-06-08,1.659999966621399,1.659999966621399,1.659999966621399,1.659999966621399,0,0,0
2012-06-11,1.600000023841858,1.6699999570846558,1.600000023841858,1.6699999570846558,3100,0,0
2012-06-12,1.600000023841858,1.6699999570846558,1.600000023841858,1.6699999570846558,2700,0,0
2012-06-13,1.600000023841858,1.6699999570846558,1.590000033378601,1.590000033378601,1000,0,0
2012-06-14,1.600000023841858,1.6699999570846558,1.590000033378601,1.649999976158142,3100,0,0
2012-06-15,1.559999942779541,1.6299999952316284,1.5,1.6299999952316284,6700,0,0
2012-06-18,1.6699999570846558,1.6699999570846558,1.590000033378601,1.6399999856948853,39300,0,0
2012-06-19,1.590000033378601,1.6399999856948853,1.590000033378601,1.6399999856948853,4600,0,0
2012-06-20,1.6399999856948853,1.6399999856948853,1.6399999856948853,1.6399999856948853,0,0,0
2012-06-21,1.590000033378601,1.590000033378601,1.5099999904632568,1.5099999904632568,200,0,0
2012-06-22,1.5499999523162842,1.5800000429153442,1.5499999523162842,1.5499999523162842,600,0,0
2012-06-25,1.5800000429153442,1.5800000429153442,1.5800000429153442,1.5800000429153442,100,0,0
2012-06-26,1.5,1.590000033378601,1.5,1.590000033378601,3300,0,0
2012-06-27,1.5099999904632568,1.5700000524520874,1.5099999904632568,1.5700000524520874,500,0,0
2012-06-28,1.5700000524520874,1.5700000524520874,1.5700000524520874,1.5700000524520874,0,0,0
2012-06-29,1.5700000524520874,1.5700000524520874,1.5700000524520874,1.5700000524520874,0,0,0
2012-07-02,1.5700000524520874,1.5700000524520874,1.5700000524520874,1.5700000524520874,0,0,0
2012-07-03,1.5800000429153442,1.5800000429153442,1.5800000429153442,1.5800000429153442,200,0,0
2012-07-05,1.5800000429153442,1.5800000429153442,1.5800000429153442,1.5800000429153442,0,0,0
2012-07-06,1.5800000429153442,1.5800000429153442,1.5800000429153442,1.5800000429153442,100,0,0
2012-07-09,1.590000033378601,1.590000033378601,1.590000033378601,1.590000033378601,200,0,0
2012-07-10,1.590000033378601,1.590000033378601,1.590000033378601,1.590000033378601,0,0,0
2012-07-11,1.590000033378601,1.590000033378601,1.5,1.590000033378601,800,0,0
2012-07-12,1.590000033378601,1.590000033378601,1.590000033378601,1.590000033378601,0,0,0
2012-07-13,1.5299999713897705,1.5299999713897705,1.5299999713897705,1.5299999713897705,100,0,0
2012-07-16,1.590000033378601,1.590000033378601,1.5099999904632568,1.5800000429153442,300,0,0
2012-07-17,1.590000033378601,1.590000033378601,1.590000033378601,1.590000033378601,200,0,0
2012-07-18,1.5,1.590000033378601,1.5,1.590000033378601,2600,0,0
2012-07-19,1.590000033378601,1.590000033378601,1.590000033378601,1.590000033378601,0,0,0
2012-07-20,1.590000033378601,1.590000033378601,1.590000033378601,1.590000033378601,0,0,0
2012-07-23,1.5499999523162842,1.590000033378601,1.5099999904632568,1.590000033378601,900,0,0
2012-07-24,1.590000033378601,1.590000033378601,1.590000033378601,1.590000033378601,0,0,0
2012-07-25,1.590000033378601,1.590000033378601,1.590000033378601,1.590000033378601,0,0,0
2012-07-26,1.5099999904632568,1.6299999952316284,1.5099999904632568,1.6299999952316284,1200,0,0
2012-07-27,1.5,1.6200000047683716,1.4600000381469727,1.6200000047683716,1500,0,0
2012-07-30,1.6200000047683716,1.6200000047683716,1.6200000047683716,1.6200000047683716,0,0,0
2012-07-31,1.559999942779541,1.6299999952316284,1.559999942779541,1.6299999952316284,1200,0,0
2012-08-01,1.559999942779541,1.6200000047683716,1.399999976158142,1.5800000429153442,2400,0,0
2012-08-02,1.5800000429153442,1.5800000429153442,1.5800000429153442,1.5800000429153442,0,0,0
2012-08-03,1.4800000190734863,1.4800000190734863,1.399999976158142,1.399999976158142,1600,0,0
2012-08-06,1.440000057220459,1.440000057220459,1.440000057220459,1.440000057220459,900,0,0
2012-08-07,1.4199999570846558,1.4199999570846558,1.2400000095367432,1.340000033378601,7400,0,0
2012-08-08,1.3799999952316284,1.3799999952316284,1.3700000047683716,1.3799999952316284,3200,0,0
2012-08-09,1.4800000190734863,1.4800000190734863,1.4800000190734863,1.4800000190734863,600,0,0
2012-08-10,1.4500000476837158,1.559999942779541,1.4199999570846558,1.4900000095367432,8200,0,0
2012-08-13,1.3600000143051147,1.5399999618530273,1.3200000524520874,1.5,4700,0,0
2012-08-14,1.4500000476837158,1.5,1.4500000476837158,1.5,500,0,0
2012-08-15,1.5,1.5,1.5,1.5,0,0,0
2012-08-16,1.5,1.5,1.5,1.5,0,0,0
2012-08-17,1.4500000476837158,1.4500000476837158,1.4500000476837158,1.4500000476837158,200,0,0
2012-08-20,1.4500000476837158,1.4500000476837158,1.4500000476837158,1.4500000476837158,0,0,0
2012-08-21,1.4500000476837158,1.4500000476837158,1.4199999570846558,1.4500000476837158,1400,0,0
2012-08-22,1.3600000143051147,1.4600000381469727,1.3300000429153442,1.4299999475479126,1400,0,0
2012-08-23,1.409999966621399,1.4800000190734863,1.409999966621399,1.4800000190734863,1100,0,0
2012-08-24,1.4800000190734863,1.4800000190734863,1.4800000190734863,1.4800000190734863,0,0,0
2012-08-27,1.3899999856948853,1.5,1.3200000524520874,1.440000057220459,5000,0,0
2012-08-28,1.4500000476837158,1.4500000476837158,1.2999999523162842,1.409999966621399,10900,0,0
2012-08-29,1.409999966621399,1.409999966621399,1.409999966621399,1.409999966621399,0,0,0
2012-08-30,1.440000057220459,1.4700000286102295,1.440000057220459,1.440000057220459,1500,0,0
2012-08-31,1.4299999475479126,1.4700000286102295,1.3799999952316284,1.3799999952316284,2700,0,0
2012-09-04,1.4800000190734863,1.4800000190734863,1.4800000190734863,1.4800000190734863,100,0,0
2012-09-05,1.4199999570846558,1.4199999570846558,1.4199999570846558,1.4199999570846558,100,0,0
2012-09-06,1.2999999523162842,1.440000057220459,1.2999999523162842,1.350000023841858,5800,0,0
2012-09-07,1.4299999475479126,1.4600000381469727,1.2999999523162842,1.4600000381469727,4800,0,0
2012-09-10,1.350000023841858,1.399999976158142,1.350000023841858,1.399999976158142,11200,0,0
2012-09-11,1.3799999952316284,1.4299999475479126,1.3600000143051147,1.3600000143051147,2900,0,0
2012-09-12,1.309999942779541,1.3799999952316284,1.309999942779541,1.350000023841858,1500,0,0
2012-09-13,1.440000057220459,1.440000057220459,1.409999966621399,1.409999966621399,200,0,0
2012-09-14,1.409999966621399,1.409999966621399,1.409999966621399,1.409999966621399,0,0,0
2012-09-17,1.5099999904632568,1.5099999904632568,1.3700000047683716,1.3700000047683716,1200,0,0
2012-09-18,1.3600000143051147,1.3600000143051147,1.3600000143051147,1.3600000143051147,100,0,0
2012-09-19,1.3600000143051147,1.3600000143051147,1.3600000143051147,1.3600000143051147,100,0,0
2012-09-20,1.2999999523162842,1.4299999475479126,1.25,1.399999976158142,3600,0,0
2012-09-21,1.340000033378601,1.3600000143051147,1.340000033378601,1.340000033378601,1200,0,0
2012-09-24,1.3600000143051147,1.399999976158142,0.9900000095367432,1.350000023841858,8500,0,0
2012-09-25,1.2699999809265137,1.350000023841858,1.1699999570846558,1.350000023841858,4400,0,0
2012-09-26,1.350000023841858,1.350000023841858,1.350000023841858,1.350000023841858,0,0,0
2012-09-27,1.2899999618530273,1.340000033378601,1.149999976158142,1.340000033378601,2800,0,0
2012-09-28,1.340000033378601,1.340000033378601,1.340000033378601,1.340000033378601,0,0,0
2012-10-01,1.340000033378601,1.340000033378601,1.340000033378601,1.340000033378601,100,0,0
2012-10-02,1.3300000429153442,1.340000033378601,1.3300000429153442,1.340000033378601,500,0,0
2012-10-03,1.3300000429153442,1.3300000429153442,1.309999942779541,1.309999942779541,200,0,0
2012-10-04,1.309999942779541,1.309999942779541,1.2000000476837158,1.2000000476837158,1400,0,0
2012-10-05,1.2000000476837158,1.2000000476837158,1.2000000476837158,1.2000000476837158,300,0,0
2012-10-08,1.2000000476837158,1.2000000476837158,1.2000000476837158,1.2000000476837158,0,0,0
2012-10-09,1.2799999713897705,1.2799999713897705,1.2799999713897705,1.2799999713897705,100,0,0
2012-10-10,1.2799999713897705,1.2799999713897705,1.2799999713897705,1.2799999713897705,0,0,0
2012-10-11,1.2599999904632568,1.2599999904632568,1.1799999475479126,1.2599999904632568,1600,0,0
2012-10-12,1.2599999904632568,1.2599999904632568,1.2599999904632568,1.2599999904632568,0,0,0
2012-10-15,1.2100000381469727,1.2799999713897705,1.2100000381469727,1.2400000095367432,900,0,0
2012-10-16,1.2799999713897705,1.350000023841858,1.2699999809265137,1.350000023841858,3300,0,0
2012-10-17,1.350000023841858,1.350000023841858,1.350000023841858,1.350000023841858,0,0,0
2012-10-18,1.2799999713897705,1.350000023841858,1.2599999904632568,1.350000023841858,3300,0,0
2012-10-19,1.350000023841858,1.350000023841858,1.350000023841858,1.350000023841858,0,0,0
2012-10-22,1.350000023841858,1.350000023841858,1.350000023841858,1.350000023841858,200,0,0
2012-10-23,1.2400000095367432,1.340000033378601,1.2400000095367432,1.340000033378601,300,0,0
2012-10-24,1.2599999904632568,1.350000023841858,1.2599999904632568,1.350000023841858,300,0,0
2012-10-25,1.350000023841858,1.350000023841858,1.350000023841858,1.350000023841858,0,0,0
2012-10-26,1.2599999904632568,1.350000023841858,1.2599999904632568,1.350000023841858,2300,0,0
2012-10-31,1.350000023841858,1.350000023841858,1.350000023841858,1.350000023841858,100,0,0
2012-11-01,1.350000023841858,1.350000023841858,1.350000023841858,1.350000023841858,0,0,0
2012-11-02,1.350000023841858,1.350000023841858,1.2300000190734863,1.2400000095367432,4100,0,0
2012-11-05,1.309999942779541,1.309999942779541,1.2300000190734863,1.2799999713897705,1500,0,0
2012-11-06,1.2799999713897705,1.2799999713897705,1.2799999713897705,1.2799999713897705,0,0,0
2012-11-07,1.2799999713897705,1.2799999713897705,1.2799999713897705,1.2799999713897705,0,0,0
2012-11-08,1.2599999904632568,1.2899999618530273,1.2599999904632568,1.2899999618530273,900,0,0
2012-11-09,1.2300000190734863,1.2999999523162842,1.2200000286102295,1.2999999523162842,2900,0,0
2012-11-12,1.309999942779541,1.7100000381469727,1.2999999523162842,1.7000000476837158,14300,0,0
2012-11-13,1.5,1.7599999904632568,1.5,1.7000000476837158,7100,0,0
2012-11-14,1.7000000476837158,1.7799999713897705,1.7000000476837158,1.75,3500,0,0
2012-11-15,1.75,1.75,1.75,1.75,0,0,0
2012-11-16,1.6399999856948853,1.6399999856948853,1.6100000143051147,1.6100000143051147,300,0,0
2012-11-19,1.6399999856948853,1.899999976158142,1.5,1.7999999523162842,11300,0,0
2012-11-20,1.7999999523162842,1.7999999523162842,1.7999999523162842,1.7999999523162842,0,0,0
2012-11-21,1.6200000047683716,2.0,1.6200000047683716,2.0,1600,0,0
2012-11-23,1.8600000143051147,1.8600000143051147,1.850000023841858,1.8600000143051147,1700,0,0
2012-11-26,1.809999942779541,1.9900000095367432,1.809999942779541,1.9500000476837158,4300,0,0
2012-11-27,1.7799999713897705,2.200000047683716,1.75,2.200000047683716,18100,0,0
2012-11-28,2.200000047683716,2.2799999713897705,2.0999999046325684,2.2200000286102295,15900,0,0
2012-11-29,2.2200000286102295,2.2200000286102295,2.0199999809265137,2.190000057220459,15500,0,0
2012-11-30,2.0899999141693115,2.1700000762939453,1.9500000476837158,2.049999952316284,6100,0,0
2012-12-03,2.0399999618530273,2.049999952316284,1.5499999523162842,1.7999999523162842,6000,0,0
2012-12-04,1.7999999523162842,1.7999999523162842,1.659999966621399,1.659999966621399,4600,0,0
2012-12-05,1.7000000476837158,1.7000000476837158,1.5,1.600000023841858,14600,0,0
2012-12-06,1.559999942779541,1.6200000047683716,1.5099999904632568,1.5700000524520874,900,0,0
2012-12-07,1.559999942779541,1.659999966621399,1.559999942779541,1.649999976158142,11800,0,0
2012-12-10,1.559999942779541,1.559999942779541,1.559999942779541,1.559999942779541,11400,0,0
2012-12-11,1.559999942779541,1.559999942779541,1.559999942779541,1.559999942779541,6200,0,0
2012-12-12,1.559999942779541,1.559999942779541,1.559999942779541,1.559999942779541,5400,0,0
2012-12-13,1.5199999809265137,1.649999976158142,1.4600000381469727,1.649999976158142,2700,0,0
2012-12-14,1.649999976158142,1.649999976158142,1.600000023841858,1.600000023841858,1500,0,0
2012-12-17,1.600000023841858,1.600000023841858,1.600000023841858,1.600000023841858,0,0,0
2012-12-18,1.600000023841858,1.600000023841858,1.600000023841858,1.600000023841858,0,0,0
2012-12-19,1.6299999952316284,1.6299999952316284,1.6299999952316284,1.6299999952316284,300,0,0
2012-12-20,1.659999966621399,2.059999942779541,1.659999966621399,2.049999952316284,9300,0,0
2012-12-21,2.049999952316284,2.049999952316284,2.049999952316284,2.049999952316284,0,0,0
2012-12-24,1.8899999856948853,1.8899999856948853,1.8899999856948853,1.8899999856948853,200,0,0
2012-12-26,1.850000023841858,1.850000023841858,1.7599999904632568,1.8200000524520874,2900,0,0
2012-12-27,1.8300000429153442,1.8300000429153442,1.8300000429153442,1.8300000429153442,100,0,0
2012-12-28,1.659999966621399,1.850000023841858,1.659999966621399,1.850000023841858,2900,0,0
2012-12-31,1.899999976158142,2.049999952316284,1.899999976158142,2.049999952316284,400,0,0
2013-01-02,1.9299999475479126,2.109999895095825,1.600000023841858,2.049999952316284,11700,0,0
2013-01-03,1.909999966621399,2.049999952316284,1.6799999475479126,1.940000057220459,4400,0,0
2013-01-04,1.8200000524520874,1.940000057220459,1.7999999523162842,1.899999976158142,4000,0,0
2013-01-07,1.899999976158142,1.899999976158142,1.899999976158142,1.899999976158142,0,0,0
2013-01-08,1.8200000524520874,1.899999976158142,1.8200000524520874,1.899999976158142,200,0,0
2013-01-09,1.899999976158142,1.899999976158142,1.899999976158142,1.899999976158142,0,0,0
2013-01-10,1.899999976158142,1.899999976158142,1.8899999856948853,1.8899999856948853,600,0,0
2013-01-11,1.8899999856948853,1.899999976158142,1.7999999523162842,1.7999999523162842,3600,0,0
2013-01-14,1.8799999952316284,1.8799999952316284,1.8799999952316284,1.8799999952316284,100,0,0
2013-01-15,1.75,1.899999976158142,1.7200000286102295,1.899999976158142,2900,0,0
2013-01-16,1.7200000286102295,1.8600000143051147,1.6200000047683716,1.8600000143051147,4900,0,0
2013-01-17,1.850000023841858,1.8600000143051147,1.850000023841858,1.8600000143051147,2100,0,0
2013-01-18,1.8600000143051147,1.8600000143051147,1.8600000143051147,1.8600000143051147,5000,0,0
2013-01-22,1.8600000143051147,1.899999976158142,1.7899999618530273,1.899999976158142,3300,0,0
2013-01-23,1.840000033378601,1.899999976158142,1.840000033378601,1.899999976158142,300,0,0
2013-01-24,1.899999976158142,2.0799999237060547,1.840000033378601,2.0799999237060547,1800,0,0
2013-01-25,2.009999990463257,2.009999990463257,2.0,2.0,2400,0,0
2013-01-28,2.0,2.0,2.0,2.0,0,0,0
2013-01-29,2.0799999237060547,2.0799999237060547,2.0799999237060547,2.0799999237060547,100,0,0
2013-01-30,2.240000009536743,2.240000009536743,1.8200000524520874,2.2100000381469727,7200,0,0
2013-01-31,2.1600000858306885,2.1600000858306885,2.0399999618530273,2.1500000953674316,600,0,0
2013-02-01,2.1500000953674316,2.1500000953674316,2.119999885559082,2.119999885559082,300,0,0
2013-02-04,2.119999885559082,2.119999885559082,2.119999885559082,2.119999885559082,0,0,0
2013-02-05,1.9700000286102295,2.069999933242798,1.75,1.8600000143051147,39200,0,0
2013-02-06,1.899999976158142,2.059999942779541,1.899999976158142,1.9199999570846558,2100,0,0
2013-02-07,1.9500000476837158,2.0,1.8600000143051147,1.9500000476837158,1700,0,0
2013-02-08,1.9500000476837158,1.9500000476837158,1.940000057220459,1.9500000476837158,900,0,0
2013-02-11,1.9500000476837158,1.9900000095367432,1.7999999523162842,1.9500000476837158,4900,0,0
2013-02-12,1.909999966621399,1.9299999475479126,1.850000023841858,1.9299999475479126,900,0,0
2013-02-13,1.9299999475479126,1.9299999475479126,1.9299999475479126,1.9299999475479126,0,0,0
2013-02-14,1.9299999475479126,1.9299999475479126,1.9299999475479126,1.9299999475479126,0,0,0
2013-02-15,1.840000033378601,1.8899999856948853,1.809999942779541,1.850000023841858,3200,0,0
2013-02-19,1.8899999856948853,1.8899999856948853,1.8700000047683716,1.8899999856948853,1100,0,0
2013-02-20,1.8899999856948853,1.8899999856948853,1.8899999856948853,1.8899999856948853,100,0,0
2013-02-21,1.7999999523162842,1.8899999856948853,1.7999999523162842,1.8899999856948853,2200,0,0
2013-02-22,1.8200000524520874,1.8200000524520874,1.7799999713897705,1.7799999713897705,2700,0,0
2013-02-25,1.7799999713897705,1.8200000524520874,1.7799999713897705,1.809999942779541,1400,0,0
2013-02-26,1.7999999523162842,1.7999999523162842,1.7999999523162842,1.7999999523162842,600,0,0
2013-02-27,1.7999999523162842,1.8200000524520874,1.7799999713897705,1.7799999713897705,1700,0,0
2013-02-28,1.9900000095367432,1.9900000095367432,1.909999966621399,1.909999966621399,200,0,0
2013-03-01,1.8899999856948853,1.8899999856948853,1.8899999856948853,1.8899999856948853,3500,0,0
2013-03-04,1.7799999713897705,1.809999942779541,1.7799999713897705,1.809999942779541,400,0,0
2013-03-05,1.75,1.850000023841858,1.75,1.850000023841858,1600,0,0
2013-03-06,1.850000023841858,1.850000023841858,1.850000023841858,1.850000023841858,0,0,0
2013-03-07,1.7899999618530273,1.850000023841858,1.7699999809265137,1.7899999618530273,1200,0,0
2013-03-08,1.840000033378601,1.840000033378601,1.840000033378601,1.840000033378601,100,0,0
2013-03-11,1.840000033378601,1.840000033378601,1.840000033378601,1.840000033378601,0,0,0
2013-03-12,1.75,1.840000033378601,1.75,1.840000033378601,1100,0,0
2013-03-13,1.7599999904632568,1.8300000429153442,1.7599999904632568,1.8300000429153442,200,0,0
2013-03-14,1.8300000429153442,1.8300000429153442,1.8300000429153442,1.8300000429153442,0,0,0
2013-03-15,1.75,1.840000033378601,1.75,1.840000033378601,10100,0,0
2013-03-18,1.850000023841858,2.059999942779541,1.850000023841858,2.0299999713897705,18500,0,0
2013-03-19,2.0,2.059999942779541,2.0,2.059999942779541,3000,0,0
2013-03-20,2.0,2.069999933242798,2.0,2.059999942779541,5300,0,0
2013-03-21,2.059999942779541,2.059999942779541,2.059999942779541,2.059999942779541,0,0,0
2013-03-22,2.059999942779541,2.059999942779541,2.059999942779541,2.059999942779541,0,0,0
2013-03-25,2.059999942779541,2.059999942779541,2.059999942779541,2.059999942779541,0,0,0
2013-03-26,2.059999942779541,2.059999942779541,2.059999942779541,2.059999942779541,0,0,0
2013-03-27,2.0,2.069999933242798,1.9700000286102295,2.049999952316284,3400,0,0
2013-03-28,2.0399999618530273,2.069999933242798,1.9700000286102295,2.069999933242798,1600,0,0
2013-04-01,2.069999933242798,2.069999933242798,2.069999933242798,2.069999933242798,0,0,0
2013-04-02,2.069999933242798,2.069999933242798,2.069999933242798,2.069999933242798,0,0,0
2013-04-03,2.069999933242798,2.069999933242798,1.8899999856948853,1.9700000286102295,1200,0,0
2013-04-04,1.9700000286102295,1.9700000286102295,1.9700000286102295,1.9700000286102295,0,0,0
2013-04-05,1.9700000286102295,1.9700000286102295,1.9700000286102295,1.9700000286102295,0,0,0
2013-04-08,1.9199999570846558,1.9199999570846558,1.9199999570846558,1.9199999570846558,300,0,0
2013-04-09,2.059999942779541,2.059999942779541,1.9800000190734863,2.059999942779541,1300,0,0
2013-04-10,2.059999942779541,2.059999942779541,2.059999942779541,2.059999942779541,0,0,0
2013-04-11,2.0299999713897705,2.0299999713897705,2.0299999713897705,2.0299999713897705,100,0,0
2013-04-12,1.8799999952316284,2.0299999713897705,1.8799999952316284,2.0299999713897705,400,0,0
2013-04-15,2.119999885559082,2.380000114440918,2.119999885559082,2.3499999046325684,13500,0,0
2013-04-16,2.369999885559082,2.369999885559082,2.25,2.2699999809265137,3300,0,0
2013-04-17,2.1500000953674316,2.259999990463257,2.0199999809265137,2.25,17600,0,0
2013-04-18,2.319999933242798,2.319999933242798,2.059999942779541,2.2799999713897705,1100,0,0
2013-04-19,2.380000114440918,2.380000114440918,2.0399999618530273,2.2300000190734863,12500,0,0
2013-04-22,2.390000104904175,2.390000104904175,2.140000104904175,2.3299999237060547,2900,0,0
2013-04-23,2.319999933242798,2.319999933242798,2.1600000858306885,2.2899999618530273,2800,0,0
2013-04-24,2.2200000286102295,2.309999942779541,2.0899999141693115,2.2100000381469727,19500,0,0
2013-04-25,2.130000114440918,2.2100000381469727,2.0799999237060547,2.109999895095825,8500,0,0
2013-04-26,2.059999942779541,2.109999895095825,2.0,2.0999999046325684,13800,0,0
2013-04-29,2.190000057220459,2.2699999809265137,2.109999895095825,2.200000047683716,11000,0,0
2013-04-30,2.25,2.4000000953674316,2.2300000190734863,2.2799999713897705,8300,0,0
2013-05-01,2.2799999713897705,2.2799999713897705,2.2799999713897705,2.2799999713897705,0,0,0
2013-05-02,2.0999999046325684,2.200000047683716,1.9299999475479126,2.140000104904175,7100,0,0
2013-05-03,2.049999952316284,2.2200000286102295,2.0299999713897705,2.200000047683716,2600,0,0
2013-05-06,2.180000066757202,2.180000066757202,2.0399999618530273,2.109999895095825,1800,0,0
2013-05-07,2.0799999237060547,2.130000114440918,1.8899999856948853,2.0999999046325684,6300,0,0
2013-05-08,2.109999895095825,2.259999990463257,2.109999895095825,2.2100000381469727,2700,0,0
2013-05-09,2.190000057220459,2.190000057220459,2.1600000858306885,2.1600000858306885,1300,0,0
2013-05-10,2.059999942779541,2.119999885559082,2.009999990463257,2.119999885559082,1800,0,0
2013-05-13,2.049999952316284,2.130000114440918,2.049999952316284,2.130000114440918,800,0,0
2013-05-14,2.240000009536743,2.2799999713897705,2.2100000381469727,2.259999990463257,4800,0,0
2013-05-15,2.4000000953674316,2.890000104904175,2.4000000953674316,2.890000104904175,144200,0,0
2013-05-16,3.0,3.5,2.9100000858306885,3.0399999618530273,155400,0,0
2013-05-17,3.0999999046325684,3.450000047683716,3.0399999618530273,3.2300000190734863,32600,0,0
2013-05-20,3.25,3.549999952316284,3.2300000190734863,3.390000104904175,66800,0,0
2013-05-21,3.450000047683716,3.549999952316284,2.6600000858306885,3.200000047683716,55400,0,0
2013-05-22,3.309999942779541,3.3499999046325684,3.009999990463257,3.200000047683716,10100,0,0
2013-05-23,3.240000009536743,3.440000057220459,3.0199999809265137,3.299999952316284,21100,0,0
2013-05-24,3.25,3.25,3.0999999046325684,3.130000114440918,5800,0,0
2013-05-28,3.109999895095825,3.119999885559082,3.0,3.0,18600,0,0
2013-05-29,3.0999999046325684,3.0999999046325684,2.9200000762939453,2.9700000286102295,15400,0,0
2013-05-30,3.0299999713897705,3.0299999713897705,2.700000047683716,2.7799999713897705,27300,0,0
2013-05-31,2.799999952316284,3.0299999713897705,2.559999942779541,3.0299999713897705,14300,0,0
2013-06-03,3.0799999237060547,3.0799999237060547,2.9100000858306885,2.930000066757202,3500,0,0
2013-06-04,2.950000047683716,3.0,2.9100000858306885,3.0,2200,0,0
2013-06-05,3.0,3.0,3.0,3.0,0,0,0
2013-06-06,2.9000000953674316,2.950000047683716,2.690000057220459,2.859999895095825,7500,0,0
2013-06-07,2.8299999237060547,2.950000047683716,2.8299999237060547,2.880000114440918,3600,0,0
2013-06-10,2.950000047683716,2.950000047683716,2.759999990463257,2.930000066757202,7800,0,0
2013-06-11,2.9000000953674316,2.9000000953674316,2.8499999046325684,2.9000000953674316,3400,0,0
2013-06-12,2.9000000953674316,2.9000000953674316,2.819999933242798,2.880000114440918,18400,0,0
2013-06-13,2.8299999237060547,2.890000104904175,2.8299999237060547,2.890000104904175,3600,0,0
2013-06-14,2.8399999141693115,2.8399999141693115,2.799999952316284,2.799999952316284,5200,0,0
2013-06-17,2.799999952316284,2.809999942779541,2.799999952316284,2.799999952316284,900,0,0
2013-06-18,2.7899999618530273,2.799999952316284,2.7899999618530273,2.799999952316284,500,0,0
2013-06-19,2.799999952316284,2.799999952316284,2.799999952316284,2.799999952316284,0,0,0
2013-06-20,2.7100000381469727,2.7899999618530273,2.700000047683716,2.7899999618530273,1700,0,0
2013-06-21,2.7100000381469727,2.799999952316284,2.700000047683716,2.7899999618530273,4000,0,0
2013-06-24,2.799999952316284,2.799999952316284,2.700000047683716,2.7300000190734863,11000,0,0
2013-06-25,2.7799999713897705,2.7899999618530273,2.6700000762939453,2.7899999618530273,1200,0,0
2013-06-26,2.700000047683716,2.7799999713897705,2.5999999046325684,2.7699999809265137,8500,0,0
2013-06-27,2.6500000953674316,2.799999952316284,2.5999999046325684,2.7200000286102295,6800,0,0
2013-06-28,2.6600000858306885,2.7899999618530273,2.6500000953674316,2.6500000953674316,3600,0,0
2013-07-01,2.6500000953674316,2.6500000953674316,2.5999999046325684,2.640000104904175,2200,0,0
2013-07-02,2.609999895095825,2.740000009536743,2.609999895095825,2.7200000286102295,2300,0,0
2013-07-03,2.7200000286102295,2.7200000286102295,2.5999999046325684,2.5999999046325684,5500,0,0
2013-07-05,2.609999895095825,2.609999895095825,2.5,2.5999999046325684,8100,0,0
2013-07-08,2.6500000953674316,2.6500000953674316,2.5299999713897705,2.619999885559082,1200,0,0
2013-07-09,2.609999895095825,2.75,2.5899999141693115,2.75,8400,0,0
2013-07-10,2.630000114440918,2.740000009536743,2.5799999237060547,2.740000009536743,1500,0,0
2013-07-11,2.630000114440918,2.75,2.630000114440918,2.640000104904175,1800,0,0
2013-07-12,2.740000009536743,2.740000009536743,2.6500000953674316,2.6500000953674316,800,0,0
2013-07-15,2.6700000762939453,2.890000104904175,2.6700000762939453,2.890000104904175,14900,0,0
2013-07-16,2.8299999237060547,3.299999952316284,2.8299999237060547,3.25,32900,0,0
2013-07-17,3.200000047683716,3.3499999046325684,3.0299999713897705,3.2899999618530273,21000,0,0
2013-07-18,3.140000104904175,3.3299999237060547,2.759999990463257,3.0199999809265137,11200,0,0
2013-07-19,3.0199999809265137,3.200000047683716,2.9000000953674316,3.0799999237060547,3400,0,0
2013-07-22,3.1500000953674316,3.1500000953674316,2.9200000762939453,3.0999999046325684,10600,0,0
2013-07-23,3.0,3.0999999046325684,3.0,3.0999999046325684,4400,0,0
2013-07-24,3.0899999141693115,3.0999999046325684,2.930000066757202,3.0899999141693115,6900,0,0
2013-07-25,3.0899999141693115,3.0999999046325684,3.0,3.049999952316284,11400,0,0
2013-07-26,3.049999952316284,3.049999952316284,2.930000066757202,3.049999952316284,4100,0,0
2013-07-29,2.9700000286102295,3.049999952316284,2.930000066757202,3.049999952316284,2500,0,0
2013-07-30,3.049999952316284,3.049999952316284,2.9000000953674316,3.0399999618530273,10000,0,0
2013-07-31,2.9700000286102295,3.0399999618530273,2.9200000762939453,3.0399999618530273,9000,0,0
2013-08-01,3.0299999713897705,3.0399999618530273,2.950000047683716,3.0399999618530273,11700,0,0
2013-08-02,3.0,3.0,2.9000000953674316,2.9000000953674316,8200,0,0
2013-08-05,2.9600000381469727,3.119999885559082,2.9000000953674316,3.119999885559082,18100,0,0
2013-08-06,3.069999933242798,3.190000057220459,3.049999952316284,3.180000066757202,7800,0,0
2013-08-07,3.2300000190734863,3.3499999046325684,3.0,3.200000047683716,5700,0,0
2013-08-08,3.299999952316284,3.299999952316284,3.200000047683716,3.25,1800,0,0
2013-08-09,3.2899999618530273,3.4000000953674316,3.119999885559082,3.380000114440918,20000,0,0
2013-08-12,3.380000114440918,3.380000114440918,3.2300000190734863,3.3299999237060547,6800,0,0
2013-08-13,3.2100000381469727,3.319999933242798,3.180000066757202,3.240000009536743,20300,0,0
2013-08-14,3.190000057220459,3.2899999618530273,3.0199999809265137,3.0399999618530273,15500,0,0
2013-08-15,3.049999952316284,3.0899999141693115,2.930000066757202,3.0899999141693115,4000,0,0
2013-08-16,2.930000066757202,3.0,2.8399999141693115,2.940000057220459,13300,0,0
2013-08-19,2.930000066757202,3.75,2.930000066757202,2.940000057220459,353100,0,0
2013-08-20,2.990000009536743,3.009999990463257,2.7699999809265137,2.9200000762939453,67800,0,0
2013-08-21,2.940000057220459,2.940000057220459,2.609999895095825,2.7799999713897705,28500,0,0
2013-08-22,2.7799999713897705,2.8499999046325684,2.7100000381469727,2.7699999809265137,7600,0,0
2013-08-23,2.700000047683716,2.8299999237060547,2.630000114440918,2.8299999237060547,15400,0,0
2013-08-26,2.890000104904175,3.0299999713897705,2.890000104904175,3.0299999713897705,7400,0,0
2013-08-27,3.049999952316284,3.049999952316284,2.9000000953674316,3.0299999713897705,4800,0,0
2013-08-28,3.049999952316284,3.049999952316284,2.9100000858306885,3.0399999618530273,5800,0,0
2013-08-29,2.9000000953674316,3.049999952316284,2.9000000953674316,3.0299999713897705,7900,0,0
2013-08-30,2.9000000953674316,3.0299999713897705,2.9000000953674316,3.0199999809265137,15700,0,0
2013-09-03,2.9100000858306885,3.0299999713897705,2.9000000953674316,3.0299999713897705,7800,0,0
2013-09-04,2.9700000286102295,3.0299999713897705,2.9100000858306885,3.0,1400,0,0
2013-09-05,2.940000057220459,3.0199999809265137,2.7799999713897705,3.0199999809265137,24300,0,0
2013-09-06,3.0,3.0199999809265137,2.8399999141693115,2.990000009536743,16300,0,0
2013-09-09,2.990000009536743,3.0199999809265137,2.8499999046325684,2.9700000286102295,17900,0,0
2013-09-10,3.009999990463257,3.0199999809265137,2.950000047683716,3.0,4200,0,0
2013-09-11,3.0,3.049999952316284,3.0,3.049999952316284,18100,0,0
2013-09-12,3.069999933242798,3.069999933242798,2.950000047683716,3.049999952316284,10300,0,0
2013-09-13,3.109999895095825,3.109999895095825,2.880000114440918,3.0,10300,0,0
2013-09-16,3.049999952316284,3.200000047683716,2.9000000953674316,3.1500000953674316,34400,0,0
2013-09-17,3.2100000381469727,3.240000009536743,3.0199999809265137,3.240000009536743,16800,0,0
2013-09-18,3.240000009536743,3.390000104904175,3.069999933242798,3.1500000953674316,73400,0,0
2013-09-19,3.2899999618530273,3.2899999618530273,3.0999999046325684,3.240000009536743,11100,0,0
2013-09-20,3.299999952316284,3.4000000953674316,3.109999895095825,3.25,38300,0,0
2013-09-23,3.319999933242798,3.390000104904175,3.1500000953674316,3.2899999618530273,18500,0,0
2013-09-24,3.390000104904175,3.390000104904175,3.1600000858306885,3.299999952316284,24100,0,0
2013-09-25,3.4000000953674316,3.490000009536743,3.259999990463257,3.4100000858306885,19300,0,0
2013-09-26,3.450000047683716,3.5299999713897705,3.430000066757202,3.4700000286102295,11700,0,0
2013-09-27,3.450000047683716,3.4700000286102295,3.4000000953674316,3.440000057220459,7300,0,0
2013-09-30,3.309999942779541,3.9200000762939453,3.309999942779541,3.799999952316284,53100,0,0
2013-10-01,4.159999847412109,4.28000020980835,3.9200000762939453,4.0,48900,0,0
2013-10-02,4.0,4.28000020980835,3.8499999046325684,4.199999809265137,15900,0,0
2013-10-03,4.28000020980835,4.989999771118164,4.25,4.900000095367432,76700,0,0
2013-10-04,4.900000095367432,4.900000095367432,4.5,4.739999771118164,46700,0,0
2013-10-07,4.78000020980835,4.78000020980835,3.940000057220459,3.9800000190734863,96800,0,0
2013-10-08,4.03000020980835,4.340000152587891,3.9600000381469727,4.090000152587891,44600,0,0
2013-10-09,4.070000171661377,4.21999979019165,4.0,4.0,13600,0,0
2013-10-10,4.199999809265137,4.210000038146973,3.9700000286102295,3.9700000286102295,16500,0,0
2013-10-11,4.210000038146973,4.210000038146973,3.619999885559082,3.990000009536743,50400,0,0
2013-10-14,4.019999980926514,4.199999809265137,3.940000057220459,4.199999809265137,8300,0,0
2013-10-15,4.21999979019165,4.829999923706055,4.21999979019165,4.670000076293945,48800,0,0
2013-10-16,4.599999904632568,4.809999942779541,4.199999809265137,4.300000190734863,35500,0,0
2013-10-17,4.53000020980835,4.800000190734863,4.53000020980835,4.690000057220459,21400,0,0
2013-10-18,4.789999961853027,4.900000095367432,4.610000133514404,4.889999866485596,45500,0,0
2013-10-21,4.900000095367432,5.199999809265137,4.889999866485596,5.099999904632568,110700,0,0
2013-10-22,5.099999904632568,5.099999904632568,4.610000133514404,4.840000152587891,19700,0,0
2013-10-23,4.940000057220459,4.940000057220459,4.809999942779541,4.820000171661377,3600,0,0
2013-10-24,4.800000190734863,4.800000190734863,4.21999979019165,4.260000228881836,84100,0,0
2013-10-25,5.059999942779541,5.059999942779541,4.269999980926514,4.550000190734863,35600,0,0
2013-10-28,4.21999979019165,4.539999961853027,4.21999979019165,4.539999961853027,4800,0,0
2013-10-29,4.480000019073486,4.480000019073486,4.309999942779541,4.480000019073486,36000,0,0
2013-10-30,4.440000057220459,4.480000019073486,4.360000133514404,4.480000019073486,9700,0,0
2013-10-31,4.400000095367432,4.480000019073486,4.300000190734863,4.300000190734863,11600,0,0
2013-11-01,4.320000171661377,4.380000114440918,4.320000171661377,4.380000114440918,4000,0,0
2013-11-04,4.300000190734863,4.380000114440918,4.199999809265137,4.320000171661377,57200,0,0
2013-11-05,4.25,4.380000114440918,3.930000066757202,4.230000019073486,70000,0,0
2013-11-06,4.010000228881836,4.21999979019165,3.9800000190734863,4.130000114440918,54000,0,0
2013-11-07,4.119999885559082,4.230000019073486,3.9000000953674316,4.21999979019165,14600,0,0
2013-11-08,4.230000019073486,4.230000019073486,4.110000133514404,4.110000133514404,4600,0,0
2013-11-11,4.039999961853027,4.329999923706055,4.039999961853027,4.210000038146973,12300,0,0
2013-11-12,4.320000171661377,4.449999809265137,4.170000076293945,4.25,25000,0,0
2013-11-13,4.489999771118164,4.949999809265137,4.289999961853027,4.46999979019165,107700,0,0
2013-11-14,4.559999942779541,4.989999771118164,4.559999942779541,4.590000152587891,29400,0,0
2013-11-15,4.730000019073486,4.769999980926514,4.579999923706055,4.579999923706055,25400,0,0
2013-11-18,4.699999809265137,4.880000114440918,4.550000190734863,4.550000190734863,12500,0,0
2013-11-19,4.670000076293945,4.829999923706055,4.539999961853027,4.670000076293945,20500,0,0
2013-11-20,4.789999961853027,4.989999771118164,4.760000228881836,4.980000019073486,55400,0,0
2013-11-21,4.980000019073486,5.289999961853027,4.480000019073486,4.670000076293945,123500,0,0
2013-11-22,4.75,4.78000020980835,4.610000133514404,4.75,29800,0,0
2013-11-25,4.760000228881836,4.949999809265137,4.579999923706055,4.659999847412109,21400,0,0
2013-11-26,4.690000057220459,4.909999847412109,4.670000076293945,4.75,28100,0,0
2013-11-27,4.699999809265137,4.920000076293945,4.699999809265137,4.880000114440918,5700,0,0
2013-11-29,4.920000076293945,4.920000076293945,4.840000152587891,4.920000076293945,2800,0,0
2013-12-02,4.920000076293945,5.949999809265137,4.920000076293945,5.880000114440918,96000,0,0
2013-12-03,5.889999866485596,5.980000019073486,5.349999904632568,5.800000190734863,66900,0,0
2013-12-04,5.800000190734863,6.199999809265137,5.800000190734863,6.059999942779541,15400,0,0
2013-12-05,6.239999771118164,6.75,5.239999771118164,6.75,93900,0,0
2013-12-06,6.449999809265137,6.699999809265137,6.21999979019165,6.400000095367432,17200,0,0
2013-12-09,6.449999809265137,6.449999809265137,6.130000114440918,6.309999942779541,14900,0,0
2013-12-10,6.25,6.25,5.480000019073486,5.849999904632568,35700,0,0
2013-12-11,5.909999847412109,6.25,5.829999923706055,6.099999904632568,25500,0,0
2013-12-12,6.099999904632568,6.099999904632568,5.860000133514404,6.079999923706055,8900,0,0
2013-12-13,5.869999885559082,6.050000190734863,5.760000228881836,5.760000228881836,10500,0,0
2013-12-16,5.75,5.75,5.5,5.699999809265137,6800,0,0
2013-12-17,5.699999809265137,6.010000228881836,5.650000095367432,5.949999809265137,6000,0,0
2013-12-18,5.789999961853027,6.0,5.349999904632568,5.360000133514404,52800,0,0
2013-12-19,5.380000114440918,5.570000171661377,4.809999942779541,5.070000171661377,59500,0,0
2013-12-20,4.809999942779541,5.050000190734863,4.809999942779541,4.989999771118164,25700,0,0
2013-12-23,5.050000190734863,5.050000190734863,4.820000171661377,4.920000076293945,20200,0,0
2013-12-24,4.949999809265137,4.980000019073486,4.940000057220459,4.940000057220459,1200,0,0
2013-12-26,4.860000133514404,4.929999828338623,4.809999942779541,4.820000171661377,3100,0,0
2013-12-27,4.820000171661377,4.96999979019165,4.539999961853027,4.840000152587891,35200,0,0
2013-12-30,4.829999923706055,4.949999809265137,4.579999923706055,4.949999809265137,16800,0,0
2013-12-31,4.900000095367432,5.150000095367432,4.900000095367432,4.989999771118164,17000,0,0
2014-01-02,5.099999904632568,5.349999904632568,5.03000020980835,5.28000020980835,9900,0,0
2014-01-03,5.46999979019165,5.590000152587891,5.380000114440918,5.429999828338623,17700,0,0
2014-01-06,5.599999904632568,5.809999942779541,5.489999771118164,5.610000133514404,20200,0,0
2014-01-07,5.659999847412109,5.670000076293945,5.610000133514404,5.650000095367432,3000,0,0
2014-01-08,5.699999809265137,5.699999809265137,5.510000228881836,5.670000076293945,11000,0,0
2014-01-09,5.369999885559082,5.789999961853027,5.329999923706055,5.739999771118164,10000,0,0
2014-01-10,5.800000190734863,5.829999923706055,5.090000152587891,5.389999866485596,47100,0,0
2014-01-13,5.269999980926514,5.300000190734863,5.03000020980835,5.099999904632568,10100,0,0
2014-01-14,5.269999980926514,5.340000152587891,5.150000095367432,5.230000019073486,10300,0,0
2014-01-15,5.119999885559082,5.559999942779541,5.119999885559082,5.369999885559082,11100,0,0
2014-01-16,5.449999809265137,5.449999809265137,5.019999980926514,5.199999809265137,15600,0,0
2014-01-17,5.230000019073486,5.449999809265137,5.230000019073486,5.269999980926514,13100,0,0
2014-01-21,5.269999980926514,5.5,5.269999980926514,5.460000038146973,15600,0,0
2014-01-22,5.329999923706055,5.590000152587891,5.329999923706055,5.559999942779541,18400,0,0
2014-01-23,5.590000152587891,5.599999904632568,5.409999847412109,5.5,9400,0,0
2014-01-24,5.349999904632568,5.480000019073486,5.070000171661377,5.099999904632568,29400,0,0
2014-01-27,5.179999828338623,5.449999809265137,5.130000114440918,5.420000076293945,21200,0,0
2014-01-28,5.5,5.579999923706055,5.320000171661377,5.570000171661377,1100,0,0
2014-01-29,5.340000152587891,5.400000095367432,5.119999885559082,5.309999942779541,12400,0,0
2014-01-30,5.289999961853027,5.380000114440918,5.090000152587891,5.090000152587891,4900,0,0
2014-01-31,5.03000020980835,5.25,5.03000020980835,5.110000133514404,35700,0,0
2014-02-03,5.110000133514404,5.380000114440918,5.110000133514404,5.25,48900,0,0
2014-02-04,5.210000038146973,5.349999904632568,5.210000038146973,5.349999904632568,2600,0,0
2014-02-05,5.289999961853027,5.5,5.269999980926514,5.5,9200,0,0
2014-02-06,5.329999923706055,5.5,5.199999809265137,5.5,7200,0,0
2014-02-07,5.400000095367432,5.449999809265137,5.210000038146973,5.449999809265137,5100,0,0
2014-02-10,5.440000057220459,5.579999923706055,5.239999771118164,5.579999923706055,20700,0,0
2014-02-11,5.619999885559082,5.789999961853027,5.309999942779541,5.699999809265137,48200,0,0
2014-02-12,5.849999904632568,5.849999904632568,5.75,5.800000190734863,12100,0,0
2014-02-13,5.980000019073486,6.489999771118164,5.710000038146973,6.340000152587891,56800,0,0
2014-02-14,6.389999866485596,6.480000019073486,6.139999866485596,6.289999961853027,20500,0,0
2014-02-18,6.289999961853027,6.5,6.070000171661377,6.420000076293945,65100,0,0
2014-02-19,6.449999809265137,6.550000190734863,6.230000019073486,6.5,85100,0,0
2014-02-20,6.400000095367432,6.440000057220459,6.070000171661377,6.400000095367432,11700,0,0
2014-02-21,6.25,6.25,5.130000114440918,5.510000228881836,95900,0,0
2014-02-24,5.71999979019165,5.71999979019165,5.300000190734863,5.630000114440918,27800,0,0
2014-02-25,5.380000114440918,5.489999771118164,5.179999828338623,5.380000114440918,34000,0,0
2014-02-26,5.309999942779541,5.5,5.03000020980835,5.239999771118164,55100,0,0
2014-02-27,5.25,5.349999904632568,5.21999979019165,5.349999904632568,3600,0,0
2014-02-28,5.389999866485596,5.820000171661377,5.199999809265137,5.429999828338623,92800,0,0
2014-03-03,5.25,5.710000038146973,5.21999979019165,5.710000038146973,25200,0,0
2014-03-04,5.800000190734863,6.449999809265137,5.699999809265137,6.28000020980835,26200,0,0
2014-03-05,6.400000095367432,6.400000095367432,6.150000095367432,6.340000152587891,28800,0,0
2014-03-06,6.710000038146973,6.949999809265137,6.199999809265137,6.650000095367432,90300,0,0
2014-03-07,6.820000171661377,7.449999809265137,6.820000171661377,7.239999771118164,46100,0,0
2014-03-10,7.260000228881836,7.449999809265137,6.940000057220459,7.340000152587891,37800,0,0
2014-03-11,7.449999809265137,8.050000190734863,7.210000038146973,8.0,169600,0,0
2014-03-12,7.949999809265137,8.0,7.460000038146973,7.599999904632568,32400,0,0
2014-03-13,7.889999866485596,7.900000095367432,7.300000190734863,7.599999904632568,22300,0,0
2014-03-14,7.699999809265137,8.359999656677246,7.210000038146973,8.069999694824219,146100,0,0
2014-03-17,8.40999984741211,8.40999984741211,7.519999980926514,8.0,39700,0,0
2014-03-18,8.020000457763672,8.020000457763672,7.25,7.739999771118164,100700,0,0
2014-03-19,7.610000133514404,7.809999942779541,7.380000114440918,7.769999980926514,3200,0,0
2014-03-20,7.619999885559082,7.840000152587891,7.260000228881836,7.590000152587891,113700,0,0
2014-03-21,7.619999885559082,7.659999847412109,7.269999980926514,7.510000228881836,9600,0,0
2014-03-24,7.489999771118164,7.5,6.809999942779541,7.449999809265137,67800,0,0
2014-03-25,7.659999847412109,7.730000019073486,7.28000020980835,7.349999904632568,6300,0,0
2014-03-26,7.420000076293945,7.789999961853027,7.289999961853027,7.329999923706055,6900,0,0
2014-03-27,7.019999980926514,7.670000076293945,7.019999980926514,7.590000152587891,53300,0,0
2014-03-28,7.769999980926514,7.900000095367432,7.619999885559082,7.619999885559082,10900,0,0
2014-03-31,8.050000190734863,8.239999771118164,7.849999904632568,8.149999618530273,30400,0,0
2014-04-01,8.220000267028809,8.5,8.039999961853027,8.220000267028809,47200,0,0
2014-04-02,8.069999694824219,8.390000343322754,8.069999694824219,8.100000381469727,36900,0,0
2014-04-03,8.260000228881836,8.34000015258789,7.900000095367432,8.100000381469727,15900,0,0
2014-04-04,8.1899995803833,8.199999809265137,7.730000019073486,7.75,32400,0,0
2014-04-07,7.75,7.96999979019165,7.159999847412109,7.639999866485596,46500,0,0
2014-04-08,7.610000133514404,7.889999866485596,7.260000228881836,7.579999923706055,14500,0,0
2014-04-09,7.71999979019165,8.199999809265137,7.25,7.5,67900,0,0
2014-04-10,7.420000076293945,7.75,7.289999961853027,7.349999904632568,11800,0,0
2014-04-11,7.389999866485596,7.5,7.039999961853027,7.309999942779541,6900,0,0
2014-04-14,7.489999771118164,7.5,7.409999847412109,7.429999828338623,4600,0,0
2014-04-15,7.230000019073486,7.449999809265137,6.53000020980835,7.239999771118164,34400,0,0
2014-04-16,6.960000038146973,7.380000114440918,6.610000133514404,7.050000190734863,23800,0,0
2014-04-17,6.800000190734863,7.480000019073486,6.800000190734863,7.300000190734863,14100,0,0
2014-04-21,7.420000076293945,7.460000038146973,7.199999809265137,7.360000133514404,6000,0,0
2014-04-22,7.289999961853027,7.5,7.289999961853027,7.460000038146973,2600,0,0
2014-04-23,7.480000019073486,7.489999771118164,7.300000190734863,7.489999771118164,6700,0,0
2014-04-24,7.5,7.5,7.130000114440918,7.230000019073486,14700,0,0
2014-04-25,7.190000057220459,7.440000057220459,7.0,7.199999809265137,5600,0,0
2014-04-28,7.409999847412109,7.429999828338623,6.849999904632568,7.409999847412109,15800,0,0
2014-04-29,7.329999923706055,7.690000057220459,7.210000038146973,7.440000057220459,43500,0,0
2014-04-30,7.409999847412109,7.440000057220459,6.820000171661377,7.400000095367432,19500,0,0
2014-05-01,7.300000190734863,7.300000190734863,6.630000114440918,6.75,30600,0,0
2014-05-02,6.550000190734863,6.730000019073486,6.25,6.269999980926514,39000,0,0
2014-05-05,6.360000133514404,6.570000171661377,6.360000133514404,6.389999866485596,7000,0,0
2014-05-06,6.389999866485596,6.389999866485596,5.449999809265137,5.670000076293945,56100,0,0
2014-05-07,5.519999980926514,5.75,5.050000190734863,5.53000020980835,47800,0,0
2014-05-08,5.420000076293945,5.489999771118164,5.190000057220459,5.360000133514404,8500,0,0
2014-05-09,5.329999923706055,5.329999923706055,4.769999980926514,4.949999809265137,47100,0,0
2014-05-12,4.989999771118164,5.389999866485596,4.849999904632568,5.360000133514404,26600,0,0
2014-05-13,5.400000095367432,5.920000076293945,5.300000190734863,5.730000019073486,15300,0,0
2014-05-14,5.860000133514404,5.880000114440918,5.760000228881836,5.769999980926514,1900,0,0
2014-05-15,5.769999980926514,5.820000171661377,5.329999923706055,5.5,12600,0,0
2014-05-16,5.5,5.869999885559082,5.5,5.599999904632568,5400,0,0
2014-05-19,5.769999980926514,5.960000038146973,5.730000019073486,5.800000190734863,16000,0,0
2014-05-20,5.900000095367432,5.960000038146973,5.730000019073486,5.929999828338623,11100,0,0
2014-05-21,5.75,6.079999923706055,5.619999885559082,5.829999923706055,17400,0,0
2014-05-22,6.0,6.0,5.78000020980835,5.949999809265137,9800,0,0
2014-05-23,5.920000076293945,6.349999904632568,5.920000076293945,6.349999904632568,19100,0,0
2014-05-27,6.28000020980835,6.489999771118164,6.059999942779541,6.449999809265137,7600,0,0
2014-05-28,6.420000076293945,6.449999809265137,6.059999942779541,6.25,12900,0,0
2014-05-29,6.150000095367432,6.329999923706055,5.619999885559082,6.25,6600,0,0
2014-05-30,6.190000057220459,6.190000057220459,5.619999885559082,6.03000020980835,21300,0,0
2014-06-02,6.139999866485596,6.429999828338623,5.650000095367432,5.650000095367432,15500,0,0
2014-06-03,5.849999904632568,6.019999980926514,5.039999961853027,5.21999979019165,35300,0,0
2014-06-04,5.550000190734863,5.550000190734863,5.0,5.349999904632568,12000,0,0
2014-06-05,5.329999923706055,5.329999923706055,5.0,5.03000020980835,19200,0,0
2014-06-06,5.420000076293945,5.800000190734863,5.170000076293945,5.369999885559082,5200,0,0
2014-06-09,5.179999828338623,5.340000152587891,5.019999980926514,5.230000019073486,11400,0,0
2014-06-10,5.230000019073486,5.349999904632568,5.110000133514404,5.309999942779541,14100,0,0
2014-06-11,5.239999771118164,5.360000133514404,5.130000114440918,5.349999904632568,2100,0,0
2014-06-12,5.360000133514404,5.360000133514404,5.079999923706055,5.300000190734863,6700,0,0
2014-06-13,5.349999904632568,5.349999904632568,5.03000020980835,5.170000076293945,3000,0,0
2014-06-16,5.300000190734863,5.360000133514404,5.059999942779541,5.349999904632568,10700,0,0
2014-06-17,5.130000114440918,5.360000133514404,5.090000152587891,5.190000057220459,13200,0,0
2014-06-18,5.28000020980835,5.360000133514404,5.150000095367432,5.300000190734863,2700,0,0
2014-06-19,5.349999904632568,5.349999904632568,5.150000095367432,5.239999771118164,7100,0,0
2014-06-20,5.300000190734863,6.400000095367432,5.260000228881836,6.079999923706055,76700,0,0
2014-06-23,6.079999923706055,6.400000095367432,5.840000152587891,6.190000057220459,9100,0,0
2014-06-24,5.849999904632568,6.400000095367432,5.849999904632568,6.400000095367432,4800,0,0
2014-06-25,6.349999904632568,6.429999828338623,6.159999847412109,6.360000133514404,7900,0,0
2014-06-26,6.010000228881836,6.039999961853027,5.570000171661377,6.010000228881836,9300,0,0
2014-06-27,5.75,6.269999980926514,5.75,6.239999771118164,6400,0,0
2014-06-30,6.090000152587891,6.150000095367432,5.880000114440918,6.079999923706055,1600,0,0
2014-07-01,6.130000114440918,6.130000114440918,5.840000152587891,5.889999866485596,2300,0,0
2014-07-02,5.900000095367432,5.96999979019165,5.5,5.710000038146973,17100,0,0
2014-07-03,5.889999866485596,5.980000019073486,5.309999942779541,5.860000133514404,23400,0,0
2014-07-07,5.739999771118164,5.739999771118164,5.320000171661377,5.400000095367432,4900,0,0
2014-07-08,5.579999923706055,5.579999923706055,5.320000171661377,5.380000114440918,6700,0,0
2014-07-09,5.510000228881836,5.739999771118164,5.480000019073486,5.599999904632568,4600,0,0
2014-07-10,5.210000038146973,5.690000057220459,5.099999904632568,5.309999942779541,4300,0,0
2014-07-11,5.369999885559082,5.53000020980835,5.349999904632568,5.420000076293945,3400,0,0
2014-07-14,5.309999942779541,5.480000019073486,5.099999904632568,5.369999885559082,5200,0,0
2014-07-15,5.449999809265137,5.449999809265137,5.099999904632568,5.369999885559082,5700,0,0
2014-07-16,5.289999961853027,5.420000076293945,5.199999809265137,5.409999847412109,20400,0,0
2014-07-17,5.420000076293945,5.78000020980835,5.269999980926514,5.269999980926514,38800,0,0
2014-07-18,5.260000228881836,5.380000114440918,5.190000057220459,5.210000038146973,6500,0,0
2014-07-21,5.170000076293945,5.320000171661377,5.139999866485596,5.199999809265137,6200,0,0
2014-07-22,5.21999979019165,5.360000133514404,5.03000020980835,5.289999961853027,48400,0,0
2014-07-23,5.21999979019165,5.550000190734863,5.199999809265137,5.300000190734863,22800,0,0
2014-07-24,5.239999771118164,5.329999923706055,5.130000114440918,5.239999771118164,3800,0,0
2014-07-25,5.119999885559082,5.25,5.059999942779541,5.199999809265137,9500,0,0
2014-07-28,5.170000076293945,5.260000228881836,5.019999980926514,5.139999866485596,3100,0,0
2014-07-29,5.239999771118164,5.239999771118164,5.130000114440918,5.21999979019165,1500,0,0
2014-07-30,5.210000038146973,5.210000038146973,5.210000038146973,5.210000038146973,500,0,0
2014-07-31,5.150000095367432,5.190000057220459,5.019999980926514,5.110000133514404,5200,0,0
2014-08-01,5.059999942779541,5.059999942779541,5.050000190734863,5.059999942779541,2800,0,0
2014-08-04,5.179999828338623,5.179999828338623,5.050000190734863,5.179999828338623,1200,0,0
2014-08-05,5.179999828338623,5.21999979019165,5.019999980926514,5.130000114440918,24900,0,0
2014-08-06,5.139999866485596,5.139999866485596,5.079999923706055,5.130000114440918,400,0,0
2014-08-07,5.010000228881836,5.139999866485596,5.010000228881836,5.119999885559082,1200,0,0
2014-08-08,5.0,5.099999904632568,5.0,5.099999904632568,3600,0,0
2014-08-11,4.909999847412109,5.25,4.699999809265137,5.099999904632568,23400,0,0
2014-08-12,4.900000095367432,5.269999980926514,4.900000095367432,4.989999771118164,4000,0,0
2014-08-13,5.550000190734863,6.190000057220459,5.489999771118164,6.190000057220459,28500,0,0
2014-08-14,6.150000095367432,6.349999904632568,5.949999809265137,6.21999979019165,28700,0,0
2014-08-15,6.409999847412109,6.760000228881836,6.369999885559082,6.429999828338623,10100,0,0
2014-08-18,6.269999980926514,6.5,6.269999980926514,6.5,4700,0,0
2014-08-19,6.409999847412109,6.599999904632568,6.409999847412109,6.579999923706055,3000,0,0
2014-08-20,6.590000152587891,6.599999904632568,6.400000095367432,6.599999904632568,5400,0,0
2014-08-21,6.269999980926514,6.599999904632568,6.269999980926514,6.369999885559082,8900,0,0
2014-08-22,6.570000171661377,6.570000171661377,6.5,6.5,1000,0,0
2014-08-25,6.460000038146973,6.489999771118164,6.460000038146973,6.489999771118164,1100,0,0
2014-08-26,6.489999771118164,6.489999771118164,6.119999885559082,6.269999980926514,3800,0,0
2014-08-27,6.130000114440918,6.460000038146973,6.130000114440918,6.349999904632568,3700,0,0
2014-08-28,6.449999809265137,6.599999904632568,6.130000114440918,6.510000228881836,10200,0,0
2014-08-29,6.599999904632568,6.599999904632568,6.449999809265137,6.449999809265137,600,0,0
2014-09-02,6.599999904632568,7.199999809265137,6.579999923706055,6.949999809265137,26400,0,0
2014-09-03,6.619999885559082,6.900000095367432,6.619999885559082,6.900000095367432,6000,0,0
2014-09-04,6.949999809265137,6.949999809265137,6.630000114440918,6.949999809265137,3500,0,0
2014-09-05,7.010000228881836,7.019999980926514,6.710000038146973,6.900000095367432,3600,0,0
2014-09-08,6.900000095367432,6.900000095367432,6.510000228881836,6.820000171661377,4500,0,0
2014-09-09,6.900000095367432,6.949999809265137,6.670000076293945,6.889999866485596,2500,0,0
2014-09-10,6.869999885559082,6.949999809265137,6.659999847412109,6.949999809265137,3900,0,0
2014-09-11,6.949999809265137,6.949999809265137,6.949999809265137,6.949999809265137,0,0,0
2014-09-12,6.690000057220459,6.949999809265137,6.690000057220459,6.949999809265137,400,0,0
2014-09-15,6.650000095367432,6.949999809265137,6.119999885559082,6.230000019073486,45300,0,0
2014-09-16,6.21999979019165,6.550000190734863,6.21999979019165,6.340000152587891,13100,0,0
2014-09-17,6.21999979019165,6.429999828338623,6.079999923706055,6.329999923706055,18900,0,0
2014-09-18,6.039999961853027,6.460000038146973,6.010000228881836,6.21999979019165,24300,0,0
2014-09-19,6.059999942779541,6.369999885559082,6.039999961853027,6.039999961853027,71600,0,0
2014-09-22,6.25,6.5,5.730000019073486,5.880000114440918,23100,0,0
2014-09-23,5.78000020980835,6.309999942779541,5.75,5.920000076293945,9100,0,0
2014-09-24,6.269999980926514,6.269999980926514,5.900000095367432,6.070000171661377,1000,0,0
2014-09-25,5.900000095367432,6.010000228881836,5.710000038146973,6.010000228881836,4600,0,0
2014-09-26,5.960000038146973,5.980000019073486,5.619999885559082,5.949999809265137,8100,0,0
2014-09-29,5.760000228881836,6.010000228881836,5.760000228881836,5.929999828338623,1600,0,0
2014-09-30,6.050000190734863,6.050000190734863,5.710000038146973,5.710000038146973,7900,0,0
2014-10-01,5.380000114440918,5.869999885559082,5.309999942779541,5.710000038146973,4000,0,0
2014-10-02,5.519999980926514,5.690000057220459,5.519999980926514,5.679999828338623,3000,0,0
2014-10-03,5.690000057220459,5.699999809265137,5.300000190734863,5.590000152587891,5600,0,0
2014-10-06,5.599999904632568,5.78000020980835,5.329999923706055,5.730000019073486,11000,0,0
2014-10-07,5.5,5.739999771118164,5.380000114440918,5.539999961853027,8100,0,0
2014-10-08,5.679999828338623,5.679999828338623,5.349999904632568,5.639999866485596,6700,0,0
2014-10-09,5.539999961853027,5.619999885559082,5.400000095367432,5.619999885559082,3800,0,0
2014-10-10,5.21999979019165,5.550000190734863,5.179999828338623,5.400000095367432,2000,0,0
2014-10-13,5.400000095367432,5.53000020980835,5.130000114440918,5.239999771118164,4900,0,0
2014-10-14,5.170000076293945,5.440000057220459,5.170000076293945,5.380000114440918,500,0,0
2014-10-15,5.199999809265137,5.28000020980835,5.099999904632568,5.28000020980835,1700,0,0
2014-10-16,5.0,5.28000020980835,5.0,5.28000020980835,5600,0,0
2014-10-17,5.300000190734863,5.559999942779541,5.050000190734863,5.420000076293945,5900,0,0
2014-10-20,5.260000228881836,5.559999942779541,5.25,5.510000228881836,4100,0,0
2014-10-21,5.559999942779541,5.820000171661377,5.269999980926514,5.610000133514404,8500,0,0
2014-10-22,5.739999771118164,5.880000114440918,5.539999961853027,5.820000171661377,2100,0,0
2014-10-23,5.710000038146973,6.050000190734863,5.510000228881836,5.510000228881836,5600,0,0
2014-10-24,5.650000095367432,5.929999828338623,5.650000095367432,5.71999979019165,900,0,0
2014-10-27,5.71999979019165,5.71999979019165,5.71999979019165,5.71999979019165,0,0,0
2014-10-28,5.760000228881836,6.389999866485596,5.760000228881836,6.25,12600,0,0
2014-10-29,6.369999885559082,6.429999828338623,6.25,6.429999828338623,2900,0,0
2014-10-30,6.429999828338623,6.429999828338623,6.429999828338623,6.429999828338623,0,0,0
2014-10-31,5.800000190734863,6.199999809265137,5.800000190734863,6.190000057220459,2900,0,0
2014-11-03,6.070000171661377,6.070000171661377,6.039999961853027,6.070000171661377,700,0,0
2014-11-04,5.760000228881836,6.070000171661377,5.75,6.019999980926514,1100,0,0
2014-11-05,5.920000076293945,6.059999942779541,5.820000171661377,6.059999942779541,1200,0,0
2014-11-06,6.070000171661377,6.070000171661377,5.96999979019165,5.96999979019165,400,0,0
2014-11-07,6.03000020980835,6.039999961853027,5.760000228881836,6.03000020980835,1900,0,0
2014-11-10,6.099999904632568,6.099999904632568,5.539999961853027,5.789999961853027,14500,0,0
2014-11-11,5.679999828338623,6.03000020980835,5.619999885559082,6.03000020980835,2100,0,0
2014-11-12,5.820000171661377,6.099999904632568,5.260000228881836,5.860000133514404,12500,0,0
2014-11-13,5.949999809265137,6.449999809265137,5.949999809265137,6.380000114440918,6500,0,0
2014-11-14,6.099999904632568,6.25,6.099999904632568,6.25,600,0,0
2014-11-17,6.400000095367432,6.400000095367432,5.829999923706055,6.230000019073486,3900,0,0
2014-11-18,6.449999809265137,6.5,6.329999923706055,6.349999904632568,1200,0,0
2014-11-19,6.300000190734863,6.389999866485596,6.159999847412109,6.230000019073486,4500,0,0
2014-11-20,6.480000019073486,6.940000057220459,6.480000019073486,6.769999980926514,8300,0,0
2014-11-21,6.940000057220459,6.949999809265137,6.710000038146973,6.820000171661377,1700,0,0
2014-11-24,6.940000057220459,6.940000057220459,6.699999809265137,6.809999942779541,2400,0,0
2014-11-25,6.809999942779541,6.809999942779541,6.480000019073486,6.489999771118164,6800,0,0
2014-11-26,6.420000076293945,6.630000114440918,6.409999847412109,6.440000057220459,3700,0,0
2014-11-28,6.409999847412109,6.429999828338623,6.070000171661377,6.210000038146973,7700,0,0
2014-12-01,6.099999904632568,6.25,5.800000190734863,6.25,4600,0,0
2014-12-02,6.239999771118164,6.239999771118164,5.619999885559082,6.239999771118164,1400,0,0
2014-12-03,6.010000228881836,6.130000114440918,6.0,6.130000114440918,600,0,0
2014-12-04,5.769999980926514,6.380000114440918,5.769999980926514,6.230000019073486,28300,0,0
2014-12-05,6.059999942779541,6.570000171661377,5.639999866485596,6.079999923706055,73900,0,0
2014-12-08,6.659999847412109,6.659999847412109,6.320000171661377,6.320000171661377,900,0,0
2014-12-09,6.199999809265137,6.480000019073486,5.900000095367432,6.420000076293945,5400,0,0
2014-12-10,6.059999942779541,6.420000076293945,6.059999942779541,6.400000095367432,3900,0,0
2014-12-11,6.099999904632568,6.510000228881836,5.989999771118164,6.349999904632568,9800,0,0
2014-12-12,6.079999923706055,6.539999961853027,6.050000190734863,6.380000114440918,900,0,0
2014-12-15,6.230000019073486,6.449999809265137,5.900000095367432,6.070000171661377,12800,0,0
2014-12-16,5.840000152587891,6.429999828338623,5.809999942779541,6.099999904632568,1700,0,0
2014-12-17,6.0,6.170000076293945,5.829999923706055,6.170000076293945,3000,0,0
2014-12-18,6.179999828338623,6.179999828338623,5.769999980926514,6.139999866485596,1500,0,0
2014-12-19,5.710000038146973,6.130000114440918,5.710000038146973,5.960000038146973,1500,0,0
2014-12-22,5.510000228881836,5.980000019073486,5.510000228881836,5.980000019073486,8200,0,0
2014-12-23,6.079999923706055,6.079999923706055,5.550000190734863,5.710000038146973,10100,0,0
2014-12-24,5.699999809265137,5.960000038146973,5.639999866485596,5.820000171661377,6400,0,0
2014-12-26,5.699999809265137,5.96999979019165,5.639999866485596,5.739999771118164,15200,0,0
2014-12-29,6.050000190734863,6.050000190734863,5.849999904632568,5.980000019073486,4600,0,0
2014-12-30,5.980000019073486,5.989999771118164,5.71999979019165,5.989999771118164,3500,0,0
2014-12-31,5.989999771118164,6.0,5.710000038146973,6.0,600,0,0
2015-01-02,5.940000057220459,5.989999771118164,5.730000019073486,5.989999771118164,1100,0,0
2015-01-05,5.989999771118164,6.329999923706055,5.670000076293945,5.829999923706055,7000,0,0
2015-01-06,6.179999828338623,6.190000057220459,6.179999828338623,6.190000057220459,300,0,0
2015-01-07,6.210000038146973,6.329999923706055,5.920000076293945,6.329999923706055,1500,0,0
2015-01-08,6.329999923706055,6.329999923706055,6.329999923706055,6.329999923706055,0,0,0
2015-01-09,6.550000190734863,6.550000190734863,6.320000171661377,6.320000171661377,1600,0,0
2015-01-12,6.150000095367432,6.400000095367432,6.099999904632568,6.400000095367432,2500,0,0
2015-01-13,6.119999885559082,6.630000114440918,6.050000190734863,6.630000114440918,1100,0,0
2015-01-14,6.239999771118164,6.940000057220459,6.099999904632568,6.260000228881836,2300,0,0
2015-01-15,6.260000228881836,6.550000190734863,6.150000095367432,6.449999809265137,1900,0,0
2015-01-16,6.929999828338623,6.929999828338623,6.110000133514404,6.260000228881836,700,0,0
2015-01-20,6.150000095367432,6.800000190734863,6.0,6.420000076293945,3100,0,0
2015-01-21,6.070000171661377,6.420000076293945,6.019999980926514,6.400000095367432,2500,0,0
2015-01-22,6.21999979019165,6.400000095367432,6.199999809265137,6.400000095367432,800,0,0
2015-01-23,6.079999923706055,6.380000114440918,5.809999942779541,6.179999828338623,10300,0,0
2015-01-26,6.099999904632568,6.099999904632568,6.099999904632568,6.099999904632568,100,0,0
2015-01-27,6.090000152587891,6.199999809265137,6.0,6.019999980926514,1100,0,0
2015-01-28,5.989999771118164,6.150000095367432,5.989999771118164,6.150000095367432,1700,0,0
2015-01-29,6.150000095367432,6.150000095367432,6.150000095367432,6.150000095367432,0,0,0
2015-01-30,5.809999942779541,6.21999979019165,5.690000057220459,6.119999885559082,5400,0,0
2015-02-02,6.21999979019165,6.21999979019165,6.21999979019165,6.21999979019165,100,0,0
2015-02-03,6.019999980926514,6.340000152587891,6.010000228881836,6.340000152587891,1200,0,0
2015-02-04,6.0,6.320000171661377,6.0,6.320000171661377,500,0,0
2015-02-05,6.039999961853027,6.320000171661377,6.039999961853027,6.320000171661377,400,0,0
2015-02-06,6.059999942779541,6.269999980926514,6.050000190734863,6.119999885559082,2100,0,0
2015-02-09,6.019999980926514,6.329999923706055,6.010000228881836,6.320000171661377,1300,0,0
2015-02-10,6.170000076293945,6.289999961853027,6.050000190734863,6.28000020980835,2100,0,0
2015-02-11,6.289999961853027,6.289999961853027,6.059999942779541,6.110000133514404,1800,0,0
2015-02-12,6.03000020980835,6.420000076293945,6.019999980926514,6.360000133514404,6300,0,0
2015-02-13,6.409999847412109,6.409999847412109,6.309999942779541,6.309999942779541,300,0,0
2015-02-17,6.309999942779541,6.340000152587891,6.300000190734863,6.300000190734863,4300,0,0
2015-02-18,6.300000190734863,6.329999923706055,6.300000190734863,6.300000190734863,2900,0,0
2015-02-19,6.300000190734863,6.340000152587891,6.300000190734863,6.309999942779541,5300,0,0
2015-02-20,6.300000190734863,6.420000076293945,6.300000190734863,6.300000190734863,9100,0,0
2015-02-23,6.300000190734863,6.309999942779541,6.300000190734863,6.300000190734863,1700,0,0
2015-02-24,6.440000057220459,6.440000057220459,6.440000057220459,6.440000057220459,100,0,0
2015-02-25,6.119999885559082,6.429999828338623,6.119999885559082,6.429999828338623,2200,0,0
2015-02-26,6.429999828338623,6.429999828338623,6.429999828338623,6.429999828338623,5200,0,0
2015-02-27,6.300000190734863,6.440000057220459,6.300000190734863,6.400000095367432,1500,0,0
2015-03-02,6.320000171661377,6.320000171661377,6.320000171661377,6.320000171661377,300,0,0
2015-03-03,6.309999942779541,6.360000133514404,6.309999942779541,6.360000133514404,500,0,0
2015-03-04,6.300000190734863,6.449999809265137,6.300000190734863,6.449999809265137,1300,0,0
2015-03-05,6.329999923706055,6.389999866485596,6.300000190734863,6.300000190734863,4700,0,0
2015-03-06,6.440000057220459,6.440000057220459,6.300000190734863,6.300000190734863,300,0,0
2015-03-09,6.28000020980835,6.440000057220459,6.119999885559082,6.269999980926514,4600,0,0
2015-03-10,6.269999980926514,6.269999980926514,6.269999980926514,6.269999980926514,0,0,0
2015-03-11,6.0,6.369999885559082,5.449999809265137,6.21999979019165,5800,0,0
2015-03-12,6.21999979019165,6.21999979019165,6.21999979019165,6.21999979019165,0,0,0
2015-03-13,6.21999979019165,6.21999979019165,6.21999979019165,6.21999979019165,0,0,0
2015-03-16,5.710000038146973,5.840000152587891,5.699999809265137,5.78000020980835,2700,0,0
2015-03-17,5.699999809265137,6.039999961853027,5.5,5.840000152587891,5100,0,0
2015-03-18,5.909999847412109,5.940000057220459,5.710000038146973,5.880000114440918,3600,0,0
2015-03-19,5.639999866485596,6.050000190734863,5.409999847412109,5.699999809265137,8400,0,0
2015-03-20,6.0,6.0,6.0,6.0,700,0,0
2015-03-23,5.800000190734863,5.980000019073486,5.75,5.929999828338623,2000,0,0
2015-03-24,5.929999828338623,5.929999828338623,5.929999828338623,5.929999828338623,0,0,0
2015-03-25,5.929999828338623,5.929999828338623,5.929999828338623,5.929999828338623,0,0,0
2015-03-26,5.929999828338623,5.929999828338623,5.929999828338623,5.929999828338623,0,0,0
2015-03-27,5.570000171661377,5.900000095367432,5.559999942779541,5.900000095367432,700,0,0
2015-03-30,5.730000019073486,6.050000190734863,5.510000228881836,5.760000228881836,3000,0,0
2015-03-31,6.0,6.800000190734863,5.5,5.739999771118164,13800,0,0
2015-04-01,5.380000114440918,5.900000095367432,5.349999904632568,5.900000095367432,500,0,0
2015-04-02,5.900000095367432,5.900000095367432,5.900000095367432,5.900000095367432,0,0,0
2015-04-06,5.369999885559082,6.46999979019165,5.369999885559082,6.070000171661377,7000,0,0
2015-04-07,6.070000171661377,6.269999980926514,5.460000038146973,6.010000228881836,12300,0,0
2015-04-08,6.010000228881836,6.269999980926514,5.710000038146973,6.03000020980835,9800,0,0
2015-04-09,5.889999866485596,6.820000171661377,5.860000133514404,6.639999866485596,42900,0,0
2015-04-10,6.579999923706055,6.900000095367432,6.460000038146973,6.590000152587891,37000,0,0
2015-04-13,6.300000190734863,6.71999979019165,6.0,6.380000114440918,20000,0,0
2015-04-14,6.329999923706055,6.559999942779541,6.110000133514404,6.380000114440918,5100,0,0
2015-04-15,6.400000095367432,6.400000095367432,6.150000095367432,6.309999942779541,4200,0,0
2015-04-16,6.400000095367432,6.400000095367432,6.159999847412109,6.300000190734863,3100,0,0
2015-04-17,6.289999961853027,6.389999866485596,6.260000228881836,6.360000133514404,5400,0,0
2015-04-20,6.510000228881836,6.869999885559082,6.449999809265137,6.539999961853027,15600,0,0
2015-04-21,6.46999979019165,6.679999828338623,6.420000076293945,6.53000020980835,6200,0,0
2015-04-22,6.349999904632568,6.550000190734863,6.050000190734863,6.260000228881836,6700,0,0
2015-04-23,6.199999809265137,6.519999980926514,6.059999942779541,6.070000171661377,3300,0,0
2015-04-24,6.039999961853027,6.300000190734863,6.039999961853027,6.199999809265137,1600,0,0
2015-04-27,6.079999923706055,6.199999809265137,5.900000095367432,6.110000133514404,11200,0,0
2015-04-28,6.159999847412109,6.159999847412109,6.159999847412109,6.159999847412109,100,0,0
2015-04-29,6.110000133514404,6.150000095367432,5.960000038146973,6.150000095367432,700,0,0
2015-04-30,6.150000095367432,6.150000095367432,6.150000095367432,6.150000095367432,0,0,0
2015-05-01,5.849999904632568,6.099999904632568,5.849999904632568,5.949999809265137,1300,0,0
2015-05-04,6.019999980926514,6.159999847412109,5.980000019073486,5.980000019073486,900,0,0
2015-05-05,6.019999980926514,6.130000114440918,5.570000171661377,5.820000171661377,23400,0,0
2015-05-06,5.699999809265137,5.800000190734863,5.559999942779541,5.730000019073486,34100,0,0
2015-05-07,5.860000133514404,5.860000133514404,5.710000038146973,5.78000020980835,8100,0,0
2015-05-08,5.78000020980835,5.78000020980835,5.78000020980835,5.78000020980835,0,0,0
2015-05-11,5.699999809265137,5.789999961853027,5.699999809265137,5.75,1300,0,0
2015-05-12,5.75,5.75,5.75,5.75,0,0,0
2015-05-13,5.760000228881836,5.760000228881836,5.760000228881836,5.760000228881836,400,0,0
2015-05-14,5.610000133514404,6.170000076293945,5.559999942779541,6.010000228881836,42000,0,0
2015-05-15,5.900000095367432,6.170000076293945,5.599999904632568,5.650000095367432,20900,0,0
2015-05-18,5.46999979019165,5.599999904632568,5.409999847412109,5.590000152587891,8100,0,0
2015-05-19,5.650000095367432,5.650000095367432,5.400000095367432,5.590000152587891,21200,0,0
2015-05-20,5.550000190734863,5.650000095367432,5.550000190734863,5.650000095367432,1600,0,0
2015-05-21,5.449999809265137,5.789999961853027,5.449999809265137,5.579999923706055,900,0,0
2015-05-22,5.550000190734863,5.579999923706055,5.5,5.5,4700,0,0
2015-05-26,5.400000095367432,5.550000190734863,5.400000095367432,5.550000190734863,5400,0,0
2015-05-27,5.639999866485596,5.639999866485596,5.639999866485596,5.639999866485596,200,0,0
2015-05-28,5.46999979019165,5.650000095367432,5.429999828338623,5.539999961853027,1100,0,0
2015-05-29,5.539999961853027,5.539999961853027,5.539999961853027,5.539999961853027,0,0,0
2015-06-01,5.579999923706055,5.679999828338623,5.510000228881836,5.599999904632568,6000,0,0
2015-06-02,5.679999828338623,5.679999828338623,5.659999847412109,5.659999847412109,300,0,0
2015-06-03,5.650000095367432,5.730000019073486,5.599999904632568,5.71999979019165,2200,0,0
2015-06-04,5.670000076293945,5.78000020980835,5.599999904632568,5.78000020980835,1700,0,0
2015-06-05,5.539999961853027,5.840000152587891,5.539999961853027,5.840000152587891,400,0,0
2015-06-08,5.690000057220459,5.869999885559082,5.510000228881836,5.699999809265137,4900,0,0
2015-06-09,5.610000133514404,5.650000095367432,5.559999942779541,5.559999942779541,800,0,0
2015-06-10,5.659999847412109,5.75,5.420000076293945,5.599999904632568,15900,0,0
2015-06-11,5.619999885559082,5.619999885559082,5.619999885559082,5.619999885559082,100,0,0
2015-06-12,5.599999904632568,5.599999904632568,5.440000057220459,5.440000057220459,1200,0,0
2015-06-15,5.449999809265137,5.639999866485596,5.400000095367432,5.610000133514404,2700,0,0
2015-06-16,5.510000228881836,5.599999904632568,5.400000095367432,5.599999904632568,800,0,0
2015-06-17,5.420000076293945,5.639999866485596,5.400000095367432,5.599999904632568,2200,0,0
2015-06-18,5.590000152587891,5.590000152587891,5.429999828338623,5.429999828338623,800,0,0
2015-06-19,5.400000095367432,5.539999961853027,5.320000171661377,5.539999961853027,3300,0,0
2015-06-22,5.429999828338623,5.599999904632568,5.340000152587891,5.340000152587891,600,0,0
2015-06-23,5.53000020980835,5.53000020980835,5.260000228881836,5.5,3000,0,0
2015-06-24,5.480000019073486,5.480000019073486,5.480000019073486,5.480000019073486,100,0,0
2015-06-25,5.400000095367432,5.400000095367432,5.400000095367432,5.400000095367432,1100,0,0
2015-06-26,5.329999923706055,5.480000019073486,5.130000114440918,5.460000038146973,5300,0,0
2015-06-29,5.300000190734863,5.460000038146973,5.139999866485596,5.239999771118164,6400,0,0
2015-06-30,5.449999809265137,5.449999809265137,5.130000114440918,5.389999866485596,900,0,0
2015-07-01,5.400000095367432,5.400000095367432,5.179999828338623,5.179999828338623,1200,0,0
2015-07-02,5.369999885559082,5.380000114440918,5.260000228881836,5.289999961853027,600,0,0
2015-07-06,5.300000190734863,5.380000114440918,5.0,5.300000190734863,2000,0,0
2015-07-07,5.090000152587891,5.090000152587891,4.5,4.960000038146973,7800,0,0
2015-07-08,4.929999828338623,4.980000019073486,4.849999904632568,4.869999885559082,11700,0,0
2015-07-09,4.75,4.840000152587891,4.519999980926514,4.570000171661377,13500,0,0
2015-07-10,5.079999923706055,5.079999923706055,4.510000228881836,5.03000020980835,19500,0,0
2015-07-13,5.0,5.440000057220459,4.619999885559082,5.440000057220459,1400,0,0
2015-07-14,5.480000019073486,5.489999771118164,4.679999828338623,4.949999809265137,20200,0,0
2015-07-15,4.579999923706055,5.050000190734863,4.570000171661377,5.050000190734863,6500,0,0
2015-07-16,4.71999979019165,4.989999771118164,4.71999979019165,4.989999771118164,1200,0,0
2015-07-17,4.829999923706055,5.059999942779541,4.75,4.980000019073486,2300,0,0
2015-07-20,4.980000019073486,5.059999942779541,4.849999904632568,4.849999904632568,3900,0,0
2015-07-21,5.0,5.0,4.010000228881836,4.300000190734863,39000,0,0
2015-07-22,4.269999980926514,4.389999866485596,4.110000133514404,4.289999961853027,9800,0,0
2015-07-23,4.340000152587891,4.340000152587891,3.859999895095825,4.260000228881836,8100,0,0
2015-07-24,4.289999961853027,4.579999923706055,4.010000228881836,4.340000152587891,1900,0,0
2015-07-27,4.349999904632568,4.449999809265137,4.0,4.210000038146973,3400,0,0
2015-07-28,4.0,4.150000095367432,4.0,4.03000020980835,4300,0,0
2015-07-29,4.059999942779541,4.190000057220459,4.0,4.179999828338623,16400,0,0
2015-07-30,4.190000057220459,4.190000057220459,3.950000047683716,4.190000057220459,2400,0,0
2015-07-31,3.9600000381469727,4.199999809265137,3.9600000381469727,4.199999809265137,1500,0,0
2015-08-03,4.059999942779541,4.179999828338623,3.890000104904175,4.179999828338623,3200,0,0
2015-08-04,4.170000076293945,4.170000076293945,4.170000076293945,4.170000076293945,200,0,0
2015-08-05,4.110000133514404,4.110000133514404,3.940000057220459,4.039999961853027,900,0,0
2015-08-06,4.170000076293945,4.170000076293945,3.9200000762939453,4.0,1100,0,0
2015-08-07,4.159999847412109,4.159999847412109,4.0,4.090000152587891,700,0,0
2015-08-10,3.9600000381469727,4.199999809265137,3.950000047683716,4.179999828338623,4300,0,0
2015-08-11,3.9800000190734863,4.159999847412109,3.859999895095825,3.9100000858306885,8200,0,0
2015-08-12,3.809999942779541,4.130000114440918,3.4700000286102295,3.9200000762939453,14500,0,0
2015-08-13,4.019999980926514,4.130000114440918,3.75,4.039999961853027,1500,0,0
2015-08-14,4.039999961853027,4.039999961853027,4.039999961853027,4.039999961853027,0,0,0
2015-08-17,3.740000009536743,4.150000095367432,3.7300000190734863,4.090000152587891,9800,0,0
2015-08-18,3.890000104904175,4.110000133514404,3.880000114440918,4.110000133514404,600,0,0
2015-08-19,4.050000190734863,4.059999942779541,4.0,4.010000228881836,5800,0,0
2015-08-20,3.8299999237060547,4.059999942779541,3.609999895095825,3.9600000381469727,3500,0,0
2015-08-21,3.9000000953674316,3.930000066757202,3.619999885559082,3.9000000953674316,2000,0,0
2015-08-24,3.619999885559082,4.039999961853027,3.619999885559082,3.9000000953674316,15800,0,0
2015-08-25,3.9000000953674316,3.9000000953674316,3.9000000953674316,3.9000000953674316,0,0,0
2015-08-26,3.4200000762939453,3.799999952316284,3.4200000762939453,3.799999952316284,21600,0,0
2015-08-27,3.4800000190734863,3.75,3.359999895095825,3.75,1000,0,0
2015-08-28,3.700000047683716,3.75,3.700000047683716,3.75,400,0,0
2015-08-31,3.75,3.9600000381469727,3.75,3.9600000381469727,500,0,0
2015-09-01,4.0,4.0,3.75,3.759999990463257,3000,0,0
2015-09-02,3.950000047683716,3.950000047683716,3.569999933242798,3.809999942779541,1000,0,0
2015-09-03,3.559999942779541,4.03000020980835,3.559999942779541,3.9600000381469727,2500,0,0
2015-09-04,3.490000009536743,3.759999990463257,3.4600000381469727,3.740000009536743,800,0,0
2015-09-08,3.740000009536743,3.740000009536743,3.740000009536743,3.740000009536743,0,0,0
2015-09-09,3.9700000286102295,3.9800000190734863,3.5999999046325684,3.6600000858306885,9000,0,0
2015-09-10,3.930000066757202,3.930000066757202,3.930000066757202,3.930000066757202,100,0,0
2015-09-11,3.9100000858306885,3.9200000762939453,3.7300000190734863,3.9200000762939453,1900,0,0
2015-09-14,3.9200000762939453,3.9200000762939453,3.9200000762939453,3.9200000762939453,0,0,0
2015-09-15,3.8299999237060547,3.869999885559082,3.5999999046325684,3.75,5200,0,0
2015-09-16,3.619999885559082,3.6700000762939453,3.200000047683716,3.430000066757202,28500,0,0
2015-09-17,3.450000047683716,3.5,3.0,3.130000114440918,32500,0,0
2015-09-18,2.9100000858306885,2.9100000858306885,2.9100000858306885,2.9100000858306885,1000,0,0
2015-09-21,3.0,3.119999885559082,2.940000057220459,3.119999885559082,22300,0,0
2015-09-22,2.9200000762939453,3.2799999713897705,2.9100000858306885,3.1500000953674316,2500,0,0
2015-09-23,3.1500000953674316,3.1500000953674316,3.1500000953674316,3.1500000953674316,0,0,0
2015-09-24,2.9800000190734863,3.1500000953674316,2.930000066757202,3.0799999237060547,1200,0,0
2015-09-25,3.0799999237060547,3.0799999237060547,2.6500000953674316,2.9200000762939453,1500,0,0
2015-09-28,2.930000066757202,3.130000114440918,2.569999933242798,2.5999999046325684,3300,0,0
2015-09-29,2.869999885559082,2.869999885559082,2.5899999141693115,2.5899999141693115,4300,0,0
2015-09-30,2.9200000762939453,2.950000047683716,2.369999885559082,2.5,21400,0,0
2015-10-01,2.569999933242798,2.630000114440918,2.2200000286102295,2.259999990463257,6400,0,0
2015-10-02,2.5,2.5,2.25,2.450000047683716,8600,0,0
2015-10-05,2.509999990463257,2.5299999713897705,2.259999990463257,2.259999990463257,3300,0,0
2015-10-06,2.369999885559082,2.369999885559082,2.1600000858306885,2.3399999141693115,11600,0,0
2015-10-07,2.2100000381469727,2.5999999046325684,2.2100000381469727,2.369999885559082,12400,0,0
2015-10-08,2.6500000953674316,2.6500000953674316,2.5,2.5199999809265137,700,0,0
2015-10-09,2.609999895095825,2.619999885559082,2.5999999046325684,2.619999885559082,2000,0,0
2015-10-12,2.609999895095825,2.6600000858306885,2.359999895095825,2.5199999809265137,2200,0,0
2015-10-13,2.640000104904175,2.640000104904175,2.640000104904175,2.640000104904175,100,0,0
2015-10-14,2.640000104904175,2.640000104904175,2.640000104904175,2.640000104904175,0,0,0
2015-10-15,2.440000057220459,3.2200000286102295,2.440000057220459,2.630000114440918,9700,0,0
2015-10-16,2.7799999713897705,2.7799999713897705,2.7799999713897705,2.7799999713897705,100,0,0
2015-10-19,2.759999990463257,2.880000114440918,2.609999895095825,2.740000009536743,1200,0,0
2015-10-20,2.859999895095825,2.859999895095825,2.7200000286102295,2.8299999237060547,800,0,0
2015-10-21,2.8299999237060547,2.8299999237060547,2.8299999237060547,2.8299999237060547,0,0,0
2015-10-22,2.809999942779541,3.0,2.809999942779541,2.990000009536743,6900,0,0
2015-10-23,2.9100000858306885,3.059999942779541,2.9000000953674316,3.049999952316284,4000,0,0
2015-10-26,2.9000000953674316,3.0899999141693115,2.9000000953674316,3.059999942779541,500,0,0
2015-10-27,2.9000000953674316,3.0199999809265137,2.890000104904175,2.890000104904175,8200,0,0
2015-10-28,2.9600000381469727,3.0399999618530273,2.9200000762939453,3.0399999618530273,15800,0,0
2015-10-29,3.049999952316284,3.049999952316284,2.9100000858306885,3.0399999618530273,500,0,0
2015-10-30,3.0399999618530273,3.0799999237060547,3.0399999618530273,3.0799999237060547,500,0,0
2015-11-02,3.069999933242798,3.0799999237060547,3.069999933242798,3.0799999237060547,400,0,0
2015-11-03,2.9200000762939453,3.0799999237060547,2.9200000762939453,3.0799999237060547,1100,0,0
2015-11-04,3.0199999809265137,3.069999933242798,2.890000104904175,3.049999952316284,1100,0,0
2015-11-05,2.9100000858306885,3.0799999237060547,2.9000000953674316,3.059999942779541,1400,0,0
2015-11-06,3.059999942779541,3.059999942779541,3.059999942779541,3.059999942779541,0,0,0
2015-11-09,3.049999952316284,3.049999952316284,3.0,3.0299999713897705,1100,0,0
2015-11-10,2.9600000381469727,3.049999952316284,2.9600000381469727,3.049999952316284,500,0,0
2015-11-11,3.049999952316284,3.049999952316284,2.799999952316284,3.049999952316284,600,0,0
2015-11-12,2.930000066757202,3.049999952316284,2.9100000858306885,3.0399999618530273,900,0,0
2015-11-13,2.9000000953674316,2.9200000762939453,2.700000047683716,2.9200000762939453,1500,0,0
2015-11-16,2.9200000762939453,2.9200000762939453,2.9200000762939453,2.9200000762939453,0,0,0
2015-11-17,2.9200000762939453,2.9200000762939453,2.9200000762939453,2.9200000762939453,0,0,0
2015-11-18,2.799999952316284,2.799999952316284,2.7100000381469727,2.7100000381469727,1000,0,0
2015-11-19,2.700000047683716,2.799999952316284,2.700000047683716,2.75,1400,0,0
2015-11-20,2.7100000381469727,2.740000009536743,2.4000000953674316,2.7100000381469727,13300,0,0
2015-11-23,2.5999999046325684,2.5999999046325684,2.359999895095825,2.5299999713897705,4100,0,0
2015-11-24,2.559999942779541,2.559999942779541,2.5399999618530273,2.5399999618530273,3700,0,0
2015-11-25,2.5799999237060547,2.5999999046325684,2.5799999237060547,2.5999999046325684,300,0,0
2015-11-27,2.4200000762939453,2.5999999046325684,2.4200000762939453,2.5899999141693115,2200,0,0
2015-11-30,2.4100000858306885,2.8299999237060547,2.390000104904175,2.630000114440918,45800,0,0
2015-12-01,2.5399999618530273,3.0199999809265137,2.5,2.8399999141693115,41300,0,0
2015-12-02,2.940000057220459,2.940000057220459,2.569999933242798,2.9000000953674316,10700,0,0
2015-12-03,2.9600000381469727,2.9600000381469727,2.7100000381469727,2.799999952316284,1000,0,0
2015-12-04,2.799999952316284,2.799999952316284,2.799999952316284,2.799999952316284,0,0,0
2015-12-07,2.799999952316284,2.799999952316284,2.799999952316284,2.799999952316284,0,0,0
2015-12-08,2.880000114440918,2.880000114440918,2.869999885559082,2.869999885559082,900,0,0
2015-12-09,2.869999885559082,2.869999885559082,2.869999885559082,2.869999885559082,0,0,0
2015-12-10,2.7899999618530273,2.7899999618530273,2.7899999618530273,2.7899999618530273,300,0,0
2015-12-11,2.7899999618530273,2.7899999618530273,2.7899999618530273,2.7899999618530273,0,0,0
2015-12-14,2.7899999618530273,2.7899999618530273,2.7899999618530273,2.7899999618530273,0,0,0
2015-12-15,2.299999952316284,2.700000047683716,2.1700000762939453,2.359999895095825,1500,0,0
2015-12-16,2.4700000286102295,2.5,2.2699999809265137,2.3299999237060547,1100,0,0
2015-12-17,2.2699999809265137,2.5,2.1600000858306885,2.1700000762939453,20500,0,0
2015-12-18,2.1600000858306885,2.549999952316284,1.8700000047683716,2.4200000762939453,80100,0,0
2015-12-21,2.319999933242798,2.799999952316284,2.319999933242798,2.509999990463257,14400,0,0
2015-12-22,2.4800000190734863,2.690000057220459,2.0799999237060547,2.1500000953674316,16300,0,0
2015-12-23,2.5399999618530273,2.6700000762939453,1.8300000429153442,2.569999933242798,8300,0,0
2015-12-24,2.380000114440918,2.609999895095825,2.380000114440918,2.609999895095825,600,0,0
2015-12-28,2.299999952316284,2.4600000381469727,2.180000066757202,2.3499999046325684,1600,0,0
2015-12-29,2.430000066757202,2.549999952316284,2.2799999713897705,2.299999952316284,3600,0,0
2015-12-30,2.5299999713897705,2.5299999713897705,2.430000066757202,2.509999990463257,3700,0,0
2015-12-31,2.2799999713897705,2.549999952316284,2.2799999713897705,2.4000000953674316,2200,0,0
2016-01-04,2.380000114440918,2.380000114440918,2.190000057220459,2.3399999141693115,500,0,0
2016-01-05,2.450000047683716,2.490000009536743,2.2100000381469727,2.4000000953674316,5800,0,0
2016-01-06,2.4000000953674316,2.4000000953674316,2.4000000953674316,2.4000000953674316,0,0,0
2016-01-07,2.4000000953674316,2.4000000953674316,2.4000000953674316,2.4000000953674316,0,0,0
2016-01-08,2.259999990463257,2.369999885559082,2.259999990463257,2.2899999618530273,1000,0,0
2016-01-11,2.1700000762939453,2.380000114440918,2.0999999046325684,2.2699999809265137,8300,0,0
2016-01-12,2.119999885559082,2.130000114440918,1.6200000047683716,2.119999885559082,13800,0,0
2016-01-13,2.119999885559082,2.359999895095825,1.7999999523162842,2.190000057220459,13400,0,0
2016-01-14,2.190000057220459,2.190000057220459,2.190000057220459,2.190000057220459,0,0,0
2016-01-15,2.0399999618530273,2.0799999237060547,1.850000023841858,1.850000023841858,8800,0,0
2016-01-19,1.7400000095367432,1.840000033378601,1.7200000286102295,1.840000033378601,4000,0,0
2016-01-20,1.7000000476837158,1.840000033378601,1.6399999856948853,1.8300000429153442,7800,0,0
2016-01-21,1.8200000524520874,2.1700000762939453,1.8200000524520874,1.9700000286102295,23400,0,0
2016-01-22,2.009999990463257,2.140000104904175,1.75,2.069999933242798,6700,0,0
2016-01-25,2.049999952316284,2.049999952316284,1.6799999475479126,2.0,1500,0,0
2016-01-26,2.0799999237060547,2.2200000286102295,1.8700000047683716,1.9500000476837158,6400,0,0
2016-01-27,1.7999999523162842,1.9199999570846558,1.7100000381469727,1.8899999856948853,6600,0,0
2016-01-28,2.0,2.0,2.0,2.0,100,0,0
2016-01-29,2.200000047683716,2.200000047683716,1.899999976158142,2.0,8100,0,0
2016-02-01,2.1500000953674316,2.200000047683716,1.9500000476837158,2.069999933242798,26700,0,0
2016-02-02,2.0999999046325684,2.2200000286102295,1.8300000429153442,2.2200000286102295,27100,0,0
2016-02-03,2.200000047683716,2.299999952316284,2.0799999237060547,2.200000047683716,5300,0,0
2016-02-04,2.119999885559082,2.359999895095825,1.940000057220459,2.049999952316284,2800,0,0
2016-02-05,2.049999952316284,2.0999999046325684,2.049999952316284,2.049999952316284,1200,0,0
2016-02-08,2.0799999237060547,2.369999885559082,1.9900000095367432,2.1500000953674316,152300,0,0
2016-02-09,2.130000114440918,2.25,2.0,2.1500000953674316,9300,0,0
2016-02-10,2.069999933242798,2.200000047683716,2.069999933242798,2.119999885559082,1000,0,0
2016-02-11,2.0199999809265137,2.0899999141693115,1.850000023841858,1.9600000381469727,14600,0,0
2016-02-12,2.049999952316284,2.25,1.940000057220459,2.0899999141693115,6000,0,0
2016-02-16,2.0799999237060547,2.440000057220459,1.9900000095367432,2.2899999618530273,5800,0,0
2016-02-17,2.2300000190734863,2.309999942779541,2.0899999141693115,2.309999942779541,18600,0,0
2016-02-18,2.009999990463257,2.059999942779541,1.9600000381469727,2.0,8300,0,0
2016-02-19,2.049999952316284,2.049999952316284,1.850000023841858,1.850000023841858,6700,0,0
2016-02-22,1.899999976158142,1.899999976158142,1.8600000143051147,1.8899999856948853,3700,0,0
2016-02-23,1.9500000476837158,1.9500000476837158,1.7999999523162842,1.7999999523162842,2900,0,0
2016-02-24,1.850000023841858,1.899999976158142,1.7999999523162842,1.899999976158142,9100,0,0
2016-02-25,1.7899999618530273,1.899999976158142,1.7000000476837158,1.8799999952316284,3500,0,0
2016-02-26,1.7699999809265137,1.8600000143051147,1.7699999809265137,1.8600000143051147,1200,0,0
2016-02-29,1.850000023841858,1.850000023841858,1.600000023841858,1.8200000524520874,12000,0,0
2016-03-01,1.7300000190734863,1.809999942779541,1.600000023841858,1.7899999618530273,17100,0,0
2016-03-02,1.7000000476837158,1.7599999904632568,1.350000023841858,1.7400000095367432,13300,0,0
2016-03-03,1.7000000476837158,1.7000000476837158,1.4500000476837158,1.6399999856948853,11800,0,0
2016-03-04,1.4299999475479126,1.649999976158142,1.4199999570846558,1.559999942779541,14000,0,0
2016-03-07,1.5700000524520874,1.649999976158142,1.5700000524520874,1.6299999952316284,3300,0,0
2016-03-08,1.6299999952316284,1.6299999952316284,1.6299999952316284,1.6299999952316284,0,0,0
2016-03-09,1.6299999952316284,1.6299999952316284,1.6299999952316284,1.6299999952316284,0,0,0
2016-03-10,1.6299999952316284,1.649999976158142,1.5499999523162842,1.649999976158142,7300,0,0
2016-03-11,1.649999976158142,1.7599999904632568,1.649999976158142,1.7000000476837158,27900,0,0
2016-03-14,1.7300000190734863,1.7999999523162842,1.5199999809265137,1.7400000095367432,6700,0,0
2016-03-15,1.5800000429153442,1.6799999475479126,1.5499999523162842,1.6699999570846558,800,0,0
2016-03-16,1.7000000476837158,1.7000000476837158,1.6699999570846558,1.6699999570846558,2100,0,0
2016-03-17,1.6699999570846558,1.6699999570846558,1.6699999570846558,1.6699999570846558,0,0,0
2016-03-18,1.600000023841858,1.6299999952316284,1.600000023841858,1.6299999952316284,1200,0,0
2016-03-21,1.649999976158142,1.7999999523162842,1.649999976158142,1.7400000095367432,30400,0,0
2016-03-22,1.75,2.009999990463257,1.6799999475479126,1.909999966621399,35100,0,0
2016-03-23,1.9299999475479126,1.9299999475479126,1.6399999856948853,1.850000023841858,7600,0,0
2016-03-24,1.850000023841858,1.850000023841858,1.6699999570846558,1.840000033378601,4000,0,0
2016-03-28,1.840000033378601,1.840000033378601,1.7999999523162842,1.840000033378601,3400,0,0
2016-03-29,1.8300000429153442,1.8300000429153442,1.7200000286102295,1.8300000429153442,1200,0,0
2016-03-30,1.8200000524520874,1.8200000524520874,1.7300000190734863,1.809999942779541,3500,0,0
2016-03-31,1.809999942779541,1.8300000429153442,1.7799999713897705,1.7799999713897705,8000,0,0
2016-04-01,1.75,1.8700000047683716,1.7000000476837158,1.8700000047683716,6600,0,0
2016-04-04,1.8799999952316284,1.8799999952316284,1.75,1.75,4900,0,0
2016-04-05,1.75,1.840000033378601,1.75,1.8300000429153442,2000,0,0
2016-04-06,1.7599999904632568,1.850000023841858,1.75,1.850000023841858,3700,0,0
2016-04-07,1.7699999809265137,1.8200000524520874,1.6399999856948853,1.6399999856948853,10000,0,0
2016-04-08,1.6299999952316284,1.8200000524520874,1.6299999952316284,1.7100000381469727,14200,0,0
2016-04-11,1.6399999856948853,1.8200000524520874,1.5499999523162842,1.7000000476837158,20700,0,0
2016-04-12,1.5299999713897705,1.75,1.5299999713897705,1.600000023841858,12900,0,0
2016-04-13,1.6799999475479126,1.6799999475479126,1.6799999475479126,1.6799999475479126,100,0,0
2016-04-14,1.6799999475479126,1.6799999475479126,1.6799999475479126,1.6799999475479126,0,0,0
2016-04-15,1.6799999475479126,1.7599999904632568,1.6799999475479126,1.7599999904632568,9100,0,0
2016-04-18,1.7699999809265137,1.809999942779541,1.7300000190734863,1.7300000190734863,17800,0,0
2016-04-19,1.690000057220459,1.7799999713897705,1.690000057220459,1.7699999809265137,7600,0,0
2016-04-20,1.7400000095367432,1.7799999713897705,1.7400000095367432,1.7599999904632568,3600,0,0
2016-04-21,1.6799999475479126,1.8200000524520874,1.6799999475479126,1.7699999809265137,4100,0,0
2016-04-22,1.7400000095367432,2.4600000381469727,1.690000057220459,2.1700000762939453,105400,0,0
2016-04-25,2.299999952316284,2.380000114440918,1.9800000190734863,2.009999990463257,39700,0,0
2016-04-26,2.0799999237060547,2.1700000762939453,1.9800000190734863,2.0299999713897705,17400,0,0
2016-04-27,2.009999990463257,2.200000047683716,2.009999990463257,2.1500000953674316,2600,0,0
2016-04-28,2.109999895095825,2.180000066757202,2.009999990463257,2.130000114440918,10200,0,0
2016-04-29,2.119999885559082,2.25,2.0399999618530273,2.1500000953674316,14000,0,0
2016-05-02,2.1700000762939453,2.1700000762939453,2.1700000762939453,2.1700000762939453,300,0,0
2016-05-03,2.0999999046325684,2.190000057220459,2.0999999046325684,2.109999895095825,17100,0,0
2016-05-04,2.119999885559082,2.1700000762939453,1.690000057220459,1.8600000143051147,47300,0,0
2016-05-05,1.8799999952316284,2.0,1.7400000095367432,1.840000033378601,14100,0,0
2016-05-06,1.850000023841858,1.8700000047683716,1.809999942779541,1.840000033378601,2400,0,0
2016-05-09,1.8300000429153442,2.0299999713897705,1.75,1.8899999856948853,33900,0,0
2016-05-10,1.940000057220459,1.940000057220459,1.809999942779541,1.8899999856948853,2100,0,0
2016-05-11,1.8300000429153442,1.9900000095367432,1.7999999523162842,1.8799999952316284,2500,0,0
2016-05-12,1.8799999952316284,1.9600000381469727,1.7599999904632568,1.8200000524520874,5500,0,0
2016-05-13,1.7899999618530273,1.7899999618530273,1.600000023841858,1.649999976158142,8100,0,0
2016-05-16,1.6299999952316284,1.7899999618530273,1.5299999713897705,1.5499999523162842,16400,0,0
2016-05-17,1.649999976158142,1.7899999618530273,1.5700000524520874,1.7200000286102295,4600,0,0
2016-05-18,1.6399999856948853,1.7599999904632568,1.4900000095367432,1.5800000429153442,19600,0,0
2016-05-19,1.600000023841858,1.649999976158142,1.5,1.6299999952316284,3300,0,0
2016-05-20,1.5800000429153442,1.6200000047683716,1.5800000429153442,1.590000033378601,1000,0,0
2016-05-23,1.5499999523162842,1.5700000524520874,1.5499999523162842,1.559999942779541,6500,0,0
2016-05-24,1.5099999904632568,1.559999942779541,1.5,1.559999942779541,3500,0,0
2016-05-25,1.559999942779541,1.6399999856948853,1.5,1.6200000047683716,32000,0,0
2016-05-26,1.5800000429153442,1.6399999856948853,1.5700000524520874,1.6399999856948853,5300,0,0
2016-05-27,1.6399999856948853,1.8300000429153442,1.6100000143051147,1.7100000381469727,29200,0,0
2016-05-31,1.75,1.940000057220459,1.7000000476837158,1.8600000143051147,22000,0,0
2016-06-01,1.809999942779541,1.809999942779541,1.7000000476837158,1.7000000476837158,1400,0,0
2016-06-02,1.7000000476837158,1.7400000095367432,1.5099999904632568,1.7400000095367432,10800,0,0
2016-06-03,1.7400000095367432,1.7799999713897705,1.6799999475479126,1.7699999809265137,700,0,0
2016-06-06,1.75,1.7599999904632568,1.690000057220459,1.7300000190734863,800,0,0
2016-06-07,1.659999966621399,1.7400000095367432,1.649999976158142,1.7400000095367432,400,0,0
2016-06-08,1.6299999952316284,1.7599999904632568,1.6299999952316284,1.7300000190734863,2200,0,0
2016-06-09,1.7400000095367432,1.7599999904632568,1.7400000095367432,1.75,1200,0,0
2016-06-10,1.7300000190734863,1.7300000190734863,1.7200000286102295,1.7200000286102295,400,0,0
2016-06-13,1.7200000286102295,1.7200000286102295,1.7200000286102295,1.7200000286102295,0,0,0
2016-06-14,1.7300000190734863,1.75,1.600000023841858,1.75,2900,0,0
2016-06-15,1.75,1.75,1.75,1.75,1000,0,0
2016-06-16,1.600000023841858,1.850000023841858,1.600000023841858,1.850000023841858,5600,0,0
2016-06-17,1.840000033378601,1.8700000047683716,1.809999942779541,1.840000033378601,4400,0,0
2016-06-20,1.7899999618530273,1.940000057220459,1.7899999618530273,1.940000057220459,1900,0,0
2016-06-21,1.6699999570846558,1.9299999475479126,1.6699999570846558,1.8899999856948853,6400,0,0
2016-06-22,1.899999976158142,1.899999976158142,1.899999976158142,1.899999976158142,100,0,0
2016-06-23,1.8899999856948853,1.9800000190734863,1.8700000047683716,1.940000057220459,1500,0,0
2016-06-24,1.940000057220459,1.940000057220459,1.940000057220459,1.940000057220459,0,0,0
2016-06-27,1.9900000095367432,1.9900000095367432,1.7599999904632568,1.850000023841858,3700,0,0
2016-06-28,1.7699999809265137,2.069999933242798,1.7699999809265137,2.069999933242798,700,0,0
2016-06-29,2.069999933242798,2.069999933242798,1.809999942779541,2.0199999809265137,15400,0,0
2016-06-30,2.049999952316284,2.069999933242798,1.9299999475479126,1.9299999475479126,18600,0,0
2016-07-01,2.0,2.0299999713897705,2.0,2.0299999713897705,800,0,0
2016-07-05,2.069999933242798,2.069999933242798,1.9299999475479126,2.049999952316284,800,0,0
2016-07-06,2.0399999618530273,2.059999942779541,2.0299999713897705,2.059999942779541,2700,0,0
2016-07-07,1.9500000476837158,2.0299999713897705,1.9500000476837158,2.0299999713897705,200,0,0
2016-07-08,1.9500000476837158,2.069999933242798,1.9500000476837158,2.059999942779541,1400,0,0
2016-07-11,2.009999990463257,2.0999999046325684,2.0,2.0399999618530273,5300,0,0
2016-07-12,2.0799999237060547,2.0899999141693115,2.0199999809265137,2.0899999141693115,2800,0,0
2016-07-13,2.0,2.069999933242798,1.9500000476837158,2.069999933242798,5900,0,0
2016-07-14,2.0999999046325684,2.0999999046325684,1.909999966621399,2.049999952316284,4300,0,0
2016-07-15,2.049999952316284,2.049999952316284,2.049999952316284,2.049999952316284,0,0,0
2016-07-18,1.9700000286102295,2.0399999618530273,1.9500000476837158,2.0399999618530273,2200,0,0
2016-07-19,2.0399999618530273,2.0399999618530273,1.9600000381469727,2.0399999618530273,2400,0,0
2016-07-20,2.0399999618530273,2.200000047683716,1.9600000381469727,2.200000047683716,20500,0,0
2016-07-21,2.200000047683716,2.200000047683716,2.130000114440918,2.200000047683716,2300,0,0
2016-07-22,2.200000047683716,2.700000047683716,2.0999999046325684,2.559999942779541,70200,0,0
2016-07-25,2.700000047683716,2.799999952316284,2.569999933242798,2.740000009536743,9200,0,0
2016-07-26,2.8299999237060547,2.880000114440918,2.690000057220459,2.740000009536743,8200,0,0
2016-07-27,2.819999933242798,2.8399999141693115,2.5399999618530273,2.7799999713897705,3300,0,0
2016-07-28,2.5899999141693115,2.799999952316284,2.549999952316284,2.640000104904175,13200,0,0
2016-07-29,2.6500000953674316,2.7899999618530273,2.569999933242798,2.75,6800,0,0
2016-08-01,2.549999952316284,2.799999952316284,2.5199999809265137,2.6600000858306885,6100,0,0
2016-08-02,2.680000066757202,2.680000066757202,2.680000066757202,2.680000066757202,100,0,0
2016-08-03,2.369999885559082,2.799999952316284,2.369999885559082,2.7899999618530273,2600,0,0
2016-08-04,2.6500000953674316,2.7899999618530273,2.6500000953674316,2.759999990463257,4300,0,0
2016-08-05,2.619999885559082,2.759999990463257,2.559999942779541,2.75,10200,0,0
2016-08-08,2.559999942779541,2.75,2.559999942779541,2.5899999141693115,1500,0,0
2016-08-09,2.5899999141693115,2.690000057220459,2.5199999809265137,2.6600000858306885,4100,0,0
2016-08-10,2.640000104904175,2.700000047683716,2.640000104904175,2.700000047683716,600,0,0
2016-08-11,2.6700000762939453,2.75,2.619999885559082,2.75,3700,0,0
2016-08-12,2.6700000762939453,2.6700000762939453,2.130000114440918,2.130000114440918,5100,0,0
2016-08-15,2.2899999618530273,2.5,2.25,2.390000104904175,9100,0,0
2016-08-16,2.240000009536743,2.5299999713897705,2.200000047683716,2.4200000762939453,6000,0,0
2016-08-17,2.319999933242798,2.4100000858306885,2.319999933242798,2.4100000858306885,800,0,0
2016-08-18,2.549999952316284,2.549999952316284,2.2899999618530273,2.440000057220459,4200,0,0
2016-08-19,2.2699999809265137,2.569999933242798,2.2699999809265137,2.549999952316284,2100,0,0
2016-08-22,2.5,2.559999942779541,2.4700000286102295,2.4800000190734863,4600,0,0
2016-08-23,2.569999933242798,2.569999933242798,2.319999933242798,2.509999990463257,2900,0,0
2016-08-24,2.5,2.549999952316284,2.450000047683716,2.549999952316284,800,0,0
2016-08-25,2.549999952316284,2.549999952316284,2.549999952316284,2.549999952316284,0,0,0
2016-08-26,2.75,2.8499999046325684,2.430000066757202,2.4700000286102295,60800,0,0
2016-08-29,2.5299999713897705,2.609999895095825,2.5,2.569999933242798,12300,0,0
2016-08-30,2.559999942779541,2.640000104904175,2.4600000381469727,2.640000104904175,2000,0,0
2016-08-31,2.549999952316284,2.619999885559082,2.509999990463257,2.619999885559082,1100,0,0
2016-09-01,2.5999999046325684,2.5999999046325684,2.569999933242798,2.5999999046325684,3000,0,0
2016-09-02,2.5999999046325684,2.5999999046325684,2.5999999046325684,2.5999999046325684,100,0,0
2016-09-06,2.509999990463257,2.509999990463257,2.5,2.509999990463257,800,0,0
2016-09-07,2.509999990463257,2.509999990463257,2.509999990463257,2.509999990463257,0,0,0
2016-09-08,2.4100000858306885,2.5899999141693115,2.4100000858306885,2.5199999809265137,500,0,0
2016-09-09,2.5399999618530273,2.5399999618530273,2.450000047683716,2.450000047683716,500,0,0
2016-09-12,2.5,2.5,2.2699999809265137,2.430000066757202,24900,0,0
2016-09-13,2.369999885559082,2.569999933242798,2.309999942779541,2.430000066757202,10700,0,0
2016-09-14,2.380000114440918,2.5999999046325684,2.2799999713897705,2.380000114440918,37100,0,0
2016-09-15,2.359999895095825,2.440000057220459,2.299999952316284,2.390000104904175,2300,0,0
2016-09-16,2.309999942779541,2.450000047683716,2.1600000858306885,2.2799999713897705,12900,0,0
2016-09-19,2.180000066757202,2.299999952316284,2.180000066757202,2.25,2900,0,0
2016-09-20,2.069999933242798,2.180000066757202,1.8700000047683716,2.0399999618530273,25200,0,0
2016-09-21,2.0799999237060547,2.0799999237060547,2.0,2.0799999237060547,4100,0,0
2016-09-22,2.0299999713897705,2.0799999237060547,2.0299999713897705,2.0799999237060547,1500,0,0
2016-09-23,2.0799999237060547,2.0999999046325684,2.059999942779541,2.059999942779541,3700,0,0
2016-09-26,2.059999942779541,2.059999942779541,2.059999942779541,2.059999942779541,900,0,0
2016-09-27,2.059999942779541,2.069999933242798,2.059999942779541,2.069999933242798,500,0,0
2016-09-28,2.069999933242798,2.069999933242798,2.069999933242798,2.069999933242798,0,0,0
2016-09-29,2.0,2.180000066757202,2.0,2.180000066757202,400,0,0
2016-09-30,2.059999942779541,2.130000114440918,2.059999942779541,2.130000114440918,300,0,0
2016-10-03,2.130000114440918,2.130000114440918,2.130000114440918,2.130000114440918,0,0,0
2016-10-04,2.069999933242798,2.2699999809265137,2.059999942779541,2.25,16600,0,0
2016-10-05,2.450000047683716,2.450000047683716,2.140000104904175,2.3499999046325684,9900,0,0
2016-10-06,2.309999942779541,2.3399999141693115,2.309999942779541,2.3399999141693115,800,0,0
2016-10-07,2.2699999809265137,2.2799999713897705,2.2300000190734863,2.240000009536743,3200,0,0
2016-10-10,2.240000009536743,2.240000009536743,2.240000009536743,2.240000009536743,0,0,0
2016-10-11,2.1700000762939453,2.450000047683716,2.1500000953674316,2.2699999809265137,1300,0,0
2016-10-12,2.299999952316284,2.299999952316284,2.299999952316284,2.299999952316284,500,0,0
2016-10-13,2.299999952316284,2.299999952316284,2.299999952316284,2.299999952316284,200,0,0
2016-10-14,2.25,2.4000000953674316,2.25,2.4000000953674316,500,0,0
2016-10-17,2.4000000953674316,2.4000000953674316,2.4000000953674316,2.4000000953674316,0,0,0
2016-10-18,2.1500000953674316,2.3499999046325684,2.1500000953674316,2.299999952316284,6400,0,0
2016-10-19,2.299999952316284,2.299999952316284,2.299999952316284,2.299999952316284,1500,0,0
2016-10-20,2.299999952316284,2.299999952316284,2.299999952316284,2.299999952316284,0,0,0
2016-10-21,2.259999990463257,2.259999990463257,2.1500000953674316,2.1500000953674316,800,0,0
2016-10-24,2.25,2.3499999046325684,2.200000047683716,2.299999952316284,3200,0,0
2016-10-25,2.1500000953674316,2.299999952316284,2.1500000953674316,2.299999952316284,300,0,0
2016-10-26,2.299999952316284,2.299999952316284,2.299999952316284,2.299999952316284,0,0,0
2016-10-27,2.1500000953674316,2.4000000953674316,2.1500000953674316,2.4000000953674316,4700,0,0
2016-10-28,2.3499999046325684,2.4000000953674316,2.3499999046325684,2.4000000953674316,500,0,0
2016-10-31,2.299999952316284,2.4000000953674316,2.299999952316284,2.4000000953674316,7200,0,0
2016-11-01,2.4000000953674316,2.4000000953674316,2.4000000953674316,2.4000000953674316,0,0,0
2016-11-02,2.4000000953674316,2.4000000953674316,2.4000000953674316,2.4000000953674316,0,0,0
2016-11-03,2.200000047683716,2.3499999046325684,2.200000047683716,2.3499999046325684,1800,0,0
2016-11-04,2.200000047683716,2.4000000953674316,2.1500000953674316,2.3499999046325684,1400,0,0
2016-11-07,2.25,2.3499999046325684,2.200000047683716,2.3499999046325684,1800,0,0
2016-11-08,2.200000047683716,2.3499999046325684,2.200000047683716,2.3499999046325684,2700,0,0
2016-11-09,2.299999952316284,2.299999952316284,2.1600000858306885,2.299999952316284,4500,0,0
2016-11-10,2.299999952316284,2.299999952316284,2.299999952316284,2.299999952316284,0,0,0
2016-11-11,2.299999952316284,2.299999952316284,2.0999999046325684,2.299999952316284,5900,0,0
2016-11-14,2.299999952316284,2.299999952316284,2.299999952316284,2.299999952316284,0,0,0
2016-11-15,2.109999895095825,2.25,2.049999952316284,2.200000047683716,6800,0,0
2016-11-16,2.0999999046325684,2.200000047683716,2.049999952316284,2.1500000953674316,2200,0,0
2016-11-17,2.200000047683716,2.200000047683716,2.049999952316284,2.1500000953674316,1300,0,0
2016-11-18,2.200000047683716,2.200000047683716,2.0,2.200000047683716,8600,0,0
2016-11-21,2.049999952316284,2.200000047683716,2.049999952316284,2.049999952316284,1300,0,0
2016-11-22,2.0,2.200000047683716,2.0,2.200000047683716,5000,0,0
2016-11-23,2.0,2.1500000953674316,2.0,2.1500000953674316,400,0,0
2016-11-25,2.0999999046325684,2.0999999046325684,2.0999999046325684,2.0999999046325684,500,0,0
2016-11-28,2.0999999046325684,2.0999999046325684,2.009999990463257,2.0999999046325684,1700,0,0
2016-11-29,2.1500000953674316,2.1500000953674316,2.1500000953674316,2.1500000953674316,200,0,0
2016-11-30,2.1500000953674316,2.1500000953674316,2.0,2.1500000953674316,1800,0,0
2016-12-01,2.1500000953674316,2.1500000953674316,2.1500000953674316,2.1500000953674316,0,0,0
2016-12-02,2.0,2.0999999046325684,2.0,2.0999999046325684,2100,0,0
2016-12-05,2.0999999046325684,2.0999999046325684,2.0999999046325684,2.0999999046325684,0,0,0
2016-12-06,1.9600000381469727,2.0999999046325684,1.9500000476837158,2.0999999046325684,1300,0,0
2016-12-07,2.0999999046325684,2.0999999046325684,2.0999999046325684,2.0999999046325684,0,0,0
2016-12-08,1.9600000381469727,2.1500000953674316,1.9500000476837158,2.1500000953674316,1900,0,0
2016-12-09,2.1500000953674316,2.1500000953674316,2.009999990463257,2.1500000953674316,4900,0,0
2016-12-12,2.0999999046325684,2.1500000953674316,2.0999999046325684,2.1500000953674316,3100,0,0
2016-12-13,2.1500000953674316,2.4000000953674316,2.059999942779541,2.25,118500,0,0
2016-12-14,2.25,2.25,2.25,2.25,0,0,0
2016-12-15,2.1500000953674316,2.25,2.1500000953674316,2.25,9900,0,0
2016-12-16,2.0999999046325684,2.1500000953674316,2.0999999046325684,2.1500000953674316,700,0,0
2016-12-19,2.119999885559082,2.25,2.109999895095825,2.25,2200,0,0
2016-12-20,2.25,2.25,2.25,2.25,0,0,0
2016-12-21,2.25,2.25,2.25,2.25,600,0,0
2016-12-22,2.0999999046325684,2.1500000953674316,2.0999999046325684,2.1500000953674316,1800,0,0
2016-12-23,2.1500000953674316,2.1500000953674316,2.1500000953674316,2.1500000953674316,700,0,0
2016-12-27,2.109999895095825,2.109999895095825,2.109999895095825,2.109999895095825,200,0,0
2016-12-28,2.200000047683716,2.200000047683716,2.200000047683716,2.200000047683716,300,0,0
2016-12-29,2.200000047683716,2.25,2.0999999046325684,2.200000047683716,7500,0,0
2016-12-30,2.0999999046325684,2.200000047683716,2.049999952316284,2.049999952316284,5400,0,0
2017-01-03,2.0999999046325684,2.25,2.0999999046325684,2.25,400,0,0
2017-01-04,2.25,2.25,2.25,2.25,0,0,0
2017-01-05,2.25,2.25,2.25,2.25,0,0,0
2017-01-06,2.25,2.25,2.25,2.25,0,0,0
2017-01-09,2.25,2.25,2.25,2.25,0,0,0
2017-01-10,2.200000047683716,2.25,2.1700000762939453,2.25,18300,0,0
2017-01-11,2.25,2.25,2.25,2.25,0,0,0
2017-01-12,2.25,2.25,2.25,2.25,0,0,0
2017-01-13,2.0999999046325684,2.25,2.0999999046325684,2.25,1000,0,0
2017-01-17,2.25,2.25,2.1500000953674316,2.25,24300,0,0
2017-01-18,2.25,2.25,2.25,2.25,0,0,0
2017-01-19,2.200000047683716,2.25,2.200000047683716,2.25,2400,0,0
2017-01-20,2.1600000858306885,2.25,2.1600000858306885,2.25,400,0,0
2017-01-23,2.200000047683716,2.25,2.200000047683716,2.25,4000,0,0
2017-01-24,2.25,2.25,2.25,2.25,0,0,0
2017-01-25,2.2200000286102295,2.25,2.1600000858306885,2.25,1100,0,0
2017-01-26,2.0299999713897705,2.25,2.0299999713897705,2.25,1900,0,0
2017-01-27,2.200000047683716,2.25,2.0,2.25,6100,0,0
2017-01-30,2.200000047683716,2.25,2.200000047683716,2.25,10000,0,0
2017-01-31,2.200000047683716,2.25,2.200000047683716,2.200000047683716,8500,0,0
2017-02-01,2.0,2.200000047683716,2.0,2.200000047683716,1100,0,0
2017-02-02,2.200000047683716,2.200000047683716,2.200000047683716,2.200000047683716,100,0,0
2017-02-03,2.200000047683716,2.200000047683716,2.200000047683716,2.200000047683716,7100,0,0
2017-02-06,2.200000047683716,2.299999952316284,2.1500000953674316,2.25,20200,0,0
2017-02-07,2.25,2.4000000953674316,2.200000047683716,2.4000000953674316,14200,0,0
2017-02-08,2.390000104904175,2.390000104904175,2.390000104904175,2.390000104904175,100,0,0
2017-02-09,2.200000047683716,2.3499999046325684,2.1500000953674316,2.3499999046325684,1400,0,0
2017-02-10,2.0,2.4000000953674316,2.0,2.4000000953674316,700,0,0
2017-02-13,2.4000000953674316,2.4000000953674316,2.1500000953674316,2.4000000953674316,3600,0,0
2017-02-14,2.4000000953674316,2.4000000953674316,2.4000000953674316,2.4000000953674316,0,0,0
2017-02-15,2.3499999046325684,2.4000000953674316,2.299999952316284,2.299999952316284,1500,0,0
2017-02-16,2.4000000953674316,2.4000000953674316,2.4000000953674316,2.4000000953674316,100,0,0
2017-02-17,2.4000000953674316,2.4000000953674316,2.049999952316284,2.4000000953674316,1600,0,0
2017-02-21,2.009999990463257,2.009999990463257,2.009999990463257,2.009999990463257,300,0,0
2017-02-22,2.4000000953674316,2.7899999618530273,2.309999942779541,2.609999895095825,13500,0,0
2017-02-23,3.0,3.0,2.5999999046325684,2.8499999046325684,16200,0,0
2017-02-24,2.8499999046325684,2.940000057220459,2.4000000953674316,2.9000000953674316,8000,0,0
2017-02-27,2.940000057220459,2.950000047683716,2.940000057220459,2.950000047683716,2000,0,0
2017-02-28,2.8499999046325684,3.0,2.6500000953674316,3.0,1200,0,0
2017-03-01,2.950000047683716,3.0,2.4600000381469727,2.950000047683716,4500,0,0
2017-03-02,2.549999952316284,2.950000047683716,2.299999952316284,2.8499999046325684,3900,0,0
2017-03-03,2.5,2.799999952316284,2.5,2.5,1200,0,0
2017-03-06,2.75,2.8499999046325684,2.5,2.75,6800,0,0
2017-03-07,2.75,2.799999952316284,2.6500000953674316,2.799999952316284,3000,0,0
2017-03-08,2.799999952316284,2.799999952316284,2.799999952316284,2.799999952316284,0,0,0
2017-03-09,2.799999952316284,2.799999952316284,2.799999952316284,2.799999952316284,0,0,0
2017-03-10,2.559999942779541,2.75,2.559999942779541,2.75,400,0,0
2017-03-13,2.75,2.75,2.75,2.75,0,0,0
2017-03-14,2.700000047683716,2.700000047683716,2.700000047683716,2.700000047683716,500,0,0
2017-03-15,2.700000047683716,2.75,2.700000047683716,2.75,500,0,0
2017-03-16,2.75,2.75,2.75,2.75,900,0,0
2017-03-17,2.75,2.75,2.7100000381469727,2.7100000381469727,1200,0,0
2017-03-20,2.75,2.75,2.75,2.75,300,0,0
2017-03-21,2.75,2.75,2.75,2.75,200,0,0
2017-03-22,2.559999942779541,2.75,2.559999942779541,2.75,600,0,0
2017-03-23,2.75,2.75,2.75,2.75,0,0,0
2017-03-24,2.700000047683716,2.700000047683716,2.700000047683716,2.700000047683716,300,0,0
2017-03-27,2.75,2.75,2.75,2.75,200,0,0
2017-03-28,2.75,2.75,2.75,2.75,0,0,0
2017-03-29,2.569999933242798,2.75,2.4100000858306885,2.75,3700,0,0
2017-03-30,2.75,2.75,2.75,2.75,0,0,0
2017-03-31,2.5999999046325684,2.75,2.4000000953674316,2.700000047683716,13300,0,0
2017-04-03,2.490000009536743,2.6500000953674316,2.490000009536743,2.6500000953674316,800,0,0
2017-04-04,2.700000047683716,2.700000047683716,2.4000000953674316,2.5,6200,0,0
2017-04-05,2.700000047683716,2.700000047683716,2.5999999046325684,2.700000047683716,1200,0,0
2017-04-06,2.700000047683716,2.700000047683716,2.700000047683716,2.700000047683716,0,0,0
2017-04-07,2.700000047683716,2.700000047683716,2.700000047683716,2.700000047683716,0,0,0
2017-04-10,2.5999999046325684,2.5999999046325684,2.5,2.549999952316284,900,0,0
2017-04-11,2.700000047683716,2.700000047683716,2.700000047683716,2.700000047683716,600,0,0
2017-04-12,2.700000047683716,2.700000047683716,2.5,2.700000047683716,600,0,0
2017-04-13,2.700000047683716,2.700000047683716,2.700000047683716,2.700000047683716,0,0,0
2017-04-17,2.450000047683716,2.6500000953674316,2.4000000953674316,2.6500000953674316,8100,0,0
2017-04-18,2.6500000953674316,2.6500000953674316,2.6500000953674316,2.6500000953674316,0,0,0
2017-04-19,2.6500000953674316,2.6500000953674316,2.6500000953674316,2.6500000953674316,300,0,0
2017-04-20,2.4000000953674316,2.6500000953674316,2.4000000953674316,2.6500000953674316,1100,0,0
2017-04-21,2.6500000953674316,2.700000047683716,2.6500000953674316,2.700000047683716,4700,0,0
2017-04-24,2.700000047683716,2.700000047683716,2.700000047683716,2.700000047683716,0,0,0
2017-04-25,2.450000047683716,2.700000047683716,2.450000047683716,2.700000047683716,300,0,0
2017-04-26,2.700000047683716,2.700000047683716,2.700000047683716,2.700000047683716,700,0,0
2017-04-27,2.4000000953674316,2.700000047683716,2.4000000953674316,2.700000047683716,5400,0,0
2017-04-28,2.4100000858306885,2.700000047683716,2.4000000953674316,2.700000047683716,2800,0,0
2017-05-01,2.700000047683716,2.700000047683716,2.700000047683716,2.700000047683716,0,0,0
2017-05-02,2.5999999046325684,2.700000047683716,2.5999999046325684,2.700000047683716,6600,0,0
2017-05-03,2.5999999046325684,2.700000047683716,2.5999999046325684,2.700000047683716,5000,0,0
2017-05-04,2.5999999046325684,2.700000047683716,2.5999999046325684,2.700000047683716,2300,0,0
2017-05-05,2.700000047683716,2.700000047683716,2.700000047683716,2.700000047683716,0,0,0
2017-05-08,2.700000047683716,2.700000047683716,2.700000047683716,2.700000047683716,0,0,0
2017-05-09,2.700000047683716,2.700000047683716,2.700000047683716,2.700000047683716,0,0,0
2017-05-10,2.75,2.75,2.6500000953674316,2.6500000953674316,400,0,0
2017-05-11,2.6500000953674316,2.6500000953674316,2.6500000953674316,2.6500000953674316,500,0,0
2017-05-12,2.6500000953674316,2.6500000953674316,2.549999952316284,2.6500000953674316,6400,0,0
2017-05-15,2.6500000953674316,2.6500000953674316,2.049999952316284,2.5199999809265137,18900,0,0
2017-05-16,2.6500000953674316,2.6500000953674316,2.559999942779541,2.6500000953674316,1500,0,0
2017-05-17,2.6500000953674316,2.6500000953674316,2.6500000953674316,2.6500000953674316,100,0,0
2017-05-18,2.6500000953674316,2.6500000953674316,2.6500000953674316,2.6500000953674316,0,0,0
2017-05-19,2.6500000953674316,2.6500000953674316,2.5999999046325684,2.6500000953674316,900,0,0
2017-05-22,2.6500000953674316,2.6500000953674316,2.6500000953674316,2.6500000953674316,0,0,0
2017-05-23,2.619999885559082,2.6500000953674316,2.5999999046325684,2.6500000953674316,1800,0,0
2017-05-24,2.5999999046325684,2.6500000953674316,2.5999999046325684,2.5999999046325684,700,0,0
2017-05-25,2.5999999046325684,2.5999999046325684,2.5,2.5999999046325684,3100,0,0
2017-05-26,2.5,2.5999999046325684,2.5,2.5999999046325684,1500,0,0
2017-05-30,2.5999999046325684,2.5999999046325684,2.5999999046325684,2.5999999046325684,0,0,0
2017-05-31,2.5999999046325684,2.5999999046325684,2.5999999046325684,2.5999999046325684,0,0,0
2017-06-01,2.5999999046325684,2.5999999046325684,2.549999952316284,2.5999999046325684,1800,0,0
2017-06-02,2.5999999046325684,2.5999999046325684,2.5999999046325684,2.5999999046325684,0,0,0
2017-06-05,2.5999999046325684,2.5999999046325684,2.5999999046325684,2.5999999046325684,800,0,0
2017-06-06,2.5999999046325684,2.5999999046325684,2.5999999046325684,2.5999999046325684,0,0,0
2017-06-07,2.5999999046325684,2.5999999046325684,2.5999999046325684,2.5999999046325684,200,0,0
2017-06-08,2.1500000953674316,2.5999999046325684,2.1500000953674316,2.5999999046325684,8500,0,0
2017-06-09,2.200000047683716,2.5999999046325684,2.200000047683716,2.5999999046325684,900,0,0
2017-06-12,2.549999952316284,2.5999999046325684,2.549999952316284,2.5999999046325684,1800,0,0
2017-06-13,2.549999952316284,2.6500000953674316,2.549999952316284,2.6500000953674316,700,0,0
2017-06-14,2.6500000953674316,2.6500000953674316,2.6500000953674316,2.6500000953674316,0,0,0
2017-06-15,2.700000047683716,2.700000047683716,2.700000047683716,2.700000047683716,100,0,0
2017-06-16,2.700000047683716,2.700000047683716,2.700000047683716,2.700000047683716,0,0,0
2017-06-19,2.700000047683716,2.700000047683716,2.700000047683716,2.700000047683716,0,0,0
2017-06-20,2.5999999046325684,2.700000047683716,2.5999999046325684,2.700000047683716,2600,0,0
2017-06-21,2.450000047683716,2.700000047683716,2.450000047683716,2.700000047683716,1000,0,0
2017-06-22,2.700000047683716,2.700000047683716,2.700000047683716,2.700000047683716,0,0,0
2017-06-23,2.6500000953674316,2.6500000953674316,2.5,2.6500000953674316,500,0,0
2017-06-26,2.6500000953674316,2.6500000953674316,2.6500000953674316,2.6500000953674316,200,0,0
2017-06-27,2.5999999046325684,2.6500000953674316,2.5,2.6500000953674316,600,0,0
2017-06-28,2.6500000953674316,2.6500000953674316,2.6500000953674316,2.6500000953674316,0,0,0
2017-06-29,2.6500000953674316,2.6500000953674316,2.6500000953674316,2.6500000953674316,0,0,0
2017-06-30,2.6500000953674316,2.6500000953674316,2.6500000953674316,2.6500000953674316,0,0,0
2017-07-03,2.6500000953674316,2.6500000953674316,2.6500000953674316,2.6500000953674316,0,0,0
2017-07-05,2.5,2.6500000953674316,2.5,2.6500000953674316,1500,0,0
2017-07-06,2.6500000953674316,2.6500000953674316,2.6500000953674316,2.6500000953674316,0,0,0
2017-07-07,2.6500000953674316,2.6500000953674316,2.6500000953674316,2.6500000953674316,0,0,0
2017-07-10,2.6500000953674316,2.6500000953674316,2.6500000953674316,2.6500000953674316,0,0,0
2017-07-11,2.5999999046325684,2.6500000953674316,2.5999999046325684,2.6500000953674316,800,0,0
2017-07-12,2.450000047683716,2.6500000953674316,2.450000047683716,2.6500000953674316,900,0,0
2017-07-13,2.4000000953674316,2.549999952316284,2.4000000953674316,2.549999952316284,1100,0,0
2017-07-14,2.5999999046325684,2.5999999046325684,2.4000000953674316,2.549999952316284,7100,0,0
2017-07-17,2.5999999046325684,2.5999999046325684,2.450000047683716,2.5,800,0,0
2017-07-18,2.5999999046325684,2.5999999046325684,2.4000000953674316,2.5999999046325684,400,0,0
2017-07-19,2.5,2.5999999046325684,2.5,2.5999999046325684,300,0,0
2017-07-20,2.5,2.5999999046325684,2.4000000953674316,2.450000047683716,4600,0,0
2017-07-21,2.450000047683716,2.5999999046325684,2.450000047683716,2.5999999046325684,300,0,0
2017-07-24,2.5999999046325684,2.5999999046325684,2.5,2.5999999046325684,4800,0,0
2017-07-25,2.5999999046325684,2.5999999046325684,2.5999999046325684,2.5999999046325684,0,0,0
2017-07-26,2.5,2.5,2.490000009536743,2.5,2400,0,0
2017-07-27,2.450000047683716,2.5,2.450000047683716,2.5,600,0,0
2017-07-28,2.5,2.5,2.5,2.5,0,0,0
2017-07-31,2.450000047683716,2.5,2.450000047683716,2.5,900,0,0
2017-08-01,2.490000009536743,2.5,2.490000009536743,2.5,300,0,0
2017-08-02,2.4100000858306885,2.5,2.4000000953674316,2.5,17100,0,0
2017-08-03,2.4000000953674316,2.5,2.4000000953674316,2.5,1300,0,0
2017-08-04,2.450000047683716,2.5,2.4000000953674316,2.450000047683716,5900,0,0
2017-08-07,2.4000000953674316,2.4100000858306885,2.25,2.25,19500,0,0
2017-08-08,2.4000000953674316,2.5,2.3499999046325684,2.5,1200,0,0
2017-08-09,2.3499999046325684,2.3499999046325684,2.299999952316284,2.3499999046325684,2200,0,0
2017-08-10,2.4000000953674316,2.5,2.3499999046325684,2.4000000953674316,800,0,0
2017-08-11,2.450000047683716,2.450000047683716,2.299999952316284,2.3499999046325684,3100,0,0
2017-08-14,2.450000047683716,2.450000047683716,2.299999952316284,2.3499999046325684,2500,0,0
2017-08-15,2.4000000953674316,2.4000000953674316,2.4000000953674316,2.4000000953674316,600,0,0
2017-08-16,2.4000000953674316,2.4000000953674316,2.4000000953674316,2.4000000953674316,0,0,0
2017-08-17,2.299999952316284,2.4000000953674316,2.25,2.299999952316284,19200,0,0
2017-08-18,2.4000000953674316,2.4000000953674316,2.4000000953674316,2.4000000953674316,100,0,0
2017-08-21,2.4000000953674316,2.4000000953674316,2.4000000953674316,2.4000000953674316,200,0,0
2017-08-22,2.2100000381469727,2.3499999046325684,2.2100000381469727,2.3499999046325684,1000,0,0
2017-08-23,2.3499999046325684,2.3499999046325684,2.2899999618530273,2.3499999046325684,700,0,0
2017-08-24,2.3499999046325684,2.3499999046325684,2.3499999046325684,2.3499999046325684,0,0,0
2017-08-25,2.299999952316284,2.3499999046325684,2.299999952316284,2.299999952316284,1100,0,0
2017-08-28,2.25,2.299999952316284,2.25,2.25,4300,0,0
2017-08-29,2.25,2.4000000953674316,2.25,2.4000000953674316,300,0,0
2017-08-30,2.4000000953674316,2.4000000953674316,2.4000000953674316,2.4000000953674316,800,0,0
2017-08-31,2.4000000953674316,2.4000000953674316,2.4000000953674316,2.4000000953674316,0,0,0
2017-09-01,2.299999952316284,2.299999952316284,2.25,2.2899999618530273,800,0,0
2017-09-05,2.4000000953674316,2.4000000953674316,2.4000000953674316,2.4000000953674316,100,0,0
2017-09-06,2.4000000953674316,2.5,2.4000000953674316,2.5,5900,0,0
2017-09-07,2.4000000953674316,2.4000000953674316,2.299999952316284,2.4000000953674316,5300,0,0
2017-09-08,2.5,2.5,2.5,2.5,100,0,0
2017-09-11,2.5,2.5,2.5,2.5,0,0,0
2017-09-12,2.299999952316284,2.450000047683716,2.2699999809265137,2.450000047683716,700,0,0
2017-09-13,2.450000047683716,2.5,2.440000057220459,2.5,1500,0,0
2017-09-14,2.4000000953674316,2.5,2.4000000953674316,2.5,4100,0,0
2017-09-15,2.5,2.5,2.25,2.5,4900,0,0
2017-09-18,2.5,2.5,2.5,2.5,0,0,0
2017-09-19,2.25,2.25,2.25,2.25,1100,0,0
2017-09-20,2.4000000953674316,2.450000047683716,2.299999952316284,2.450000047683716,3300,0,0
2017-09-21,2.4000000953674316,2.450000047683716,2.4000000953674316,2.450000047683716,1200,0,0
2017-09-22,2.450000047683716,2.450000047683716,2.450000047683716,2.450000047683716,0,0,0
2017-09-25,2.450000047683716,2.450000047683716,2.450000047683716,2.450000047683716,0,0,0
2017-09-26,2.4000000953674316,2.4000000953674316,2.4000000953674316,2.4000000953674316,4200,0,0
2017-09-27,2.4000000953674316,2.450000047683716,2.4000000953674316,2.450000047683716,300,0,0
2017-09-28,2.299999952316284,2.299999952316284,2.25,2.299999952316284,7600,0,0
2017-09-29,2.299999952316284,2.450000047683716,2.0999999046325684,2.25,9600,0,0
2017-10-02,2.25,2.299999952316284,2.200000047683716,2.299999952316284,600,0,0
2017-10-03,2.299999952316284,2.4000000953674316,2.200000047683716,2.4000000953674316,1100,0,0
2017-10-04,2.2100000381469727,2.4000000953674316,2.0999999046325684,2.3499999046325684,12400,0,0
2017-10-05,2.1500000953674316,2.3499999046325684,2.1500000953674316,2.3499999046325684,3800,0,0
2017-10-06,2.299999952316284,2.3499999046325684,2.299999952316284,2.3499999046325684,600,0,0
2017-10-09,2.25,2.3499999046325684,2.25,2.25,2900,0,0
2017-10-10,2.25,2.3499999046325684,2.25,2.25,3800,0,0
2017-10-11,2.299999952316284,2.3499999046325684,2.299999952316284,2.3499999046325684,800,0,0
2017-10-12,2.3399999141693115,2.3399999141693115,2.3399999141693115,2.3399999141693115,500,0,0
2017-10-13,2.299999952316284,2.299999952316284,2.299999952316284,2.299999952316284,4300,0,0
2017-10-16,2.200000047683716,2.299999952316284,2.200000047683716,2.299999952316284,1100,0,0
2017-10-17,2.299999952316284,2.299999952316284,2.299999952316284,2.299999952316284,0,0,0
2017-10-18,2.299999952316284,2.299999952316284,2.299999952316284,2.299999952316284,0,0,0
2017-10-19,2.299999952316284,2.299999952316284,2.200000047683716,2.299999952316284,3900,0,0
2017-10-20,2.3499999046325684,2.3499999046325684,2.3499999046325684,2.3499999046325684,400,0,0
2017-10-23,2.25,2.25,2.25,2.25,1800,0,0
2017-10-24,2.3499999046325684,2.3499999046325684,2.25,2.3499999046325684,700,0,0
2017-10-25,2.3499999046325684,2.3499999046325684,2.25,2.3499999046325684,2800,0,0
2017-10-26,2.3499999046325684,2.3499999046325684,2.3499999046325684,2.3499999046325684,0,0,0
2017-10-27,2.25,2.3499999046325684,2.25,2.3499999046325684,1000,0,0
2017-10-30,2.299999952316284,2.3499999046325684,2.299999952316284,2.3499999046325684,500,0,0
2017-10-31,2.3499999046325684,2.3499999046325684,2.3499999046325684,2.3499999046325684,0,0,0
2017-11-01,2.25,2.3499999046325684,2.25,2.3499999046325684,1200,0,0
2017-11-02,2.200000047683716,2.299999952316284,2.0,2.299999952316284,15400,0,0
2017-11-03,2.200000047683716,2.299999952316284,2.200000047683716,2.299999952316284,600,0,0
2017-11-06,2.2799999713897705,2.2799999713897705,2.25,2.25,6700,0,0
2017-11-07,2.299999952316284,2.299999952316284,2.299999952316284,2.299999952316284,300,0,0
2017-11-08,2.2899999618530273,2.2899999618530273,2.2899999618530273,2.2899999618530273,2500,0,0
2017-11-09,2.2799999713897705,2.299999952316284,2.0199999809265137,2.1500000953674316,9100,0,0
2017-11-10,2.1500000953674316,2.200000047683716,1.9600000381469727,2.1500000953674316,11400,0,0
2017-11-13,2.4000000953674316,2.700000047683716,2.25,2.5,91500,0,0
2017-11-14,2.450000047683716,2.700000047683716,2.309999942779541,2.5999999046325684,5900,0,0
2017-11-15,2.5999999046325684,2.609999895095825,2.359999895095825,2.5999999046325684,6400,0,0
2017-11-16,2.359999895095825,2.700000047683716,2.299999952316284,2.3499999046325684,20600,0,0
2017-11-17,2.25,2.3499999046325684,2.25,2.3499999046325684,4800,0,0
2017-11-20,2.3499999046325684,2.3499999046325684,2.0999999046325684,2.1500000953674316,12400,0,0
2017-11-21,2.200000047683716,2.25,2.1500000953674316,2.25,11000,0,0
2017-11-22,2.299999952316284,2.299999952316284,2.200000047683716,2.25,1500,0,0
2017-11-24,2.299999952316284,2.299999952316284,2.25,2.299999952316284,1000,0,0
2017-11-27,2.25,2.299999952316284,2.0999999046325684,2.25,5500,0,0
2017-11-28,2.0999999046325684,2.25,2.059999942779541,2.25,4400,0,0
2017-11-29,2.25,2.25,2.069999933242798,2.25,2600,0,0
2017-11-30,2.299999952316284,2.3499999046325684,2.200000047683716,2.299999952316284,12900,0,0
2017-12-01,2.1500000953674316,2.299999952316284,2.1500000953674316,2.25,35600,0,0
2017-12-04,2.299999952316284,2.299999952316284,2.299999952316284,2.299999952316284,2700,0,0
2017-12-05,2.25,2.3499999046325684,2.2100000381469727,2.3499999046325684,13400,0,0
2017-12-06,2.4000000953674316,2.4000000953674316,2.4000000953674316,2.4000000953674316,100,0,0
2017-12-07,2.4000000953674316,2.450000047683716,2.3499999046325684,2.450000047683716,1800,0,0
2017-12-08,2.380000114440918,2.450000047683716,2.380000114440918,2.4000000953674316,300,0,0
2017-12-11,2.450000047683716,2.450000047683716,2.4000000953674316,2.4000000953674316,200,0,0
2017-12-12,2.450000047683716,2.450000047683716,2.299999952316284,2.4000000953674316,3800,0,0
2017-12-13,2.4000000953674316,2.4000000953674316,2.4000000953674316,2.4000000953674316,0,0,0
2017-12-14,2.4000000953674316,2.4000000953674316,2.4000000953674316,2.4000000953674316,0,0,0
2017-12-15,2.299999952316284,2.299999952316284,2.299999952316284,2.299999952316284,600,0,0
2017-12-18,2.3499999046325684,2.3499999046325684,2.299999952316284,2.3499999046325684,3300,0,0
2017-12-19,2.4000000953674316,2.4000000953674316,2.3499999046325684,2.4000000953674316,2600,0,0
2017-12-20,2.2100000381469727,2.4000000953674316,2.2100000381469727,2.4000000953674316,700,0,0
2017-12-21,2.4000000953674316,2.450000047683716,2.3499999046325684,2.4000000953674316,1700,0,0
2017-12-22,2.450000047683716,2.450000047683716,2.450000047683716,2.450000047683716,2200,0,0
2017-12-26,2.359999895095825,2.4000000953674316,2.359999895095825,2.4000000953674316,2200,0,0
2017-12-27,2.390000104904175,2.4100000858306885,2.359999895095825,2.359999895095825,3400,0,0
2017-12-28,2.4200000762939453,2.4200000762939453,2.3299999237060547,2.3299999237060547,2300,0,0
2017-12-29,2.3499999046325684,2.3499999046325684,2.200000047683716,2.3499999046325684,600,0,0
2018-01-02,2.3499999046325684,2.450000047683716,2.3499999046325684,2.3499999046325684,12300,0,0
2018-01-03,2.450000047683716,2.450000047683716,2.299999952316284,2.299999952316284,6400,0,0
2018-01-04,2.299999952316284,2.450000047683716,2.299999952316284,2.4000000953674316,8600,0,0
2018-01-05,2.4000000953674316,2.5,2.4000000953674316,2.4000000953674316,13500,0,0
2018-01-08,2.4000000953674316,2.4000000953674316,2.299999952316284,2.3499999046325684,2800,0,0
2018-01-09,2.4000000953674316,2.4000000953674316,2.25,2.299999952316284,5300,0,0
2018-01-10,2.4000000953674316,2.4000000953674316,2.319999933242798,2.3499999046325684,900,0,0
2018-01-11,2.4000000953674316,2.4000000953674316,2.299999952316284,2.299999952316284,4500,0,0
2018-01-12,2.5999999046325684,2.5999999046325684,2.299999952316284,2.299999952316284,3900,0,0
2018-01-16,2.3499999046325684,2.5,2.3499999046325684,2.4000000953674316,16200,0,0
2018-01-17,2.450000047683716,2.5,2.4000000953674316,2.5,20500,0,0
2018-01-18,2.450000047683716,2.5999999046325684,2.4000000953674316,2.549999952316284,17500,0,0
2018-01-19,2.549999952316284,2.700000047683716,2.450000047683716,2.5999999046325684,17000,0,0
2018-01-22,2.549999952316284,2.6500000953674316,2.549999952316284,2.6500000953674316,2400,0,0
2018-01-23,2.6500000953674316,2.6500000953674316,2.549999952316284,2.5999999046325684,9100,0,0
2018-01-24,2.5999999046325684,2.5999999046325684,2.5,2.5999999046325684,9200,0,0
2018-01-25,2.549999952316284,2.5999999046325684,2.5,2.5999999046325684,5400,0,0
2018-01-26,2.5,2.700000047683716,2.5,2.6500000953674316,900,0,0
2018-01-29,2.6500000953674316,2.6500000953674316,2.4000000953674316,2.4000000953674316,1800,0,0
2018-01-30,2.4000000953674316,2.6500000953674316,2.4000000953674316,2.549999952316284,36000,0,0
2018-01-31,2.549999952316284,2.700000047683716,2.5,2.690000057220459,14500,0,0
2018-02-01,2.609999895095825,2.700000047683716,2.609999895095825,2.6500000953674316,3700,0,0
2018-02-02,2.5999999046325684,2.700000047683716,2.5999999046325684,2.700000047683716,14400,0,0
2018-02-05,2.549999952316284,2.700000047683716,2.549999952316284,2.700000047683716,5400,0,0
2018-02-06,2.6500000953674316,2.700000047683716,2.509999990463257,2.700000047683716,7700,0,0
2018-02-07,2.700000047683716,2.700000047683716,2.549999952316284,2.700000047683716,2100,0,0
2018-02-08,2.6500000953674316,2.700000047683716,2.6500000953674316,2.700000047683716,3900,0,0
2018-02-09,2.700000047683716,3.240000009536743,2.700000047683716,3.0,43800,0,0
2018-02-12,3.049999952316284,3.049999952316284,2.8499999046325684,3.0,12700,0,0
2018-02-13,3.0,3.0,2.9000000953674316,3.0,16100,0,0
2018-02-14,2.9000000953674316,3.0,2.809999942779541,3.0,10000,0,0
2018-02-15,3.0,3.0,3.0,3.0,0,0,0
2018-02-16,2.859999895095825,3.0,2.799999952316284,2.9200000762939453,8600,0,0
2018-02-20,2.950000047683716,2.950000047683716,2.759999990463257,2.9000000953674316,6800,0,0
2018-02-21,2.8499999046325684,2.9000000953674316,2.8499999046325684,2.8499999046325684,2200,0,0
2018-02-22,2.799999952316284,2.950000047683716,2.75,2.9000000953674316,9300,0,0
2018-02-23,2.950000047683716,2.950000047683716,2.950000047683716,2.950000047683716,600,0,0
2018-02-26,2.950000047683716,3.0,2.8499999046325684,3.0,4200,0,0
2018-02-27,3.0,3.0,3.0,3.0,0,0,0
2018-02-28,2.799999952316284,2.799999952316284,2.799999952316284,2.799999952316284,1100,0,0
2018-03-01,2.8499999046325684,2.8499999046325684,2.8499999046325684,2.8499999046325684,300,0,0
2018-03-02,2.8499999046325684,2.8499999046325684,2.8499999046325684,2.8499999046325684,300,0,0
2018-03-05,2.8499999046325684,2.8499999046325684,2.8499999046325684,2.8499999046325684,0,0,0
2018-03-06,2.8499999046325684,2.8499999046325684,2.8499999046325684,2.8499999046325684,0,0,0
2018-03-07,2.8499999046325684,2.9000000953674316,2.8499999046325684,2.9000000953674316,300,0,0
2018-03-08,2.8299999237060547,3.0,2.799999952316284,3.0,5300,0,0
2018-03-09,3.0,3.1500000953674316,3.0,3.0999999046325684,17100,0,0
2018-03-12,3.0,3.1500000953674316,2.9800000190734863,3.0,7600,0,0
2018-03-13,3.1500000953674316,3.1500000953674316,3.049999952316284,3.0999999046325684,2800,0,0
2018-03-14,3.0399999618530273,3.0999999046325684,3.0,3.0999999046325684,1100,0,0
2018-03-15,3.0999999046325684,3.0999999046325684,2.9700000286102295,3.0999999046325684,1800,0,0
2018-03-16,2.9700000286102295,3.0999999046325684,2.950000047683716,3.0999999046325684,1700,0,0
2018-03-19,3.0,3.0999999046325684,2.940000057220459,3.0999999046325684,1000,0,0
2018-03-20,3.049999952316284,3.0999999046325684,3.0,3.0999999046325684,1700,0,0
2018-03-21,3.0999999046325684,3.450000047683716,3.0,3.450000047683716,24600,0,0
2018-03-22,3.450000047683716,3.450000047683716,3.200000047683716,3.299999952316284,7400,0,0
2018-03-23,3.450000047683716,3.450000047683716,3.1700000762939453,3.3499999046325684,2900,0,0
2018-03-26,3.25,3.4000000953674316,3.0999999046325684,3.3499999046325684,9200,0,0
2018-03-27,3.3499999046325684,3.3499999046325684,3.3499999046325684,3.3499999046325684,600,0,0
2018-03-28,3.4000000953674316,3.9000000953674316,3.4000000953674316,3.8499999046325684,66900,0,0
2018-03-29,3.9000000953674316,3.9000000953674316,3.700000047683716,3.9000000953674316,11000,0,0
2018-04-02,3.9000000953674316,3.9000000953674316,3.759999990463257,3.9000000953674316,11400,0,0
2018-04-03,3.9000000953674316,3.9000000953674316,3.759999990463257,3.799999952316284,8500,0,0
2018-04-04,3.799999952316284,3.799999952316284,3.490000009536743,3.700000047683716,24800,0,0
2018-04-05,3.700000047683716,3.8499999046325684,3.5999999046325684,3.700000047683716,8200,0,0
2018-04-06,3.799999952316284,3.8499999046325684,3.450000047683716,3.6500000953674316,16000,0,0
2018-04-09,3.5999999046325684,3.799999952316284,3.450000047683716,3.700000047683716,12300,0,0
2018-04-10,3.799999952316284,3.799999952316284,3.6500000953674316,3.799999952316284,5100,0,0
2018-04-11,3.6500000953674316,3.799999952316284,3.6500000953674316,3.799999952316284,5800,0,0
2018-04-12,3.799999952316284,3.799999952316284,3.7100000381469727,3.799999952316284,2000,0,0
2018-04-13,3.700000047683716,3.799999952316284,3.700000047683716,3.799999952316284,3200,0,0
2018-04-16,3.700000047683716,3.799999952316284,3.700000047683716,3.799999952316284,5600,0,0
2018-04-17,3.75,3.8499999046325684,3.75,3.799999952316284,2500,0,0
2018-04-18,3.799999952316284,3.8499999046325684,3.5999999046325684,3.75,8400,0,0
2018-04-19,3.549999952316284,3.75,3.549999952316284,3.5999999046325684,5500,0,0
2018-04-20,3.549999952316284,3.75,3.549999952316284,3.6500000953674316,2000,0,0
2018-04-23,3.75,3.75,3.680000066757202,3.75,3000,0,0
2018-04-24,3.6500000953674316,3.8499999046325684,3.6500000953674316,3.6500000953674316,9400,0,0
2018-04-25,3.5999999046325684,3.8499999046325684,3.5999999046325684,3.8499999046325684,4200,0,0
2018-04-26,3.799999952316284,3.8499999046325684,3.75,3.75,1300,0,0
2018-04-27,3.700000047683716,3.8499999046325684,3.549999952316284,3.8499999046325684,6100,0,0
2018-04-30,3.8499999046325684,3.8499999046325684,3.799999952316284,3.799999952316284,2000,0,0
2018-05-01,3.700000047683716,3.700000047683716,3.559999942779541,3.5999999046325684,9200,0,0
2018-05-02,3.700000047683716,3.700000047683716,3.6500000953674316,3.6500000953674316,24100,0,0
2018-05-03,3.6500000953674316,3.700000047683716,3.6500000953674316,3.700000047683716,2200,0,0
2018-05-04,3.700000047683716,3.700000047683716,3.700000047683716,3.700000047683716,1100,0,0
2018-05-07,3.6500000953674316,3.700000047683716,3.609999895095825,3.700000047683716,2300,0,0
2018-05-08,3.5999999046325684,3.700000047683716,3.5999999046325684,3.700000047683716,3000,0,0
2018-05-09,3.5999999046325684,3.75,3.5999999046325684,3.6500000953674316,4700,0,0
2018-05-10,3.549999952316284,4.150000095367432,3.509999990463257,3.950000047683716,24400,0,0
2018-05-11,4.0,4.150000095367432,3.950000047683716,4.079999923706055,19100,0,0
2018-05-14,4.199999809265137,4.5,4.159999847412109,4.159999847412109,12900,0,0
2018-05-15,4.199999809265137,4.5,3.5,4.349999904632568,14500,0,0
2018-05-16,4.25,4.400000095367432,4.25,4.300000190734863,6600,0,0
2018-05-17,4.300000190734863,4.349999904632568,3.1500000953674316,4.25,8400,0,0
2018-05-18,4.25,4.25,4.25,4.25,200,0,0
2018-05-21,4.25,4.300000190734863,4.25,4.300000190734863,1500,0,0
2018-05-22,4.400000095367432,4.400000095367432,4.199999809265137,4.300000190734863,1900,0,0
2018-05-23,4.25,4.25,3.799999952316284,3.8499999046325684,36300,0,0
2018-05-24,3.799999952316284,4.449999809265137,3.799999952316284,4.25,27400,0,0
2018-05-25,4.25,4.349999904632568,4.199999809265137,4.300000190734863,2200,0,0
2018-05-29,4.25,4.349999904632568,4.199999809265137,4.349999904632568,1000,0,0
2018-05-30,4.079999923706055,4.349999904632568,4.079999923706055,4.199999809265137,4600,0,0
2018-05-31,3.9000000953674316,4.199999809265137,3.9000000953674316,4.050000190734863,5600,0,0
2018-06-01,4.050000190734863,4.050000190734863,3.859999895095825,3.9000000953674316,6700,0,0
2018-06-04,4.0,4.0,4.0,4.0,5800,0,0
2018-06-05,4.0,4.0,3.799999952316284,3.9000000953674316,29700,0,0
2018-06-06,4.0,4.0,3.950000047683716,3.950000047683716,400,0,0
2018-06-07,3.950000047683716,3.950000047683716,3.799999952316284,3.819999933242798,3600,0,0
2018-06-08,3.950000047683716,3.950000047683716,3.859999895095825,3.950000047683716,700,0,0
2018-06-11,3.940000057220459,3.950000047683716,3.9000000953674316,3.950000047683716,1400,0,0
2018-06-12,3.950000047683716,3.950000047683716,3.950000047683716,3.950000047683716,0,0,0
2018-06-13,3.9200000762939453,3.950000047683716,3.869999885559082,3.950000047683716,2900,0,0
2018-06-14,3.950000047683716,3.950000047683716,3.950000047683716,3.950000047683716,100,0,0
2018-06-15,3.9000000953674316,3.9000000953674316,3.9000000953674316,3.9000000953674316,300,0,0
2018-06-18,3.799999952316284,3.950000047683716,3.6500000953674316,3.799999952316284,13700,0,0
2018-06-19,3.6500000953674316,3.9000000953674316,3.5299999713897705,3.75,6400,0,0
2018-06-20,3.549999952316284,3.8499999046325684,3.450000047683716,3.799999952316284,39400,0,0
2018-06-21,3.700000047683716,3.799999952316284,3.6500000953674316,3.75,3700,0,0
2018-06-22,3.6500000953674316,3.799999952316284,3.549999952316284,3.6500000953674316,12300,0,0
2018-06-25,3.5299999713897705,3.630000114440918,3.299999952316284,3.299999952316284,2800,0,0
2018-06-26,3.25,3.549999952316284,3.25,3.450000047683716,11600,0,0
2018-06-27,3.450000047683716,3.450000047683716,3.299999952316284,3.4000000953674316,2900,0,0
2018-06-28,3.4000000953674316,3.4000000953674316,3.299999952316284,3.4000000953674316,900,0,0
2018-06-29,3.4000000953674316,3.4000000953674316,3.4000000953674316,3.4000000953674316,0,0,0
2018-07-02,3.299999952316284,3.3499999046325684,3.299999952316284,3.299999952316284,3400,0,0
2018-07-03,3.3299999237060547,3.3499999046325684,3.049999952316284,3.0999999046325684,4400,0,0
2018-07-05,2.869999885559082,2.9000000953674316,2.6500000953674316,2.75,8600,0,0
2018-07-06,2.5999999046325684,3.0999999046325684,2.5999999046325684,2.6500000953674316,11700,0,0
2018-07-09,2.549999952316284,3.5,2.549999952316284,3.5,33800,0,0
2018-07-10,3.1500000953674316,3.799999952316284,3.1500000953674316,3.6500000953674316,29100,0,0
2018-07-11,3.5,3.5999999046325684,3.299999952316284,3.299999952316284,3900,0,0
2018-07-12,3.4000000953674316,3.549999952316284,3.4000000953674316,3.549999952316284,500,0,0
2018-07-13,3.549999952316284,3.700000047683716,3.5,3.700000047683716,1600,0,0
2018-07-16,3.700000047683716,3.7100000381469727,3.5299999713897705,3.700000047683716,1900,0,0
2018-07-17,3.5,3.700000047683716,3.4000000953674316,3.5999999046325684,8400,0,0
2018-07-18,3.5999999046325684,3.700000047683716,3.4600000381469727,3.700000047683716,1700,0,0
2018-07-19,3.5899999141693115,3.630000114440918,3.5899999141693115,3.630000114440918,500,0,0
2018-07-20,3.630000114440918,3.630000114440918,3.630000114440918,3.630000114440918,0,0,0
2018-07-23,3.640000104904175,3.640000104904175,3.640000104904175,3.640000104904175,400,0,0
2018-07-24,3.5299999713897705,3.700000047683716,3.5,3.700000047683716,1900,0,0
2018-07-25,3.700000047683716,3.700000047683716,3.700000047683716,3.700000047683716,0,0,0
2018-07-26,3.5999999046325684,3.700000047683716,3.509999990463257,3.700000047683716,900,0,0
2018-07-27,3.700000047683716,3.700000047683716,3.700000047683716,3.700000047683716,300,0,0
2018-07-30,3.4200000762939453,3.700000047683716,3.4200000762939453,3.700000047683716,1400,0,0
2018-07-31,3.700000047683716,3.700000047683716,3.450000047683716,3.700000047683716,2000,0,0
2018-08-01,3.700000047683716,3.700000047683716,3.700000047683716,3.700000047683716,0,0,0
2018-08-02,3.700000047683716,3.700000047683716,3.450000047683716,3.700000047683716,2100,0,0
2018-08-03,3.700000047683716,3.700000047683716,3.450000047683716,3.6500000953674316,900,0,0
2018-08-06,3.4000000953674316,3.6500000953674316,3.200000047683716,3.549999952316284,1500,0,0
2018-08-07,3.299999952316284,3.5,3.25,3.5,1200,0,0
2018-08-08,3.549999952316284,3.5999999046325684,3.049999952316284,3.5999999046325684,3100,0,0
2018-08-09,3.049999952316284,3.5999999046325684,3.049999952316284,3.5999999046325684,4100,0,0
2018-08-10,3.1500000953674316,3.549999952316284,3.1500000953674316,3.2200000286102295,600,0,0
2018-08-13,3.3499999046325684,3.4000000953674316,3.25,3.4000000953674316,2000,0,0
2018-08-14,3.4000000953674316,3.5999999046325684,3.1600000858306885,3.5999999046325684,1800,0,0
2018-08-15,3.5,3.5999999046325684,3.1500000953674316,3.5999999046325684,1200,0,0
2018-08-16,3.0199999809265137,3.5,3.0199999809265137,3.5,900,0,0
2018-08-17,3.5,3.5,3.5,3.5,300,0,0
2018-08-20,3.200000047683716,3.5,3.200000047683716,3.5,700,0,0
2018-08-21,3.0999999046325684,3.5,3.0999999046325684,3.5,1100,0,0
2018-08-22,3.5,3.5,3.5,3.5,0,0,0
2018-08-23,3.5,3.5,3.5,3.5,0,0,0
2018-08-24,3.4000000953674316,3.5,3.4000000953674316,3.450000047683716,900,0,0
2018-08-27,3.2300000190734863,3.5,3.1500000953674316,3.1500000953674316,3600,0,0
2018-08-28,3.4000000953674316,3.4000000953674316,3.3499999046325684,3.3499999046325684,300,0,0
2018-08-29,3.1500000953674316,3.4000000953674316,2.809999942779541,3.4000000953674316,900,0,0
2018-08-30,3.25,3.5,3.25,3.5,300,0,0
2018-08-31,3.450000047683716,3.5,3.450000047683716,3.5,300,0,0
2018-09-04,3.450000047683716,3.549999952316284,3.1500000953674316,3.549999952316284,6300,0,0
2018-09-05,3.25,3.549999952316284,3.1600000858306885,3.549999952316284,11800,0,0
2018-09-06,3.1500000953674316,3.5,3.1500000953674316,3.5,400,0,0
2018-09-07,3.1500000953674316,3.549999952316284,3.1500000953674316,3.450000047683716,9200,0,0
2018-09-10,3.200000047683716,3.3499999046325684,3.0,3.3499999046325684,12600,0,0
2018-09-11,3.1500000953674316,3.3499999046325684,3.1500000953674316,3.299999952316284,600,0,0
2018-09-12,3.299999952316284,3.299999952316284,3.0,3.299999952316284,3300,0,0
2018-09-13,3.299999952316284,3.299999952316284,3.299999952316284,3.299999952316284,0,0,0
2018-09-14,3.0999999046325684,3.25,3.0999999046325684,3.25,300,0,0
2018-09-17,3.0,3.200000047683716,3.0,3.200000047683716,15500,0,0
2018-09-18,3.200000047683716,3.200000047683716,3.200000047683716,3.200000047683716,0,0,0
2018-09-19,3.200000047683716,3.200000047683716,3.200000047683716,3.200000047683716,0,0,0
2018-09-20,3.200000047683716,3.200000047683716,3.1500000953674316,3.1500000953674316,300,0,0
2018-09-21,3.1500000953674316,3.1500000953674316,3.1500000953674316,3.1500000953674316,0,0,0
2018-09-24,3.109999895095825,3.200000047683716,2.799999952316284,3.200000047683716,1900,0,0
2018-09-25,3.049999952316284,3.200000047683716,3.049999952316284,3.200000047683716,3200,0,0
2018-09-26,3.200000047683716,3.200000047683716,3.200000047683716,3.200000047683716,0,0,0
2018-09-27,3.200000047683716,3.299999952316284,3.200000047683716,3.299999952316284,2100,0,0
2018-09-28,3.299999952316284,3.299999952316284,3.299999952316284,3.299999952316284,0,0,0
2018-10-01,3.299999952316284,3.299999952316284,3.299999952316284,3.299999952316284,0,0,0
2018-10-02,3.299999952316284,3.299999952316284,3.299999952316284,3.299999952316284,0,0,0
2018-10-03,2.700000047683716,3.25,2.6700000762939453,3.25,3200,0,0
2018-10-04,3.049999952316284,3.25,3.049999952316284,3.25,400,0,0
2018-10-05,3.200000047683716,3.25,3.200000047683716,3.25,800,0,0
2018-10-08,3.25,3.25,3.25,3.25,0,0,0
2018-10-09,3.240000009536743,3.25,3.240000009536743,3.25,200,0,0
2018-10-10,2.9200000762939453,3.25,2.9200000762939453,3.25,700,0,0
2018-10-11,3.25,3.25,2.819999933242798,3.240000009536743,2300,0,0
2018-10-12,3.25,3.25,3.25,3.25,200,0,0
2018-10-15,2.950000047683716,2.950000047683716,2.950000047683716,2.950000047683716,400,0,0
2018-10-16,2.950000047683716,2.950000047683716,2.950000047683716,2.950000047683716,0,0,0
2018-10-17,3.1500000953674316,3.4000000953674316,3.0,3.2899999618530273,53500,0,0
2018-10-18,3.299999952316284,3.299999952316284,3.1600000858306885,3.299999952316284,17200,0,0
2018-10-19,3.299999952316284,3.299999952316284,3.299999952316284,3.299999952316284,400,0,0
2018-10-22,3.299999952316284,3.299999952316284,3.299999952316284,3.299999952316284,0,0,0
2018-10-23,3.2899999618530273,3.759999990463257,3.200000047683716,3.619999885559082,24100,0,0
2018-10-24,3.4600000381469727,3.700000047683716,3.1500000953674316,3.700000047683716,6200,0,0
2018-10-25,3.609999895095825,3.700000047683716,3.609999895095825,3.700000047683716,1700,0,0
2018-10-26,3.75,3.7699999809265137,3.75,3.7699999809265137,400,0,0
2018-10-29,3.9000000953674316,3.9000000953674316,3.549999952316284,3.9000000953674316,3500,0,0
2018-10-30,3.9000000953674316,3.9000000953674316,3.9000000953674316,3.9000000953674316,100,0,0
2018-10-31,3.9000000953674316,4.010000228881836,3.5999999046325684,3.9700000286102295,11700,0,0
2018-11-01,3.7200000286102295,4.050000190734863,3.640000104904175,4.050000190734863,4400,0,0
2018-11-02,3.9100000858306885,4.199999809265137,3.799999952316284,4.0,10500,0,0
2018-11-05,4.0,4.0,4.0,4.0,100,0,0
2018-11-06,3.9800000190734863,3.9800000190734863,3.9800000190734863,3.9800000190734863,200,0,0
2018-11-07,4.0,4.0,3.9000000953674316,3.990000009536743,1200,0,0
2018-11-08,3.869999885559082,3.950000047683716,3.8499999046325684,3.950000047683716,800,0,0
2018-11-09,3.890000104904175,3.990000009536743,3.880000114440918,3.990000009536743,1200,0,0
2018-11-12,3.880000114440918,4.0,3.880000114440918,4.0,600,0,0
2018-11-13,3.9200000762939453,4.0,3.9200000762939453,4.0,400,0,0
2018-11-14,3.880000114440918,3.950000047683716,3.880000114440918,3.950000047683716,2200,0,0
2018-11-15,3.9200000762939453,3.950000047683716,3.9200000762939453,3.950000047683716,1400,0,0
2018-11-16,3.890000104904175,3.950000047683716,3.890000104904175,3.940000057220459,1300,0,0
2018-11-19,3.9100000858306885,3.950000047683716,3.9100000858306885,3.950000047683716,800,0,0
2018-11-20,3.950000047683716,3.950000047683716,3.950000047683716,3.950000047683716,0,0,0
2018-11-21,3.950000047683716,3.950000047683716,3.950000047683716,3.950000047683716,500,0,0
2018-11-23,3.950000047683716,3.950000047683716,3.950000047683716,3.950000047683716,0,0,0
2018-11-26,3.880000114440918,3.950000047683716,3.880000114440918,3.950000047683716,2600,0,0
2018-11-27,3.950000047683716,3.950000047683716,3.950000047683716,3.950000047683716,100,0,0
2018-11-28,3.950000047683716,3.950000047683716,3.950000047683716,3.950000047683716,100,0,0
2018-11-29,3.9100000858306885,3.950000047683716,3.2100000381469727,3.950000047683716,23700,0,0
2018-11-30,3.7300000190734863,3.950000047683716,3.7300000190734863,3.950000047683716,1600,0,0
2018-12-03,3.5799999237060547,3.609999895095825,3.5799999237060547,3.609999895095825,900,0,0
2018-12-04,3.609999895095825,3.609999895095825,3.609999895095825,3.609999895095825,100,0,0
2018-12-06,3.950000047683716,3.950000047683716,3.799999952316284,3.950000047683716,500,0,0
2018-12-07,3.950000047683716,3.950000047683716,3.7899999618530273,3.940000057220459,1000,0,0
2018-12-10,3.940000057220459,3.940000057220459,3.940000057220459,3.940000057220459,100,0,0
2018-12-11,3.940000057220459,3.940000057220459,3.940000057220459,3.940000057220459,100,0,0
2018-12-12,3.9200000762939453,4.0,3.9200000762939453,4.0,1300,0,0
2018-12-13,4.0,4.199999809265137,4.0,4.059999942779541,14100,0,0
2018-12-14,4.050000190734863,4.099999904632568,4.050000190734863,4.099999904632568,4000,0,0
2018-12-17,3.680000066757202,4.099999904632568,3.680000066757202,4.099999904632568,400,0,0
2018-12-18,3.6500000953674316,4.099999904632568,3.6500000953674316,4.099999904632568,400,0,0
2018-12-19,3.869999885559082,4.099999904632568,3.859999895095825,3.990000009536743,2400,0,0
2018-12-20,4.099999904632568,4.099999904632568,3.990000009536743,4.0,600,0,0
2018-12-21,4.0,4.0,3.869999885559082,4.0,9500,0,0
2018-12-24,4.0,4.0,4.0,4.0,0,0,0
2018-12-26,3.4000000953674316,3.4000000953674316,3.1500000953674316,3.4000000953674316,2300,0,0
2018-12-27,3.8299999237060547,4.0,3.8299999237060547,4.0,11500,0,0
2018-12-28,3.990000009536743,3.990000009536743,3.990000009536743,3.990000009536743,100,0,0
2018-12-31,3.990000009536743,3.990000009536743,3.990000009536743,3.990000009536743,100,0,0
2019-01-02,3.7699999809265137,4.0,3.7699999809265137,4.0,300,0,0
2019-01-03,3.9800000190734863,3.990000009536743,3.9000000953674316,3.990000009536743,2600,0,0
2019-01-04,3.990000009536743,3.990000009536743,3.990000009536743,3.990000009536743,0,0,0
2019-01-07,3.9100000858306885,4.0,3.859999895095825,4.0,1900,0,0
2019-01-08,3.869999885559082,3.950000047683716,3.869999885559082,3.950000047683716,800,0,0
2019-01-09,3.950000047683716,3.950000047683716,3.950000047683716,3.950000047683716,100,0,0
2019-01-10,3.9000000953674316,3.950000047683716,3.8299999237060547,3.950000047683716,1500,0,0
2019-01-11,3.950000047683716,3.950000047683716,3.950000047683716,3.950000047683716,0,0,0
2019-01-14,3.950000047683716,3.950000047683716,3.950000047683716,3.950000047683716,0,0,0
2019-01-15,3.950000047683716,3.950000047683716,3.950000047683716,3.950000047683716,400,0,0
2019-01-16,3.930000066757202,3.950000047683716,3.930000066757202,3.950000047683716,2200,0,0
2019-01-17,3.930000066757202,3.950000047683716,3.7799999713897705,3.950000047683716,3900,0,0
2019-01-18,3.819999933242798,3.940000057220459,3.7799999713897705,3.940000057220459,4000,0,0
2019-01-22,3.549999952316284,3.940000057220459,3.549999952316284,3.9100000858306885,9000,0,0
2019-01-23,3.7899999618530273,3.9000000953674316,3.7100000381469727,3.8499999046325684,7300,0,0
2019-01-24,3.799999952316284,3.819999933242798,3.799999952316284,3.819999933242798,400,0,0
2019-01-25,3.7200000286102295,3.809999942779541,3.7200000286102295,3.809999942779541,900,0,0
2019-01-28,3.700000047683716,3.809999942779541,3.549999952316284,3.809999942779541,1300,0,0
2019-01-29,3.609999895095825,3.799999952316284,3.5999999046325684,3.799999952316284,700,0,0
2019-01-30,3.5999999046325684,3.799999952316284,3.5999999046325684,3.799999952316284,600,0,0
2019-01-31,3.799999952316284,3.799999952316284,3.799999952316284,3.799999952316284,0,0,0
2019-02-01,3.5799999237060547,3.7699999809265137,3.5399999618530273,3.7699999809265137,6800,0,0
2019-02-04,3.7799999713897705,3.7799999713897705,3.5199999809265137,3.7799999713897705,600,0,0
2019-02-05,3.7799999713897705,3.7799999713897705,3.7799999713897705,3.7799999713897705,0,0,0
2019-02-06,3.7799999713897705,3.7799999713897705,3.7799999713897705,3.7799999713897705,100,0,0
2019-02-07,3.7799999713897705,3.7799999713897705,3.7799999713897705,3.7799999713897705,0,0,0
2019-02-08,3.7799999713897705,3.7799999713897705,3.7799999713897705,3.7799999713897705,0,0,0
2019-02-11,3.7799999713897705,3.7799999713897705,3.7799999713897705,3.7799999713897705,100,0,0
2019-02-12,3.7799999713897705,3.7799999713897705,3.7799999713897705,3.7799999713897705,0,0,0
2019-02-13,3.680000066757202,3.799999952316284,3.680000066757202,3.799999952316284,6500,0,0
2019-02-14,3.799999952316284,3.799999952316284,3.799999952316284,3.799999952316284,0,0,0
2019-02-15,3.799999952316284,3.799999952316284,3.799999952316284,3.799999952316284,100,0,0
2019-02-19,3.799999952316284,3.799999952316284,3.799999952316284,3.799999952316284,200,0,0
2019-02-20,3.490000009536743,3.7799999713897705,3.490000009536743,3.7799999713897705,400,0,0
2019-02-21,3.7799999713897705,3.7799999713897705,3.7799999713897705,3.7799999713897705,100,0,0
2019-02-22,3.7799999713897705,3.7799999713897705,3.6500000953674316,3.6500000953674316,300,0,0
2019-02-25,3.6500000953674316,3.6500000953674316,3.6500000953674316,3.6500000953674316,100,0,0
2019-02-26,3.680000066757202,3.759999990463257,3.5,3.559999942779541,11800,0,0
2019-02-27,3.630000114440918,3.690000057220459,3.5,3.690000057220459,1800,0,0
2019-02-28,3.6700000762939453,3.7300000190734863,3.6700000762939453,3.7300000190734863,300,0,0
2019-03-01,3.7899999618530273,3.7899999618530273,3.490000009536743,3.7899999618530273,8300,0,0
2019-03-04,3.799999952316284,3.799999952316284,3.5999999046325684,3.5999999046325684,1600,0,0
2019-03-05,3.700000047683716,3.7799999713897705,3.700000047683716,3.7799999713897705,500,0,0
2019-03-06,3.7799999713897705,3.7799999713897705,3.7799999713897705,3.7799999713897705,100,0,0
2019-03-07,3.7799999713897705,3.7799999713897705,3.7799999713897705,3.7799999713897705,0,0,0
2019-03-08,3.7799999713897705,3.7799999713897705,3.7799999713897705,3.7799999713897705,0,0,0
2019-03-11,3.569999933242798,3.7899999618530273,3.569999933242798,3.7899999618530273,300,0,0
2019-03-12,3.549999952316284,3.799999952316284,3.549999952316284,3.799999952316284,600,0,0
2019-03-13,3.799999952316284,3.799999952316284,3.630000114440918,3.75,8600,0,0
2019-03-14,3.6500000953674316,3.75,3.6500000953674316,3.75,2300,0,0
2019-03-15,3.5999999046325684,3.75,3.5999999046325684,3.75,1800,0,0
2019-03-18,3.75,3.75,3.75,3.75,200,0,0
2019-03-19,3.75,3.75,3.75,3.75,0,0,0
2019-03-20,3.75,3.75,3.75,3.75,0,0,0
2019-03-21,3.75,3.75,3.75,3.75,100,0,0
2019-03-22,3.75,3.75,3.75,3.75,0,0,0
2019-03-25,3.450000047683716,3.700000047683716,3.450000047683716,3.700000047683716,1900,0,0
2019-03-26,3.700000047683716,3.700000047683716,3.700000047683716,3.700000047683716,100,0,0
2019-03-27,3.700000047683716,3.700000047683716,3.700000047683716,3.700000047683716,100,0,0
2019-03-28,3.700000047683716,3.700000047683716,3.700000047683716,3.700000047683716,0,0,0
2019-03-29,3.319999933242798,3.75,3.319999933242798,3.75,8700,0,0
2019-04-01,3.559999942779541,3.7799999713897705,3.559999942779541,3.7799999713897705,5700,0,0
2019-04-02,3.7799999713897705,3.7799999713897705,3.7799999713897705,3.7799999713897705,0,0,0
2019-04-03,3.7799999713897705,3.7799999713897705,3.7799999713897705,3.7799999713897705,100,0,0
2019-04-04,3.759999990463257,3.7899999618530273,3.5899999141693115,3.7899999618530273,2000,0,0
2019-04-05,3.7899999618530273,3.7899999618530273,3.7899999618530273,3.7899999618530273,0,0,0
2019-04-08,3.7899999618530273,3.7899999618530273,3.7899999618530273,3.7899999618530273,100,0,0
2019-04-09,3.7899999618530273,3.7899999618530273,3.7899999618530273,3.7899999618530273,0,0,0
2019-04-10,3.7899999618530273,3.7899999618530273,3.7899999618530273,3.7899999618530273,0,0,0
2019-04-11,3.5199999809265137,3.7100000381469727,3.5199999809265137,3.7100000381469727,700,0,0
2019-04-12,3.5899999141693115,3.75,3.5399999618530273,3.75,3300,0,0
2019-04-15,3.569999933242798,3.75,3.569999933242798,3.75,1200,0,0
2019-04-16,3.630000114440918,3.740000009536743,3.5999999046325684,3.740000009536743,2800,0,0
2019-04-17,3.609999895095825,3.740000009536743,3.609999895095825,3.740000009536743,2100,0,0
2019-04-18,3.630000114440918,3.740000009536743,3.5299999713897705,3.740000009536743,5200,0,0
2019-04-22,3.7300000190734863,3.740000009536743,3.5799999237060547,3.740000009536743,2200,0,0
2019-04-23,3.609999895095825,3.740000009536743,3.5399999618530273,3.740000009536743,3000,0,0
2019-04-24,3.5999999046325684,3.75,3.5999999046325684,3.75,2500,0,0
2019-04-25,3.75,3.75,3.75,3.75,100,0,0
2019-04-26,3.75,3.75,3.5899999141693115,3.75,3500,0,0
2019-04-29,3.559999942779541,3.700000047683716,3.5299999713897705,3.619999885559082,2300,0,0
2019-04-30,3.6700000762939453,3.75,3.6700000762939453,3.75,2300,0,0
2019-05-01,3.75,3.75,3.75,3.75,700,0,0
2019-05-02,3.6600000858306885,3.75,3.6600000858306885,3.75,400,0,0
2019-05-03,3.75,3.75,3.75,3.75,100,0,0
2019-05-06,3.5999999046325684,3.75,3.5999999046325684,3.619999885559082,1500,0,0
2019-05-07,3.609999895095825,3.630000114440918,3.609999895095825,3.609999895095825,900,0,0
2019-05-08,3.619999885559082,3.75,3.559999942779541,3.75,2800,0,0
2019-05-09,3.5799999237060547,3.75,3.569999933242798,3.75,2000,0,0
2019-05-10,3.5799999237060547,3.700000047683716,3.5199999809265137,3.700000047683716,3400,0,0
2019-05-13,3.3399999141693115,3.5999999046325684,3.009999990463257,3.5999999046325684,2300,0,0
2019-05-14,3.5899999141693115,3.5999999046325684,3.200000047683716,3.5999999046325684,3100,0,0
2019-05-15,3.5199999809265137,3.5199999809265137,3.1500000953674316,3.5199999809265137,3300,0,0
2019-05-16,3.2899999618530273,3.5199999809265137,3.190000057220459,3.5199999809265137,2100,0,0
2019-05-17,3.369999885559082,3.5199999809265137,3.3499999046325684,3.5199999809265137,2800,0,0
2019-05-20,3.3499999046325684,3.5199999809265137,3.259999990463257,3.5,3600,0,0
2019-05-21,3.319999933242798,3.5,3.319999933242798,3.5,1800,0,0
2019-05-22,3.319999933242798,3.4800000190734863,3.319999933242798,3.4800000190734863,1100,0,0
2019-05-23,3.490000009536743,3.490000009536743,3.319999933242798,3.4800000190734863,2700,0,0
2019-05-24,3.4800000190734863,3.4800000190734863,3.4800000190734863,3.4800000190734863,100,0,0
2019-05-28,3.450000047683716,3.490000009536743,3.319999933242798,3.4700000286102295,1100,0,0
2019-05-29,3.4700000286102295,3.4700000286102295,3.4700000286102295,3.4700000286102295,0,0,0
2019-05-30,3.4700000286102295,3.4800000190734863,3.200000047683716,3.4700000286102295,4100,0,0
2019-05-31,3.5,3.5,3.4600000381469727,3.4700000286102295,600,0,0
2019-06-03,3.4700000286102295,3.4700000286102295,3.4700000286102295,3.4700000286102295,0,0,0
2019-06-04,3.4700000286102295,3.4700000286102295,3.4700000286102295,3.4700000286102295,0,0,0
2019-06-05,3.4700000286102295,3.4700000286102295,3.4700000286102295,3.4700000286102295,100,0,0
2019-06-06,3.4700000286102295,3.4700000286102295,3.4700000286102295,3.4700000286102295,0,0,0
2019-06-07,3.3299999237060547,3.3299999237060547,3.3299999237060547,3.3299999237060547,100,0,0
2019-06-10,3.2200000286102295,3.2200000286102295,3.2100000381469727,3.2100000381469727,300,0,0
2019-06-11,3.2100000381469727,3.2100000381469727,3.2100000381469727,3.2100000381469727,100,0,0
2019-06-12,3.309999942779541,3.309999942779541,3.309999942779541,3.309999942779541,200,0,0
2019-06-13,3.2799999713897705,3.3299999237060547,3.200000047683716,3.3299999237060547,1700,0,0
2019-06-14,3.3299999237060547,3.3299999237060547,3.3299999237060547,3.3299999237060547,0,0,0
2019-06-17,3.0799999237060547,3.0799999237060547,3.0799999237060547,3.0799999237060547,100,0,0
2019-06-18,3.2200000286102295,3.309999942779541,3.0299999713897705,3.2699999809265137,196700,0,0
2019-06-19,3.0799999237060547,3.2899999618530273,3.0399999618530273,3.2699999809265137,132600,0,0
2019-06-20,3.2899999618530273,3.3299999237060547,3.059999942779541,3.119999885559082,59900,0,0
2019-06-21,3.2699999809265137,3.309999942779541,3.0999999046325684,3.299999952316284,111200,0,0
2019-06-24,3.2300000190734863,3.309999942779541,3.119999885559082,3.119999885559082,27700,0,0
2019-06-25,3.1500000953674316,3.259999990463257,3.009999990463257,3.009999990463257,32500,0,0
2019-06-26,3.0399999618530273,3.059999942779541,3.009999990463257,3.009999990463257,2300,0,0
2019-06-27,2.9200000762939453,3.1700000762939453,2.9000000953674316,3.0399999618530273,3800,0,0
2019-06-28,3.0299999713897705,3.0299999713897705,3.0299999713897705,3.0299999713897705,200,0,0
2019-07-01,2.8399999141693115,3.049999952316284,2.640000104904175,2.640000104904175,3700,0,0
2019-07-02,2.75,2.950000047683716,2.6500000953674316,2.859999895095825,2300,0,0
2019-07-03,2.759999990463257,2.759999990463257,2.4000000953674316,2.7300000190734863,3600,0,0
2019-07-05,2.490000009536743,2.490000009536743,2.3499999046325684,2.4000000953674316,2200,0,0
2019-07-08,2.5299999713897705,2.5299999713897705,2.4000000953674316,2.5199999809265137,700,0,0
2019-07-09,2.3499999046325684,3.319999933242798,2.3499999046325684,2.9600000381469727,61900,0,0
2019-07-10,3.140000104904175,3.25,2.9600000381469727,3.0999999046325684,9800,0,0
2019-07-11,2.559999942779541,3.0999999046325684,2.559999942779541,3.0899999141693115,800,0,0
2019-07-12,3.0299999713897705,3.0299999713897705,2.9700000286102295,2.9700000286102295,1600,0,0
2019-07-15,3.0199999809265137,3.369999885559082,2.5299999713897705,3.2899999618530273,2100,0,0
2019-07-16,2.930000066757202,3.0899999141693115,2.9100000858306885,3.0899999141693115,1100,0,0
2019-07-17,2.930000066757202,3.2100000381469727,2.930000066757202,3.2100000381469727,800,0,0
2019-07-18,3.2100000381469727,3.2100000381469727,3.2100000381469727,3.2100000381469727,100,0,0
2019-07-19,3.2100000381469727,3.2100000381469727,3.2100000381469727,3.2100000381469727,100,0,0
2019-07-22,3.0999999046325684,3.180000066757202,3.0999999046325684,3.180000066757202,1000,0,0
2019-07-23,2.869999885559082,3.2899999618530273,2.869999885559082,3.2899999618530273,300,0,0
2019-07-24,3.2899999618530273,3.2899999618530273,3.2899999618530273,3.2899999618530273,0,0,0
2019-07-25,3.2899999618530273,3.2899999618530273,3.2899999618530273,3.2899999618530273,100,0,0
2019-07-26,3.2899999618530273,3.2899999618530273,3.2899999618530273,3.2899999618530273,100,0,0
2019-07-29,2.9100000858306885,3.299999952316284,2.869999885559082,3.2899999618530273,12200,0,0
2019-07-30,2.9100000858306885,3.299999952316284,2.869999885559082,3.2899999618530273,12200,0,0
2019-07-31,3.0399999618530273,3.299999952316284,3.0399999618530273,3.299999952316284,600,0,0
2019-08-01,3.0399999618530273,3.299999952316284,3.0399999618530273,3.299999952316284,100,0,0
2019-08-02,3.299999952316284,3.299999952316284,3.299999952316284,3.299999952316284,100,0,0
2019-08-05,3.0399999618530273,3.299999952316284,3.0199999809265137,3.299999952316284,900,0,0
2019-08-06,3.259999990463257,3.2899999618530273,3.259999990463257,3.2899999618530273,700,0,0
2019-08-07,3.259999990463257,3.2899999618530273,3.259999990463257,3.2899999618530273,100,0,0
2019-08-08,3.059999942779541,3.2899999618530273,3.059999942779541,3.2899999618530273,200,0,0
2019-08-09,3.059999942779541,3.2899999618530273,3.059999942779541,3.2899999618530273,100,0,0
2019-08-12,3.059999942779541,3.2899999618530273,3.059999942779541,3.2899999618530273,100,0,0
2019-08-13,3.299999952316284,3.299999952316284,3.299999952316284,3.299999952316284,400,0,0
2019-08-14,3.0799999237060547,3.299999952316284,2.9800000190734863,3.299999952316284,900,0,0
2019-08-15,3.2899999618530273,3.3499999046325684,3.2899999618530273,3.3499999046325684,300,0,0
2019-08-16,3.3499999046325684,3.3499999046325684,3.3499999046325684,3.3499999046325684,0,0,0
2019-08-19,3.069999933242798,3.3299999237060547,3.069999933242798,3.3299999237060547,300,0,0
2019-08-20,3.3299999237060547,3.3299999237060547,3.3299999237060547,3.3299999237060547,0,0,0
2019-08-21,3.25,3.299999952316284,3.25,3.299999952316284,1400,0,0
2019-08-22,3.299999952316284,3.299999952316284,3.299999952316284,3.299999952316284,0,0,0
2019-08-23,3.299999952316284,3.299999952316284,3.299999952316284,3.299999952316284,0,0,0
2019-08-26,3.299999952316284,3.299999952316284,3.299999952316284,3.299999952316284,0,0,0
2019-08-27,3.299999952316284,3.299999952316284,3.299999952316284,3.299999952316284,0,0,0
2019-08-28,3.299999952316284,3.299999952316284,3.299999952316284,3.299999952316284,0,0,0
2019-08-29,3.299999952316284,3.299999952316284,3.299999952316284,3.299999952316284,0,0,0
2019-08-30,3.299999952316284,3.299999952316284,3.299999952316284,3.299999952316284,0,0,0
2019-09-03,3.299999952316284,3.299999952316284,3.299999952316284,3.299999952316284,0,0,0
2019-09-04,3.299999952316284,3.299999952316284,3.299999952316284,3.299999952316284,0,0,0
2019-09-05,3.0,3.2899999618530273,3.0,3.2899999618530273,1200,0,0
2019-09-06,3.2899999618530273,3.2899999618530273,3.2899999618530273,3.2899999618530273,0,0,0
2019-09-09,3.2899999618530273,3.2899999618530273,3.2899999618530273,3.2899999618530273,0,0,0
2019-09-10,3.2899999618530273,3.2899999618530273,3.2899999618530273,3.2899999618530273,0,0,0
2019-09-11,3.25,3.299999952316284,3.25,3.299999952316284,400,0,0
2019-09-12,3.299999952316284,3.299999952316284,3.299999952316284,3.299999952316284,100,0,0
2019-09-13,3.299999952316284,3.299999952316284,3.299999952316284,3.299999952316284,0,0,0
2019-09-16,2.869999885559082,3.0199999809265137,2.7899999618530273,3.0199999809265137,1100,0,0
2019-09-17,3.0199999809265137,3.0199999809265137,3.0199999809265137,3.0199999809265137,100,0,0
2019-09-18,3.0199999809265137,3.0199999809265137,3.0199999809265137,3.0199999809265137,0,0,0
2019-09-19,3.0299999713897705,3.0299999713897705,3.0,3.0,600,0,0
2019-09-20,3.0,3.0,3.0,3.0,100,0,0
2019-09-23,3.0,3.0,3.0,3.0,100,0,0
2019-09-24,2.9000000953674316,3.299999952316284,2.9000000953674316,3.299999952316284,500,0,0
2019-09-25,3.299999952316284,3.299999952316284,3.299999952316284,3.299999952316284,100,0,0
2019-09-26,3.299999952316284,3.299999952316284,3.299999952316284,3.299999952316284,0,0,0
2019-09-27,3.0,3.299999952316284,3.0,3.299999952316284,1700,0,0
2019-09-30,3.0899999141693115,3.299999952316284,3.059999942779541,3.299999952316284,2300,0,0
2019-10-01,3.299999952316284,3.299999952316284,3.25,3.299999952316284,1100,0,0
2019-10-02,3.0999999046325684,3.299999952316284,3.0999999046325684,3.299999952316284,2100,0,0
2019-10-03,3.299999952316284,3.299999952316284,3.299999952316284,3.299999952316284,100,0,0
2019-10-04,3.299999952316284,3.299999952316284,3.299999952316284,3.299999952316284,0,0,0
2019-10-07,3.0299999713897705,3.0299999713897705,3.0299999713897705,3.0299999713897705,100,0,0
2019-10-08,3.2699999809265137,3.299999952316284,3.2699999809265137,3.299999952316284,600,0,0
2019-10-09,3.299999952316284,3.299999952316284,3.299999952316284,3.299999952316284,100,0,0
2019-10-10,3.1500000953674316,3.299999952316284,3.0799999237060547,3.299999952316284,2600,0,0
2019-10-11,3.299999952316284,3.299999952316284,3.299999952316284,3.299999952316284,100,0,0
2019-10-14,3.299999952316284,3.299999952316284,3.299999952316284,3.299999952316284,100,0,0
2019-10-15,3.299999952316284,3.299999952316284,3.299999952316284,3.299999952316284,0,0,0
2019-10-16,3.299999952316284,3.299999952316284,3.299999952316284,3.299999952316284,0,0,0
2019-10-17,3.299999952316284,3.299999952316284,3.299999952316284,3.299999952316284,100,0,0
2019-10-18,3.259999990463257,3.299999952316284,2.4200000762939453,3.299999952316284,6900,0,0
2019-10-21,3.299999952316284,3.299999952316284,3.299999952316284,3.299999952316284,100,0,0
2019-10-22,3.299999952316284,3.299999952316284,3.299999952316284,3.299999952316284,100,0,0
2019-10-23,3.0,3.299999952316284,3.0,3.299999952316284,500,0,0
2019-10-24,3.299999952316284,3.299999952316284,3.299999952316284,3.299999952316284,0,0,0
2019-10-25,3.299999952316284,3.299999952316284,3.299999952316284,3.299999952316284,0,0,0
2019-10-28,3.119999885559082,3.119999885559082,3.119999885559082,3.119999885559082,100,0,0
2019-10-29,3.119999885559082,3.119999885559082,3.119999885559082,3.119999885559082,0,0,0
2019-10-30,3.119999885559082,3.119999885559082,3.119999885559082,3.119999885559082,100,0,0
2019-10-31,3.119999885559082,3.119999885559082,3.119999885559082,3.119999885559082,0,0,0
2019-11-01,3.119999885559082,3.119999885559082,3.119999885559082,3.119999885559082,100,0,0
2019-11-04,3.119999885559082,3.119999885559082,3.119999885559082,3.119999885559082,100,0,0
2019-11-05,3.119999885559082,3.119999885559082,3.119999885559082,3.119999885559082,0,0,0
2019-11-06,3.119999885559082,3.119999885559082,3.119999885559082,3.119999885559082,100,0,0
2019-11-07,3.119999885559082,3.119999885559082,3.119999885559082,3.119999885559082,100,0,0
2019-11-08,2.690000057220459,2.809999942779541,2.6500000953674316,2.6500000953674316,2000,0,0
2019-11-11,2.5799999237060547,2.7300000190734863,2.5799999237060547,2.7300000190734863,800,0,0
2019-11-12,2.5199999809265137,2.5199999809265137,2.5199999809265137,2.5199999809265137,500,0,0
2019-11-13,2.430000066757202,2.430000066757202,2.430000066757202,2.430000066757202,2100,0,0
2019-11-14,2.430000066757202,2.430000066757202,2.430000066757202,2.430000066757202,300,0,0
2019-11-15,2.130000114440918,2.130000114440918,1.840000033378601,2.009999990463257,3700,0,0
2019-11-18,2.009999990463257,2.009999990463257,2.0,2.0,3400,0,0
2019-11-19,1.7899999618530273,1.7899999618530273,1.4800000190734863,1.600000023841858,5800,0,0
2019-11-20,1.5,1.5,1.5,1.5,1600,0,0
2019-11-21,1.5,1.5,1.5,1.5,100,0,0
2019-11-22,1.4900000095367432,1.4900000095367432,1.4900000095367432,1.4900000095367432,400,0,0
2019-11-25,1.5099999904632568,1.6399999856948853,1.5,1.5,3300,0,0
2019-11-26,1.600000023841858,1.600000023841858,1.2400000095367432,1.5,3000,0,0
2019-11-27,1.5099999904632568,1.5499999523162842,1.5099999904632568,1.5499999523162842,800,0,0
2019-11-29,1.7000000476837158,1.9900000095367432,1.7000000476837158,1.899999976158142,9900,0,0
2019-12-02,1.909999966621399,2.1500000953674316,1.7400000095367432,2.1500000953674316,2100,0,0
2019-12-03,1.7400000095367432,1.9600000381469727,1.6100000143051147,1.9600000381469727,4300,0,0
2019-12-04,1.6699999570846558,1.9500000476837158,1.649999976158142,1.9500000476837158,4100,0,0
2019-12-05,1.9500000476837158,1.9500000476837158,1.9500000476837158,1.9500000476837158,0,0,0
2019-12-06,1.6100000143051147,1.6100000143051147,1.6100000143051147,1.6100000143051147,900,0,0
2019-12-09,1.659999966621399,1.659999966621399,1.5,1.5199999809265137,2600,0,0
2019-12-10,1.5199999809265137,1.5199999809265137,1.5199999809265137,1.5199999809265137,0,0,0
2019-12-11,1.5199999809265137,1.5199999809265137,1.5199999809265137,1.5199999809265137,0,0,0
2019-12-12,1.6200000047683716,1.649999976158142,1.6200000047683716,1.6200000047683716,700,0,0
2019-12-13,1.6299999952316284,1.6399999856948853,1.5099999904632568,1.5099999904632568,1300,0,0
2019-12-16,1.5,1.8700000047683716,1.5,1.690000057220459,2600,0,0
2019-12-17,1.690000057220459,1.690000057220459,1.690000057220459,1.690000057220459,0,0,0
2019-12-18,1.690000057220459,1.690000057220459,1.690000057220459,1.690000057220459,0,0,0
2019-12-19,1.75,1.75,1.75,1.75,300,0,0
2019-12-20,1.649999976158142,1.7599999904632568,1.649999976158142,1.7599999904632568,3600,0,0
2019-12-23,1.7100000381469727,1.7599999904632568,1.7100000381469727,1.7599999904632568,600,0,0
2019-12-24,1.5800000429153442,1.5800000429153442,1.5800000429153442,1.5800000429153442,100,0,0
2019-12-26,1.559999942779541,1.6699999570846558,1.559999942779541,1.6699999570846558,200,0,0
2019-12-27,1.7000000476837158,1.7100000381469727,1.7000000476837158,1.7000000476837158,1200,0,0
2019-12-30,1.5099999904632568,1.5199999809265137,1.5099999904632568,1.5199999809265137,2100,0,0
2019-12-31,1.5199999809265137,1.5199999809265137,1.5199999809265137,1.5199999809265137,0,0,0
2020-01-02,1.5199999809265137,1.6699999570846558,1.5199999809265137,1.6699999570846558,1900,0,0
2020-01-03,1.6699999570846558,1.6699999570846558,1.6699999570846558,1.6699999570846558,0,0,0
2020-01-06,1.649999976158142,1.659999966621399,1.649999976158142,1.659999966621399,5300,0,0
2020-01-07,1.590000033378601,1.649999976158142,1.5299999713897705,1.649999976158142,1500,0,0
2020-01-08,1.649999976158142,1.6699999570846558,1.649999976158142,1.659999966621399,1200,0,0
2020-01-09,1.659999966621399,1.659999966621399,1.659999966621399,1.659999966621399,0,0,0
2020-01-10,1.5,1.5,1.5,1.5,500,0,0
2020-01-13,1.399999976158142,1.399999976158142,1.399999976158142,1.399999976158142,900,0,0
2020-01-14,1.4299999475479126,1.4299999475479126,1.399999976158142,1.399999976158142,1700,0,0
2020-01-15,1.4500000476837158,1.5,1.4500000476837158,1.4800000190734863,1500,0,0
2020-01-16,1.4800000190734863,1.4800000190734863,1.4800000190734863,1.4800000190734863,0,0,0
2020-01-17,1.3600000143051147,1.3600000143051147,1.3600000143051147,1.3600000143051147,300,0,0
2020-01-21,1.399999976158142,1.399999976158142,1.3300000429153442,1.3300000429153442,9600,0,0
2020-01-22,1.3300000429153442,1.3300000429153442,1.3300000429153442,1.3300000429153442,400,0,0
2020-01-23,1.3700000047683716,1.3700000047683716,1.3700000047683716,1.3700000047683716,200,0,0
2020-01-24,1.3300000429153442,1.3300000429153442,1.3200000524520874,1.3200000524520874,500,0,0
2020-01-27,1.3300000429153442,1.3300000429153442,1.3300000429153442,1.3300000429153442,100,0,0
2020-01-28,1.3300000429153442,1.3300000429153442,1.3300000429153442,1.3300000429153442,0,0,0
2020-01-29,1.350000023841858,1.350000023841858,1.350000023841858,1.350000023841858,300,0,0
2020-01-30,1.350000023841858,1.350000023841858,1.350000023841858,1.350000023841858,0,0,0
2020-01-31,1.3600000143051147,1.3600000143051147,1.3600000143051147,1.3600000143051147,200,0,0
2020-02-03,1.3600000143051147,1.3600000143051147,1.3600000143051147,1.3600000143051147,0,0,0
2020-02-04,1.3600000143051147,1.3600000143051147,1.3600000143051147,1.3600000143051147,0,0,0
2020-02-05,1.5199999809265137,1.5199999809265137,1.5199999809265137,1.5199999809265137,300,0,0
2020-02-06,1.3700000047683716,1.3700000047683716,1.3700000047683716,1.3700000047683716,500,0,0
2020-02-07,1.3700000047683716,1.3700000047683716,1.3700000047683716,1.3700000047683716,0,0,0
2020-02-10,1.399999976158142,1.399999976158142,1.399999976158142,1.399999976158142,2200,0,0
2020-02-11,1.399999976158142,1.399999976158142,1.399999976158142,1.399999976158142,200,0,0
2020-02-12,1.399999976158142,1.399999976158142,1.399999976158142,1.399999976158142,0,0,0
2020-02-13,1.350000023841858,1.409999966621399,1.350000023841858,1.409999966621399,700,0,0
2020-02-14,1.409999966621399,1.409999966621399,1.409999966621399,1.409999966621399,0,0,0
2020-02-18,1.409999966621399,1.409999966621399,1.409999966621399,1.409999966621399,0,0,0
2020-02-19,1.409999966621399,1.409999966621399,1.409999966621399,1.409999966621399,0,0,0
2020-02-20,1.350000023841858,1.3899999856948853,1.350000023841858,1.3899999856948853,500,0,0
2020-02-21,1.3899999856948853,1.3899999856948853,1.3899999856948853,1.3899999856948853,0,0,0
2020-02-24,1.350000023841858,1.350000023841858,1.3300000429153442,1.3300000429153442,500,0,0
2020-02-25,1.3300000429153442,1.3300000429153442,1.3300000429153442,1.3300000429153442,700,0,0
2020-02-26,1.3300000429153442,1.3300000429153442,1.3300000429153442,1.3300000429153442,0,0,0
2020-02-27,1.3300000429153442,1.3300000429153442,1.3300000429153442,1.3300000429153442,0,0,0
2020-02-28,1.3300000429153442,1.3300000429153442,1.3300000429153442,1.3300000429153442,600,0,0
2020-03-02,1.3200000524520874,1.3200000524520874,1.3200000524520874,1.3200000524520874,200,0,0
2020-03-03,1.3200000524520874,1.3200000524520874,1.3200000524520874,1.3200000524520874,0,0,0
2020-03-04,1.3200000524520874,1.3200000524520874,1.3200000524520874,1.3200000524520874,0,0,0
2020-03-05,1.3200000524520874,1.3200000524520874,1.3200000524520874,1.3200000524520874,0,0,0
2020-03-06,1.3200000524520874,1.3200000524520874,1.3200000524520874,1.3200000524520874,700,0,0
2020-03-09,1.3200000524520874,1.3200000524520874,1.3200000524520874,1.3200000524520874,100,0,0
2020-03-10,1.340000033378601,1.3600000143051147,1.340000033378601,1.3600000143051147,1900,0,0
2020-03-11,1.3700000047683716,1.3700000047683716,1.3700000047683716,1.3700000047683716,600,0,0
2020-03-12,1.3700000047683716,1.3700000047683716,1.3700000047683716,1.3700000047683716,0,0,0
2020-03-13,1.25,1.25,1.25,1.25,1200,0,0
2020-03-16,1.25,1.25,1.25,1.25,0,0,0
2020-03-17,1.25,1.25,1.25,1.25,0,0,0
2020-03-18,1.0099999904632568,1.0099999904632568,1.0099999904632568,1.0099999904632568,100,0,0
2020-03-19,1.0099999904632568,1.0099999904632568,1.0099999904632568,1.0099999904632568,0,0,0
2020-03-20,1.0499999523162842,1.0499999523162842,1.0099999904632568,1.0099999904632568,500,0,0
2020-03-23,1.0099999904632568,1.0099999904632568,1.0099999904632568,1.0099999904632568,0,0,0
2020-03-24,1.0099999904632568,1.0099999904632568,1.0099999904632568,1.0099999904632568,0,0,0
2020-03-25,1.0099999904632568,1.0099999904632568,1.0099999904632568,1.0099999904632568,0,0,0
2020-03-26,1.0,1.149999976158142,1.0,1.149999976158142,700,0,0
2020-03-27,1.090000033378601,1.090000033378601,1.0800000429153442,1.0800000429153442,1100,0,0
2020-03-30,1.0800000429153442,1.0800000429153442,1.0800000429153442,1.0800000429153442,0,0,0
2020-03-31,1.0299999713897705,1.0299999713897705,1.0299999713897705,1.0299999713897705,700,0,0
2020-04-01,1.0299999713897705,1.0299999713897705,1.0299999713897705,1.0299999713897705,0,0,0
2020-04-02,1.0299999713897705,1.0299999713897705,1.0299999713897705,1.0299999713897705,0,0,0
2020-04-03,1.0299999713897705,1.0299999713897705,1.0299999713897705,1.0299999713897705,0,0,0
2020-04-06,1.0299999713897705,1.0299999713897705,1.0299999713897705,1.0299999713897705,0,0,0
2020-04-07,1.0700000524520874,1.0700000524520874,1.0700000524520874,1.0700000524520874,200,0,0
2020-04-08,1.149999976158142,1.149999976158142,1.0,1.0399999618530273,2200,0,0
2020-04-09,1.0399999618530273,1.0399999618530273,1.0399999618530273,1.0399999618530273,0,0,0
2020-04-13,1.0,1.0700000524520874,1.0,1.0700000524520874,1500,0,0
2020-04-14,1.100000023841858,1.100000023841858,1.0499999523162842,1.0499999523162842,500,0,0
2020-04-15,1.1200000047683716,1.4600000381469727,1.0499999523162842,1.0700000524520874,50700,0,0
2020-04-16,1.0299999713897705,1.1100000143051147,0.8600000143051147,0.949999988079071,20100,0,0
2020-04-17,0.9800000190734863,1.090000033378601,0.6800000071525574,0.7200000286102295,48100,0,0
2020-04-20,0.7599999904632568,0.8999999761581421,0.7599999904632568,0.8500000238418579,35700,0,0
2020-04-21,0.8100000023841858,0.8100000023841858,0.6700000166893005,0.7400000095367432,49900,0,0
2020-04-22,0.8299999833106995,0.8299999833106995,0.6899999976158142,0.75,25700,0,0
2020-04-23,0.7200000286102295,0.75,0.6899999976158142,0.7400000095367432,5000,0,0
2020-04-24,0.7300000190734863,0.7400000095367432,0.6899999976158142,0.7400000095367432,5400,0,0
2020-04-27,0.7599999904632568,0.7599999904632568,0.6899999976158142,0.7599999904632568,21100,0,0
2020-04-28,0.7599999904632568,0.7699999809265137,0.75,0.7699999809265137,10200,0,0
2020-04-29,0.8100000023841858,0.9800000190734863,0.7099999785423279,0.7799999713897705,47800,0,0
2020-04-30,0.800000011920929,0.8399999737739563,0.7300000190734863,0.7799999713897705,6600,0,0
2020-05-01,0.8199999928474426,0.8399999737739563,0.8100000023841858,0.8199999928474426,6300,0,0
2020-05-04,0.8199999928474426,0.9800000190734863,0.800000011920929,0.800000011920929,6500,0,0
2020-05-05,0.9800000190734863,0.9800000190734863,0.8199999928474426,0.9200000166893005,15700,0,0
2020-05-06,0.8199999928474426,0.8600000143051147,0.75,0.8399999737739563,20200,0,0
2020-05-07,0.8299999833106995,0.8299999833106995,0.75,0.7900000214576721,1700,0,0
2020-05-08,0.7599999904632568,0.800000011920929,0.75,0.75,12700,0,0
2020-05-11,0.7900000214576721,0.800000011920929,0.7900000214576721,0.800000011920929,9800,0,0
2020-05-12,0.7699999809265137,0.7900000214576721,0.7699999809265137,0.7900000214576721,700,0,0
2020-05-13,0.8199999928474426,0.8199999928474426,0.7200000286102295,0.7400000095367432,12200,0,0
2020-05-14,0.7400000095367432,0.7400000095367432,0.7400000095367432,0.7400000095367432,800,0,0
2020-05-15,0.7200000286102295,0.8100000023841858,0.6800000071525574,0.6899999976158142,29000,0,0
2020-05-18,0.699999988079071,0.7799999713897705,0.699999988079071,0.7400000095367432,2600,0,0
2020-05-19,0.7400000095367432,0.7799999713897705,0.6899999976158142,0.7599999904632568,2500,0,0
2020-05-20,0.6800000071525574,0.7699999809265137,0.6100000143051147,0.6499999761581421,4600,0,0
2020-05-21,0.7799999713897705,0.7799999713897705,0.6499999761581421,0.75,11800,0,0
2020-05-22,0.7400000095367432,0.7400000095367432,0.6499999761581421,0.6499999761581421,3900,0,0
2020-05-26,0.6499999761581421,0.6600000262260437,0.6499999761581421,0.6600000262260437,1900,0,0
2020-05-27,0.6899999976158142,0.7099999785423279,0.6700000166893005,0.7099999785423279,4100,0,0
2020-05-28,0.7400000095367432,0.7400000095367432,0.7300000190734863,0.7300000190734863,2000,0,0
2020-05-29,0.6200000047683716,0.7400000095367432,0.6200000047683716,0.7200000286102295,2800,0,0
2020-06-01,0.7400000095367432,0.7400000095367432,0.6800000071525574,0.6800000071525574,2400,0,0
2020-06-02,0.7400000095367432,0.7400000095367432,0.6700000166893005,0.6700000166893005,2400,0,0
2020-06-03,0.6700000166893005,0.7099999785423279,0.6700000166893005,0.699999988079071,7100,0,0
2020-06-04,0.75,0.75,0.7099999785423279,0.7200000286102295,11600,0,0
2020-06-05,0.6899999976158142,0.7699999809265137,0.6899999976158142,0.75,4600,0,0
2020-06-08,0.7099999785423279,0.8899999856948853,0.7099999785423279,0.8700000047683716,22900,0,0
2020-06-09,0.8700000047683716,1.2200000286102295,0.8500000238418579,1.1200000047683716,84000,0,0
2020-06-10,1.0,1.0499999523162842,0.75,0.9399999976158142,48100,0,0
2020-06-11,0.7599999904632568,0.9300000071525574,0.7599999904632568,0.9100000262260437,7400,0,0
2020-06-12,1.0499999523162842,3.25,0.8500000238418579,1.2599999904632568,1304900,0,0
2020-06-15,1.2200000286102295,2.2699999809265137,1.2200000286102295,1.5199999809265137,469700,0,0
2020-06-16,1.5499999523162842,1.8799999952316284,1.25,1.340000033378601,126700,0,0
2020-06-17,1.340000033378601,1.3899999856948853,0.949999988079071,1.190000057220459,166300,0,0
2020-06-18,1.2000000476837158,1.2000000476837158,0.9800000190734863,1.0399999618530273,29100,0,0
2020-06-19,1.100000023841858,1.2599999904632568,1.0099999904632568,1.1699999570846558,83200,0,0
2020-06-22,1.2000000476837158,1.3700000047683716,1.1699999570846558,1.2400000095367432,150700,0,0
2020-06-23,1.25,1.25,1.100000023841858,1.149999976158142,29300,0,0
2020-06-24,1.190000057220459,1.850000023841858,1.1100000143051147,1.1100000143051147,307300,0,0
2020-06-25,1.159999966621399,1.399999976158142,1.149999976158142,1.2100000381469727,84200,0,0
2020-06-26,1.2300000190734863,1.350000023841858,1.2000000476837158,1.25,72500,0,0
2020-06-29,1.100000023841858,1.190000057220459,0.9800000190734863,1.0399999618530273,71000,0,0
2020-06-30,1.1299999952316284,1.1799999475479126,1.0499999523162842,1.0499999523162842,15500,0,0
2020-07-01,1.0399999618530273,1.059999942779541,0.949999988079071,0.9800000190734863,31600,0,0
2020-07-02,0.9599999785423279,1.0700000524520874,0.9599999785423279,0.9900000095367432,25600,0,0
2020-07-06,1.100000023841858,1.440000057220459,0.9599999785423279,1.2000000476837158,125500,0,0
2020-07-07,1.1299999952316284,1.2000000476837158,1.0199999809265137,1.1399999856948853,61200,0,0
2020-07-08,1.1399999856948853,1.3700000047683716,1.0700000524520874,1.2799999713897705,132000,0,0
2020-07-09,1.309999942779541,1.309999942779541,1.100000023841858,1.100000023841858,47500,0,0
2020-07-10,1.1799999475479126,1.2100000381469727,1.0700000524520874,1.190000057220459,83700,0,0
2020-07-13,1.159999966621399,1.2100000381469727,1.0800000429153442,1.1799999475479126,65300,0,0
2020-07-14,1.159999966621399,1.1699999570846558,1.100000023841858,1.1200000047683716,16000,0,0
2020-07-15,1.1799999475479126,1.2999999523162842,1.1100000143051147,1.2999999523162842,72800,0,0
2020-07-16,1.2200000286102295,1.3700000047683716,1.2000000476837158,1.2699999809265137,55600,0,0
2020-07-17,1.2699999809265137,1.2799999713897705,1.2300000190734863,1.25,19600,0,0
2020-07-20,1.1799999475479126,1.2599999904632568,1.149999976158142,1.2300000190734863,25600,0,0
2020-07-21,1.2200000286102295,1.3700000047683716,1.2000000476837158,1.3200000524520874,62000,0,0
2020-07-22,1.3799999952316284,1.4700000286102295,1.3200000524520874,1.3700000047683716,41800,0,0
2020-07-23,1.3600000143051147,1.3899999856948853,1.1799999475479126,1.2000000476837158,47100,0,0
2020-07-24,1.190000057220459,1.2599999904632568,1.190000057220459,1.2000000476837158,20200,0,0
2020-07-27,1.2100000381469727,1.25,1.149999976158142,1.2200000286102295,26000,0,0
2020-07-28,1.2200000286102295,1.2400000095367432,1.0700000524520874,1.1100000143051147,70400,0,0
2020-07-29,1.1100000143051147,1.1200000047683716,1.0199999809265137,1.059999942779541,27400,0,0
2020-07-30,1.0499999523162842,1.2000000476837158,1.0399999618530273,1.0700000524520874,83800,0,0
2020-07-31,1.159999966621399,1.1699999570846558,1.0099999904632568,1.1299999952316284,142200,0,0
2020-08-03,1.0800000429153442,1.149999976158142,1.0700000524520874,1.149999976158142,9000,0,0
2020-08-04,1.0800000429153442,1.2200000286102295,1.0800000429153442,1.190000057220459,87000,0,0
2020-08-05,1.190000057220459,1.2000000476837158,1.1299999952316284,1.159999966621399,16500,0,0
2020-08-06,1.1399999856948853,1.1799999475479126,1.1200000047683716,1.159999966621399,20100,0,0
2020-08-07,1.25,1.25,1.1100000143051147,1.159999966621399,29700,0,0
2020-08-10,1.149999976158142,1.2300000190734863,1.1399999856948853,1.1799999475479126,21500,0,0
2020-08-11,1.1799999475479126,1.2000000476837158,1.1200000047683716,1.1299999952316284,5500,0,0
2020-08-12,1.1799999475479126,1.2999999523162842,1.1399999856948853,1.2000000476837158,55000,0,0
2020-08-13,1.25,1.25,1.1200000047683716,1.1299999952316284,19700,0,0
2020-08-14,1.0499999523162842,1.0800000429153442,1.0099999904632568,1.0700000524520874,55400,0,0
2020-08-17,1.0700000524520874,1.0700000524520874,1.0499999523162842,1.0499999523162842,4900,0,0
2020-08-18,1.0299999713897705,1.059999942779541,1.0199999809265137,1.059999942779541,9100,0,0
2020-08-19,1.059999942779541,1.1100000143051147,1.0399999618530273,1.090000033378601,19000,0,0
2020-08-20,1.1399999856948853,1.1399999856948853,1.0499999523162842,1.1200000047683716,9000,0,0
2020-08-21,1.0700000524520874,1.100000023841858,1.0399999618530273,1.100000023841858,20100,0,0
2020-08-24,1.100000023841858,1.100000023841858,0.8999999761581421,0.9300000071525574,59600,0,0
2020-08-25,0.949999988079071,1.0800000429153442,0.9100000262260437,1.0800000429153442,73900,0,0
2020-08-26,1.0700000524520874,1.0800000429153442,1.0299999713897705,1.0700000524520874,48000,0,0
2020-08-27,1.0299999713897705,1.0499999523162842,1.0299999713897705,1.0299999713897705,7600,0,0
2020-08-28,1.0399999618530273,1.059999942779541,1.0199999809265137,1.0399999618530273,15900,0,0
2020-08-31,1.0,1.0399999618530273,1.0,1.0,10400,0,0
2020-09-01,0.949999988079071,1.0,0.949999988079071,0.9800000190734863,13000,0,0
2020-09-02,0.9800000190734863,0.9800000190734863,0.949999988079071,0.9700000286102295,8100,0,0
2020-09-03,0.9300000071525574,1.0,0.8999999761581421,1.0,19500,0,0
2020-09-04,1.0,1.1200000047683716,1.0,1.0700000524520874,39400,0,0
2020-09-08,1.100000023841858,1.159999966621399,0.949999988079071,1.0299999713897705,39900,0,0
2020-09-09,0.9800000190734863,1.090000033378601,0.9599999785423279,1.0,12600,0,0
2020-09-10,0.9900000095367432,1.0499999523162842,0.8999999761581421,0.9700000286102295,14400,0,0
2020-09-11,1.0,1.0199999809265137,0.9800000190734863,0.9800000190734863,19300,0,0
2020-09-14,0.9900000095367432,1.0199999809265137,0.9900000095367432,1.0199999809265137,9200,0,0
2020-09-15,1.0700000524520874,1.0700000524520874,0.949999988079071,0.9700000286102295,21600,0,0
2020-09-16,1.0499999523162842,1.0499999523162842,0.9599999785423279,0.9800000190734863,13100,0,0
2020-09-17,1.0399999618530273,1.0399999618530273,0.949999988079071,0.949999988079071,13100,0,0
2020-09-18,0.949999988079071,0.949999988079071,0.949999988079071,0.949999988079071,0,0,0
2020-09-21,0.949999988079071,0.9800000190734863,0.8299999833106995,0.9300000071525574,39200,0,0
2020-09-22,0.8500000238418579,0.9300000071525574,0.8500000238418579,0.8899999856948853,2000,0,0
2020-09-23,0.949999988079071,0.949999988079071,0.8199999928474426,0.8500000238418579,15800,0,0
2020-09-24,0.8299999833106995,0.8999999761581421,0.8299999833106995,0.8500000238418579,1500,0,0
2020-09-25,0.8500000238418579,0.8500000238418579,0.8500000238418579,0.8500000238418579,2900,0,0
2020-09-28,0.949999988079071,0.9599999785423279,0.8199999928474426,0.8399999737739563,21700,0,0
2020-09-29,0.8399999737739563,0.8999999761581421,0.8199999928474426,0.8999999761581421,77500,0,0
2020-09-30,0.8199999928474426,0.8799999952316284,0.8199999928474426,0.8600000143051147,7700,0,0
2020-10-01,0.8199999928474426,0.8700000047683716,0.8100000023841858,0.8100000023841858,4600,0,0
2020-10-02,0.8500000238418579,0.8500000238418579,0.800000011920929,0.8100000023841858,600,0,0
2020-10-05,0.8399999737739563,0.8899999856948853,0.8399999737739563,0.8600000143051147,4400,0,0
2020-10-06,0.8899999856948853,0.949999988079071,0.8500000238418579,0.8899999856948853,62600,0,0
2020-10-07,0.9399999976158142,0.9399999976158142,0.8500000238418579,0.8999999761581421,1100,0,0
2020-10-08,0.8999999761581421,0.9399999976158142,0.8999999761581421,0.8999999761581421,3000,0,0
2020-10-09,0.9399999976158142,0.9399999976158142,0.9399999976158142,0.9399999976158142,300,0,0
2020-10-12,0.9300000071525574,0.9900000095367432,0.8799999952316284,0.9599999785423279,70700,0,0
2020-10-13,0.9300000071525574,1.1100000143051147,0.9200000166893005,1.0299999713897705,67200,0,0
2020-10-14,1.100000023841858,1.100000023841858,1.0,1.0,13200,0,0
2020-10-15,1.0399999618530273,1.1200000047683716,1.0299999713897705,1.0700000524520874,26300,0,0
2020-10-16,1.0299999713897705,1.1200000047683716,1.0099999904632568,1.0299999713897705,37400,0,0
2020-10-19,1.0700000524520874,1.649999976158142,1.0499999523162842,1.2799999713897705,419300,0,0
2020-10-20,1.2699999809265137,1.2699999809265137,1.0499999523162842,1.100000023841858,39500,0,0
2020-10-21,1.0800000429153442,1.1799999475479126,1.0700000524520874,1.149999976158142,440200,0,0
2020-10-22,2.559999942779541,6.760000228881836,2.549999952316284,2.5999999046325684,149218400,0,0
2020-10-23,3.3499999046325684,3.8299999237060547,2.7300000190734863,2.740000009536743,18438200,0,0
2020-10-26,2.4000000953674316,2.950000047683716,2.4000000953674316,2.8499999046325684,1819700,0,0
2020-10-27,2.799999952316284,3.4800000190734863,2.640000104904175,3.009999990463257,4310300,0,0
2020-10-28,2.9800000190734863,3.009999990463257,2.5999999046325684,2.6700000762939453,572800,0,0
2020-10-29,2.75,2.819999933242798,2.5299999713897705,2.6500000953674316,266100,0,0
2020-10-30,2.5299999713897705,2.6600000858306885,2.140000104904175,2.319999933242798,227400,0,0
2020-11-02,2.119999885559082,2.4000000953674316,1.8700000047683716,1.9299999475479126,257700,0,0
2020-11-03,1.9500000476837158,2.2100000381469727,1.9500000476837158,2.0799999237060547,249400,0,0
2020-11-04,2.0399999618530273,2.1600000858306885,1.9500000476837158,1.9800000190734863,158700,0,0
2020-11-05,2.0199999809265137,2.490000009536743,1.940000057220459,2.1700000762939453,1076500,0,0
2020-11-06,2.119999885559082,2.119999885559082,1.899999976158142,1.9199999570846558,258700,0,0
2020-11-09,1.9600000381469727,2.069999933242798,1.9299999475479126,1.9700000286102295,111600,0,0
