Date,Open,High,Low,Close,Volume,Dividends,Stock Splits
1997-07-01,4.84375,5.03125,4.84375,5.0,9081200,0,0.0
1997-07-02,5.03125,5.125,4.9375,5.0625,1819600,0,0.0
1997-07-03,5.0,5.125,5.0,5.09375,738400,0,0.0
1997-07-07,5.09375,5.5,5.0,5.4375,1555200,0,0.0
1997-07-08,5.375,5.625,5.375,5.625,565200,0,0.0
1997-07-09,5.5,5.625,5.46875,5.46875,665200,0,0.0
1997-07-10,5.59375,5.625,5.4375,5.5,696400,0,0.0
1997-07-11,5.625,6.0,5.46875,5.9375,1462400,0,0.0
1997-07-14,6.0,6.0,5.875,5.90625,904800,0,0.0
1997-07-15,5.90625,6.0,5.90625,6.0,454400,0,0.0
1997-07-16,6.0,6.125,5.90625,6.0,363200,0,0.0
1997-07-17,6.125,6.125,5.96875,6.125,996000,0,0.0
1997-07-18,6.0,6.09375,5.875,5.875,724000,0,0.0
1997-07-21,5.875,5.9375,5.5625,5.5625,906000,0,0.0
1997-07-22,5.75,5.8125,5.5625,5.75,871600,0,0.0
1997-07-23,5.78125,5.875,5.71875,5.8125,656400,0,0.0
1997-07-24,5.875,6.0,5.78125,5.96875,874400,0,0.0
1997-07-25,5.96875,6.625,5.96875,6.5625,962400,0,0.0
1997-07-28,6.4375,6.625,6.3125,6.375,380000,0,0.0
1997-07-29,6.3125,6.75,6.3125,6.75,960800,0,0.0
1997-07-30,6.875,7.0625,6.75,6.75,441200,0,0.0
1997-07-31,6.71875,6.8125,6.59375,6.65625,178800,0,0.0
1997-08-01,6.65625,7.125,6.40625,7.125,544400,0,0.0
1997-08-04,7.25,7.59375,7.125,7.25,996000,0,0.0
1997-08-05,7.34375,7.5,7.21875,7.375,950800,0,0.0
1997-08-06,7.25,7.4375,7.25,7.28125,547200,0,0.0
1997-08-07,7.28125,7.5625,7.28125,7.5625,744000,0,0.0
1997-08-08,7.25,7.25,6.375,6.6875,2131600,0,0.0
1997-08-11,6.6875,7.0625,6.6875,6.875,998800,0,0.0
1997-08-12,7.0,7.0625,6.875,6.875,204400,0,0.0
1997-08-13,6.8125,7.25,6.8125,7.0,218800,0,0.0
1997-08-14,7.0,7.25,7.0,7.0,547600,0,0.0
1997-08-15,7.0,7.125,7.0,7.125,271200,0,0.0
1997-08-18,7.125,7.125,6.6875,6.75,188000,0,0.0
1997-08-19,6.8125,7.125,6.75,7.0,304800,0,0.0
1997-08-20,7.0625,7.625,7.0625,7.5,553200,0,0.0
1997-08-21,7.5,7.5,7.15625,7.15625,132800,0,0.0
1997-08-22,7.0625,7.21875,6.8125,6.9375,157600,0,0.0
1997-08-25,7.125,7.1875,7.03125,7.09375,158800,0,0.0
1997-08-26,7.09375,7.15625,6.90625,7.125,103600,0,0.0
1997-08-27,7.25,7.5,7.21875,7.5,538000,0,0.0
1997-08-28,7.3125,8.21875,7.3125,8.125,844800,0,0.0
1997-08-29,8.125,8.5625,8.125,8.5,310400,0,0.0
1997-09-02,8.3125,8.625,8.3125,8.625,204400,0,0.0
1997-09-03,8.375,8.625,8.375,8.4375,199200,0,0.0
1997-09-04,8.375,8.625,8.3125,8.4375,284000,0,0.0
1997-09-05,8.3125,8.625,8.3125,8.3125,298800,0,0.0
1997-09-08,8.4375,8.46875,8.3125,8.34375,240800,0,0.0
1997-09-09,8.3125,8.4375,8.3125,8.34375,313200,0,0.0
1997-09-10,8.4375,8.75,8.375,8.59375,268800,0,0.0
1997-09-11,8.75,8.75,8.5625,8.6875,55200,0,0.0
1997-09-12,8.6875,9.0,8.5625,8.875,362000,0,0.0
1997-09-15,8.875,8.875,8.8125,8.83984375,48800,0,0.0
1997-09-16,8.8125,8.84375,8.75,8.84375,418000,0,0.0
1997-09-17,8.84375,8.84375,8.75,8.75,58000,0,0.0
1997-09-18,8.6875,8.8125,8.625,8.65625,362000,0,0.0
1997-09-19,8.625,8.6875,8.46875,8.6875,31600,0,0.0
1997-09-22,8.71875,8.75,8.5,8.625,62400,0,0.0
1997-09-23,8.75,8.78125,8.5,8.75,108800,0,0.0
1997-09-24,8.625,8.75,8.5,8.5,355200,0,0.0
1997-09-25,8.5,8.75,8.5,8.5625,50800,0,0.0
1997-09-26,8.5,8.75,8.5,8.53125,34400,0,0.0
1997-09-29,8.5,8.84375,8.5,8.75,206400,0,0.0
1997-09-30,8.90625,9.4375,8.6875,9.3125,187200,0,0.0
1997-10-01,9.1875,9.34375,9.1875,9.3125,111600,0,0.0
1997-10-02,9.34375,9.34375,9.21875,9.21875,321600,0,0.0
1997-10-03,9.25,9.46875,9.25,9.28125,250800,0,0.0
1997-10-06,9.34375,9.5,9.125,9.125,270400,0,0.0
1997-10-07,9.125,9.21875,8.9375,9.0625,285600,0,0.0
1997-10-08,8.90625,9.3125,8.875,9.3125,290400,0,0.0
1997-10-09,9.25,9.4375,8.875,9.125,255600,0,0.0
1997-10-10,9.25,9.25,8.875,8.9375,323600,0,0.0
1997-10-13,8.96875,9.0625,8.96875,9.0,88000,0,0.0
1997-10-14,8.9375,9.0,7.875,8.5,368800,0,0.0
1997-10-15,8.46875,8.46875,8.0625,8.125,351200,0,0.0
1997-10-16,8.125,8.3125,8.125,8.1875,222800,0,0.0
1997-10-17,8.1875,8.34375,8.0,8.0,90400,0,0.0
1997-10-20,8.21875,8.34375,8.125,8.25,75600,0,0.0
1997-10-21,8.375,8.625,8.34375,8.5,86400,0,0.0
1997-10-22,8.5,8.5,8.1875,8.34375,139600,0,0.0
1997-10-23,8.125,8.3125,8.0625,8.28125,103200,0,0.0
1997-10-24,8.25,8.25,8.03125,8.03125,21600,0,0.0
1997-10-27,8.0,8.1875,7.0625,7.1875,150000,0,0.0
1997-10-28,7.53125,7.75,7.0,7.625,148000,0,0.0
1997-10-29,7.75,7.9375,7.625,7.8125,175600,0,0.0
1997-10-30,7.75,8.0,7.75,7.75,40000,0,0.0
1997-10-31,7.8125,8.0,7.75,7.8125,31600,0,0.0
1997-11-03,8.0,8.5,7.875,8.5,133600,0,0.0
1997-11-04,8.5625,8.6875,8.375,8.375,20000,0,0.0
1997-11-05,8.375,8.6875,8.3125,8.46875,259600,0,0.0
1997-11-06,8.4375,8.6875,8.4375,8.59375,31200,0,0.0
1997-11-07,8.4375,8.5,8.3125,8.375,324400,0,0.0
1997-11-10,8.46875,8.46875,8.375,8.4375,34400,0,0.0
1997-11-11,8.46875,8.625,8.40625,8.40625,373600,0,0.0
1997-11-12,8.375,8.46875,8.375,8.375,621600,0,0.0
1997-11-13,8.375,8.40625,7.6875,7.6875,612400,0,0.0
1997-11-14,7.6875,8.0,7.6875,7.8125,162800,0,0.0
1997-11-17,7.75,8.03125,7.75,8.0,112800,0,0.0
1997-11-18,8.1875,8.25,7.875,7.875,241200,0,0.0
1997-11-19,7.875,7.875,7.75,7.75,84400,0,0.0
1997-11-20,7.75,8.0,7.75,7.90625,30000,0,0.0
1997-11-21,7.75,7.875,7.75,7.75,88400,0,0.0
1997-11-24,7.75,8.0,7.25,7.25,70400,0,0.0
1997-11-25,7.25,7.625,7.25,7.25,276400,0,0.0
1997-11-26,7.3125,7.375,7.25,7.28125,151200,0,0.0
1997-11-28,7.25,7.375,7.25,7.375,9600,0,0.0
1997-12-01,7.375,7.375,7.25,7.375,68400,0,0.0
1997-12-02,7.25,7.28125,7.25,7.25,65600,0,0.0
1997-12-03,7.3125,7.375,7.25,7.25,207200,0,0.0
1997-12-04,7.25,7.375,6.875,6.90625,53600,0,0.0
1997-12-05,7.1875,7.25,7.0,7.0,39200,0,0.0
1997-12-08,7.0,7.25,7.0,7.0,339200,0,0.0
1997-12-09,7.03125,7.25,7.0,7.15625,288000,0,0.0
1997-12-10,7.0,7.125,7.0,7.0,32000,0,0.0
1997-12-11,6.875,6.875,6.625,6.75,55200,0,0.0
1997-12-12,6.625,6.875,6.5625,6.5625,136400,0,0.0
1997-12-15,6.5,6.5,5.875,6.1875,303600,0,0.0
1997-12-16,6.1875,6.1875,5.625,5.8125,761600,0,0.0
1997-12-17,5.78125,5.8125,5.59375,5.6875,600000,0,0.0
1997-12-18,5.6875,5.8125,5.5625,5.8125,1376000,0,0.0
1997-12-19,5.625,6.3125,5.625,6.3125,590800,0,0.0
1997-12-22,6.25,6.4375,5.75,5.75,213600,0,0.0
1997-12-23,6.0,6.0,5.5625,5.8125,114400,0,0.0
1997-12-24,5.8125,5.8125,5.5625,5.71875,236800,0,0.0
1997-12-26,5.5625,5.9375,5.5625,5.9375,9600,0,0.0
1997-12-29,5.75,5.9375,5.75,5.78125,52000,0,0.0
1997-12-30,5.65625,6.4375,5.59375,6.25,62800,0,0.0
1997-12-31,6.1875,6.59375,6.125,6.125,63200,0,0.0
1998-01-02,6.0625,6.15625,6.0625,6.15625,275600,0,0.0
1998-01-05,6.1875,6.1875,6.09375,6.1875,1412000,0,0.0
1998-01-06,6.0625,6.125,6.03125,6.09375,96800,0,0.0
1998-01-07,6.09375,6.09375,5.9375,5.9375,12400,0,0.0
1998-01-08,6.0625,6.0625,5.9375,5.9375,8000,0,0.0
1998-01-09,6.0625,6.0625,5.8125,6.0625,40800,0,0.0
1998-01-12,6.0625,6.0625,5.8125,5.8125,60800,0,0.0
1998-01-13,5.875,5.9375,5.8125,5.9375,54400,0,0.0
1998-01-14,6.0625,6.125,6.0625,6.0625,22400,0,0.0
1998-01-15,6.140625,6.25,6.0625,6.09375,26400,0,0.0
1998-01-16,6.125,6.25,6.125,6.25,6000,0,0.0
1998-01-20,6.1875,6.25,6.125,6.25,582400,0,0.0
1998-01-21,6.28125,6.3125,6.25,6.3125,10000,0,0.0
1998-01-22,6.25,6.28125,6.0,6.0,82400,0,0.0
1998-01-23,6.0,6.125,6.0,6.125,652800,0,0.0
1998-01-26,6.125,6.125,6.125,6.125,4000,0,0.0
1998-01-27,6.3125,6.3125,6.3125,6.3125,1200,0,0.0
1998-01-28,6.3125,6.3125,6.0,6.125,792000,0,0.0
1998-01-29,6.25,6.3125,6.21875,6.3125,18000,0,0.0
1998-01-30,6.3125,6.3125,6.125,6.125,2400,0,0.0
1998-02-02,6.125,6.4375,6.125,6.375,132000,0,0.0
1998-02-03,6.5,7.0,6.375,6.6875,88000,0,0.0
1998-02-04,6.71875,6.9375,6.71875,6.875,36400,0,0.0
1998-02-05,7.0,7.25,7.0,7.125,86000,0,0.0
1998-02-06,7.0,7.140625,7.0,7.125,74400,0,0.0
1998-02-09,7.375,7.4375,7.0625,7.0625,71200,0,0.0
1998-02-10,7.0625,7.0625,7.0625,7.0625,14800,0,0.0
1998-02-11,7.0625,7.125,7.0625,7.125,33200,0,0.0
1998-02-12,7.0625,7.1875,7.0625,7.1875,10400,0,0.0
1998-02-13,7.0625,7.09375,7.0625,7.09375,86800,0,0.0
1998-02-17,7.0625,7.0625,7.0625,7.0625,20400,0,0.0
1998-02-18,7.0625,7.1875,7.0625,7.125,57600,0,0.0
1998-02-19,7.25,7.4375,7.125,7.125,86800,0,0.0
1998-02-20,7.0625,7.125,6.5,6.625,63200,0,0.0
1998-02-23,6.625,6.75,6.5,6.5,80800,0,0.0
1998-02-24,6.5,6.5,6.4375,6.5,105200,0,0.0
1998-02-25,6.4375,6.5,6.4375,6.5,14400,0,0.0
1998-02-26,6.4375,6.6875,6.4375,6.625,48800,0,0.0
1998-02-27,7.0,7.0625,6.75,6.75,1292000,0,0.0
1998-03-02,6.875,7.0,6.875,6.9375,88800,0,0.0
1998-03-03,6.875,7.25,6.8125,7.25,192000,0,0.0
1998-03-04,7.234375,7.234375,7.03125,7.125,78400,0,0.0
1998-03-05,6.875,7.125,6.875,6.90625,115600,0,0.0
1998-03-06,6.96875,7.0625,6.96875,7.0625,34800,0,0.0
1998-03-09,7.0,7.03125,6.9375,6.9375,267200,0,0.0
1998-03-10,6.9375,6.9375,6.9375,6.9375,3200,0,0.0
1998-03-11,6.9375,7.0,6.9375,7.0,5600,0,0.0
1998-03-12,7.0,7.0,6.875,6.875,7600,0,0.0
1998-03-13,6.875,7.0,6.8125,6.8125,6000,0,0.0
1998-03-16,6.8125,6.859375,6.5,6.5,36800,0,0.0
1998-03-17,6.5,6.5,6.3125,6.5,334800,0,0.0
1998-03-18,6.4375,7.125,6.4375,6.90625,79200,0,0.0
1998-03-19,7.0,7.1875,7.0,7.0,1688000,0,0.0
1998-03-20,7.0625,7.25,7.0625,7.25,55600,0,0.0
1998-03-23,7.25,8.0,7.25,7.75,173600,0,0.0
1998-03-24,7.6875,7.75,7.5,7.5,854000,0,0.0
1998-03-25,7.40625,7.40625,7.25,7.375,23200,0,0.0
1998-03-26,7.375,8.125,7.375,8.125,174400,0,0.0
1998-03-27,8.25,8.25,8.0,8.0,16000,0,0.0
1998-03-30,8.125,8.125,7.96875,8.125,106400,0,0.0
1998-03-31,8.0,8.25,8.0,8.25,29600,0,0.0
1998-04-01,8.25,8.8125,8.25,8.46875,150000,0,0.0
1998-04-02,8.375,8.53125,8.3125,8.53125,163600,0,0.0
1998-04-03,8.75,8.75,8.375,8.375,57200,0,0.0
1998-04-06,8.375,8.5625,8.375,8.5625,85600,0,0.0
1998-04-07,8.3125,8.40625,8.125,8.265625,55600,0,0.0
1998-04-08,8.25,8.8125,8.25,8.5,151600,0,0.0
1998-04-09,8.75,9.09375,8.75,9.09375,239200,0,0.0
1998-04-13,9.125,9.1875,8.8125,8.8125,224800,0,0.0
1998-04-14,9.0,9.0,8.6875,8.71875,11200,0,0.0
1998-04-15,8.8125,8.8125,8.5,8.6875,282000,0,0.0
1998-04-16,8.75,8.75,8.5,8.625,24400,0,0.0
1998-04-17,8.375,8.5,8.375,8.5,21600,0,0.0
1998-04-20,8.5625,8.625,8.5,8.625,29200,0,0.0
1998-04-21,8.625,8.625,8.625,8.625,2400,0,0.0
1998-04-22,8.5,8.5,8.34375,8.34375,24000,0,0.0
1998-04-23,8.25,8.375,8.0,8.0,128000,0,0.0
1998-04-24,8.0,8.03125,8.0,8.03125,40800,0,0.0
1998-04-27,7.75,8.1875,7.75,8.015625,179200,0,0.0
1998-04-28,8.1875,8.1875,8.0,8.0,102000,0,0.0
1998-04-29,8.25,8.5,8.015625,8.1875,464000,0,0.0
1998-04-30,8.21875,8.375,8.1875,8.25,272000,0,0.0
1998-05-01,8.28125,8.84375,8.1875,8.6875,184400,0,0.0
1998-05-04,8.625,9.125,8.625,8.78125,119600,0,0.0
1998-05-05,9.75,10.0,9.0625,9.34375,1255600,0,0.0
1998-05-06,9.3125,9.40625,9.125,9.3125,196400,0,0.0
1998-05-07,9.4375,9.4375,9.21875,9.3125,74000,0,0.0
1998-05-08,9.25,9.3125,9.15625,9.15625,103600,0,0.0
1998-05-11,9.1875,9.3125,9.15625,9.28125,365200,0,0.0
1998-05-12,9.3125,9.40625,9.21875,9.34375,68400,0,0.0
1998-05-13,9.375,9.875,9.25,9.84375,1024000,0,0.0
1998-05-14,9.84375,9.84375,9.5625,9.5625,82800,0,0.0
1998-05-15,9.5625,9.71875,9.5625,9.609375,490800,0,0.0
1998-05-18,9.5,9.75,9.1875,9.25,99200,0,0.0
1998-05-19,9.25,9.3125,9.125,9.125,176000,0,0.0
1998-05-20,9.125,9.3125,8.8125,8.8125,829600,0,0.0
1998-05-21,8.96875,8.96875,8.3125,8.46875,176000,0,0.0
1998-05-22,8.375,8.40625,8.125,8.375,5346400,0,0.0
1998-05-26,8.375,8.4375,8.3125,8.375,2097200,0,0.0
1998-05-27,8.375,8.4375,8.1875,8.40625,265200,0,0.0
1998-05-28,8.3125,8.5,8.3125,8.4375,340400,0,0.0
1998-05-29,8.4375,8.5,8.375,8.46875,123600,0,0.0
1998-06-01,8.375,8.5,8.375,8.4375,90800,0,0.0
1998-06-02,8.5,8.625,8.40625,8.59375,293200,0,0.0
1998-06-03,8.5,8.625,8.375,8.40625,67200,0,0.0
1998-06-04,8.5,8.5,8.40625,8.46875,490000,0,0.0
1998-06-05,8.4375,8.5625,8.4375,8.5625,329200,0,0.0
1998-06-08,8.46875,8.5625,8.375,8.375,266400,0,0.0
1998-06-09,8.375,8.5,8.0,8.015625,197600,0,0.0
1998-06-10,8.1875,8.1875,8.0,8.0,292000,0,0.0
1998-06-11,8.03125,8.03125,7.90625,8.0,367600,0,0.0
1998-06-12,8.046875,8.046875,7.9375,7.984375,406400,0,0.0
1998-06-15,7.9375,8.203125,7.9375,8.1875,1118800,0,0.0
1998-06-16,8.203125,8.5,8.171875,8.5,326800,0,0.0
1998-06-17,8.5,8.5,8.40625,8.40625,564400,0,0.0
1998-06-18,8.5,8.625,8.4375,8.46875,147600,0,0.0
1998-06-19,8.4375,8.453125,7.8125,7.8125,395200,0,0.0
1998-06-22,7.8125,7.875,7.5,7.5625,251600,0,0.0
1998-06-23,7.5625,7.8125,7.5625,7.8125,579600,0,0.0
1998-06-24,7.875,7.875,7.6875,7.6875,83200,0,0.0
1998-06-25,7.6875,7.875,7.5625,7.6875,39200,0,0.0
1998-06-26,7.625,7.6875,7.5,7.515625,456800,0,0.0
1998-06-29,7.5,7.6875,7.328125,7.390625,83200,0,0.0
1998-06-30,7.375,7.453125,6.875,6.890625,375600,0,0.0
1998-07-01,7.0,7.0625,6.875,7.015625,1192800,0,0.0
1998-07-02,7.03125,7.125,7.0,7.03125,524400,0,0.0
1998-07-06,7.125,7.125,6.90625,6.953125,215200,0,0.0
1998-07-07,7.0,7.03125,6.90625,6.921875,120400,0,0.0
1998-07-08,7.0,7.0,6.71875,6.71875,240400,0,0.0
1998-07-09,6.875,6.875,6.3125,6.4375,318400,0,0.0
1998-07-10,6.53125,6.59375,6.140625,6.1875,418800,0,0.0
1998-07-13,6.1875,6.3125,5.625,5.8125,244400,0,0.0
1998-07-14,5.875,6.1875,5.78125,6.0,295600,0,0.0
1998-07-15,6.25,6.5,6.125,6.125,473200,0,0.0
1998-07-16,6.15625,6.375,6.15625,6.25,120400,0,0.0
1998-07-17,6.375,6.375,6.1875,6.234375,205200,0,0.0
1998-07-20,6.375,6.375,6.1875,6.1875,150400,0,0.0
1998-07-21,6.125,6.25,6.0625,6.09375,347600,0,0.0
1998-07-22,6.0625,6.125,5.875,6.03125,1310000,0,0.0
1998-07-23,6.03125,6.09375,5.546875,5.625,334400,0,0.0
1998-07-24,5.75,5.75,5.5,5.6875,637200,0,0.0
1998-07-27,5.6875,5.6875,5.4375,5.625,250800,0,0.0
1998-07-28,5.65625,5.71875,5.3125,5.375,136400,0,0.0
1998-07-29,5.3125,5.5625,5.3125,5.3125,837200,0,0.0
1998-07-30,5.5,5.53125,5.328125,5.5,765600,0,0.0
1998-07-31,5.328125,5.5625,5.328125,5.328125,115600,0,0.0
1998-08-03,5.5,5.5625,4.25,4.5,400800,0,0.0
1998-08-04,4.4375,4.5,4.25,4.375,332000,0,0.0
1998-08-05,4.375,4.375,3.5,3.78125,429600,0,0.0
1998-08-06,3.96875,4.1875,3.9375,4.125,734000,0,0.0
1998-08-07,4.25,4.3125,4.078125,4.21875,1449200,0,0.0
1998-08-10,4.5,4.5,4.03125,4.0625,1186000,0,0.0
1998-08-11,4.0625,4.1875,3.578125,3.625,3920800,0,0.0
1998-08-12,3.78125,3.78125,3.625,3.625,1327600,0,0.0
1998-08-13,3.71875,3.8125,3.625,3.6875,2064000,0,0.0
1998-08-14,3.78125,3.78125,3.65625,3.6875,2714800,0,0.0
1998-08-17,3.75,3.75,3.65625,3.6875,940000,0,0.0
1998-08-18,3.75,3.796875,3.6875,3.796875,881200,0,0.0
1998-08-19,3.8125,3.875,3.71875,3.78125,820400,0,0.0
1998-08-20,3.6875,3.78125,3.65625,3.71875,166800,0,0.0
1998-08-21,3.6875,3.71875,3.5,3.5625,65200,0,0.0
1998-08-24,3.609375,3.609375,3.5,3.5625,54000,0,0.0
1998-08-25,3.5625,3.609375,3.34375,3.4375,2090000,0,0.0
1998-08-26,3.4375,3.4375,3.0,3.078125,3460000,0,0.0
1998-08-27,3.09375,3.25,3.03125,3.125,1280400,0,0.0
1998-08-28,3.3125,3.4375,3.25,3.3125,768000,0,0.0
1998-08-31,3.4375,3.4375,3.21875,3.21875,262400,0,0.0
1998-09-01,3.21875,3.28125,3.03125,3.0625,3115600,0,0.0
1998-09-02,3.1875,3.375,3.03125,3.15625,458000,0,0.0
1998-09-03,3.0625,3.125,2.78125,3.09375,1277600,0,0.0
1998-09-04,3.09375,3.5,3.046875,3.5,766400,0,0.0
1998-09-08,3.6875,3.6875,3.375,3.46875,560800,0,0.0
1998-09-09,3.5,3.5,3.3125,3.3125,374000,0,0.0
1998-09-10,3.3125,3.875,3.25,3.6875,534800,0,0.0
1998-09-11,3.875,4.25,3.6875,4.21875,267600,0,0.0
1998-09-14,4.3125,4.5,4.0625,4.34375,548800,0,0.0
1998-09-15,4.375,4.4375,4.1875,4.28125,181200,0,0.0
1998-09-16,4.28125,4.484375,4.25,4.375,195200,0,0.0
1998-09-17,4.34375,4.34375,4.12109375,4.21875,33600,0,0.0
1998-09-18,4.09375,4.40625,4.09375,4.3125,128000,0,0.0
1998-09-21,4.125,4.25,3.90625,4.0625,212400,0,0.0
1998-09-22,4.125,4.125,3.96875,4.046875,37600,0,0.0
1998-09-23,4.046875,4.4375,4.0,4.4375,231200,0,0.0
1998-09-24,4.34375,4.5,4.34375,4.5,99600,0,0.0
1998-09-25,4.40625,4.59375,4.1875,4.5,139600,0,0.0
1998-09-28,4.625,4.625,4.3125,4.40625,285200,0,0.0
1998-09-29,4.40625,4.40625,4.25,4.40625,83200,0,0.0
1998-09-30,4.3125,4.5625,4.3125,4.5,216400,0,0.0
1998-10-01,4.5,4.625,4.3125,4.40625,251600,0,0.0
1998-10-02,4.53125,4.53125,4.25,4.40625,116400,0,0.0
1998-10-05,4.25,4.25,3.78125,3.9375,153200,0,0.0
1998-10-06,4.0625,4.0625,3.3125,3.3125,547600,0,0.0
1998-10-07,3.34375,3.40625,3.0625,3.125,789600,0,0.0
1998-10-08,3.0,3.28125,2.65625,3.0,197200,0,0.0
1998-10-09,3.125,3.734375,3.0625,3.703125,291600,0,0.0
1998-10-12,3.875,4.03125,3.625,3.625,93600,0,0.0
1998-10-13,3.84375,3.84375,3.4375,3.5,68400,0,0.0
1998-10-14,3.625,3.75,3.4375,3.6875,156800,0,0.0
1998-10-15,3.75,4.4375,3.71875,4.21875,506000,0,0.0
1998-10-16,4.25,4.5,4.25,4.390625,161600,0,0.0
1998-10-19,4.5,4.9375,4.484375,4.59375,634000,0,0.0
1998-10-20,4.59375,4.625,4.21875,4.34375,383600,0,0.0
1998-10-21,4.4375,4.8125,4.34375,4.796875,229600,0,0.0
1998-10-22,4.9375,5.28125,4.8125,5.25,823600,0,0.0
1998-10-23,5.25,5.375,5.125,5.25,1078000,0,0.0
1998-10-26,5.1875,5.625,5.1875,5.515625,878800,0,0.0
1998-10-27,5.6875,5.875,5.4375,5.625,912800,0,0.0
1998-10-28,5.6875,5.6875,5.21875,5.5,412000,0,0.0
1998-10-29,5.5625,5.5625,5.3125,5.375,70000,0,0.0
1998-10-30,5.3125,5.5,5.21875,5.34375,90400,0,0.0
1998-11-02,5.328125,5.75,5.328125,5.671875,233600,0,0.0
1998-11-03,5.71875,5.8125,5.46875,5.65625,1325200,0,0.0
1998-11-04,5.84375,5.84375,5.21875,5.375,489200,0,0.0
1998-11-05,5.21875,5.21875,4.96875,5.140625,207200,0,0.0
1998-11-06,5.1875,5.25,5.0,5.125,90400,0,0.0
1998-11-09,5.125,5.15625,5.0,5.140625,334000,0,0.0
1998-11-10,5.125,5.140625,4.90625,5.0,314000,0,0.0
1998-11-11,5.09375,5.09375,4.875,4.90625,670800,0,0.0
1998-11-12,4.84375,5.0,4.75,4.90625,160400,0,0.0
1998-11-13,4.921875,4.9296875,4.78125,4.84375,165600,0,0.0
1998-11-16,4.84375,4.875,4.78125,4.8125,390000,0,0.0
1998-11-17,4.84375,4.84375,4.6875,4.734375,299200,0,0.0
1998-11-18,4.71875,4.8125,4.625,4.65625,354000,0,0.0
1998-11-19,4.71875,4.71875,4.640625,4.671875,175600,0,0.0
1998-11-20,4.65625,4.78125,4.65625,4.65625,45200,0,0.0
1998-11-23,4.796875,4.796875,4.625,4.625,137200,0,0.0
1998-11-24,4.625,4.75,4.625,4.734375,425600,0,0.0
1998-11-25,4.75,4.75,4.59375,4.59375,111200,0,0.0
1998-11-27,4.75,4.75,4.53125,4.53125,958000,0,0.0
1998-11-30,4.59375,4.59375,4.0,4.1875,115200,0,0.0
1998-12-01,4.03125,4.21875,4.0,4.1875,279600,0,0.0
1998-12-02,4.1875,4.1875,3.984375,4.0625,89600,0,0.0
1998-12-03,4.0625,4.125,4.0,4.03125,84000,0,0.0
1998-12-04,4.0625,4.1875,4.0625,4.0625,74800,0,0.0
1998-12-07,4.0625,4.09375,3.96875,4.0,244800,0,0.0
1998-12-08,3.96875,4.0,3.8125,4.0,337200,0,0.0
1998-12-09,3.9375,4.171875,3.9375,4.125,265600,0,0.0
1998-12-10,4.0625,4.40625,4.0625,4.34375,128800,0,0.0
1998-12-11,4.3125,4.375,4.09375,4.125,163200,0,0.0
1998-12-14,4.234375,4.40625,3.84375,3.859375,320400,0,0.0
1998-12-15,4.0625,4.0625,3.859375,3.984375,246400,0,0.0
1998-12-16,4.0,4.1875,3.96875,4.109375,104400,0,0.0
1998-12-17,4.109375,4.1875,3.9375,3.9375,56800,0,0.0
1998-12-18,3.953125,4.21875,3.9375,4.21875,198400,0,0.0
1998-12-21,4.1875,4.28125,4.15625,4.1875,44400,0,0.0
1998-12-22,4.1875,4.25,4.09375,4.25,270800,0,0.0
1998-12-23,4.15625,4.28125,4.125,4.25,502400,0,0.0
1998-12-24,4.1875,4.21875,4.1875,4.1875,57200,0,0.0
1998-12-28,4.1875,4.3125,4.1875,4.25,197600,0,0.0
1998-12-29,4.21875,4.28125,4.15625,4.15625,688000,0,0.0
1998-12-30,4.1875,4.46875,4.15625,4.46875,786800,0,0.0
1998-12-31,4.53125,5.25,4.40625,5.1875,742800,0,0.0
1999-01-04,5.0,5.1875,4.625,4.75,467200,0,0.0
1999-01-05,4.625,4.78125,4.53125,4.625,169200,0,0.0
1999-01-06,4.5,4.65625,4.40625,4.5625,1019600,0,0.0
1999-01-07,4.59375,4.640625,4.40625,4.4375,564000,0,0.0
1999-01-08,4.5625,4.96875,4.5625,4.9375,345600,0,0.0
1999-01-11,4.875,4.96875,4.5625,4.59375,115200,0,0.0
1999-01-12,4.59375,4.75,4.5,4.515625,26800,0,0.0
1999-01-13,4.5,4.625,4.375,4.53125,363200,0,0.0
1999-01-14,4.96875,4.984375,4.65625,4.734375,164400,0,0.0
1999-01-15,4.6875,4.78125,4.625,4.71875,258400,0,0.0
1999-01-19,4.75,4.75,4.59375,4.59375,50000,0,0.0
1999-01-20,4.71875,4.71875,4.515625,4.515625,18000,0,0.0
1999-01-21,4.59375,4.59375,4.4375,4.46875,70000,0,0.0
1999-01-22,4.5625,4.5625,4.4375,4.5625,54400,0,0.0
1999-01-25,4.5,4.75,4.5,4.625,599600,0,0.0
1999-01-26,4.625,4.625,4.46875,4.46875,402400,0,0.0
1999-01-27,4.515625,4.515625,4.25,4.375,117200,0,0.0
1999-01-28,4.5,4.5,4.359375,4.375,28800,0,0.0
1999-01-29,4.375,4.46875,3.875,3.875,198400,0,0.0
1999-02-01,4.0625,4.078125,3.59375,4.015625,376400,0,0.0
1999-02-02,4.125,4.125,3.84375,4.0,28400,0,0.0
1999-02-03,4.0,4.3125,3.96875,4.25,280400,0,0.0
1999-02-04,4.25,4.265625,4.0625,4.25,69200,0,0.0
1999-02-05,4.296875,4.296875,4.09375,4.125,14800,0,0.0
1999-02-08,4.125,4.25,4.09375,4.25,42400,0,0.0
1999-02-09,4.25,4.25,4.03125,4.125,72400,0,0.0
1999-02-10,4.109375,4.25,4.109375,4.25,58800,0,0.0
1999-02-11,4.25,4.375,4.15625,4.3125,148000,0,0.0
1999-02-12,4.15625,4.203125,4.09375,4.09375,45200,0,0.0
1999-02-16,4.15625,4.171875,3.90625,3.9375,164400,0,0.0
1999-02-17,3.9375,3.9375,3.859375,3.859375,23200,0,0.0
1999-02-18,3.875,3.875,3.546875,3.75,134800,0,0.0
1999-02-19,3.859375,3.875,3.703125,3.734375,39200,0,0.0
1999-02-22,3.6875,3.8125,3.6875,3.78125,269600,0,0.0
1999-02-23,3.8125,3.8125,3.65625,3.71875,156000,0,0.0
1999-02-24,3.71875,3.75,3.53125,3.65625,57600,0,0.0
1999-02-25,3.6875,3.703125,3.375,3.65625,62000,0,0.0
1999-02-26,3.65625,3.65625,3.40625,3.59375,60000,0,0.0
1999-03-01,3.5625,3.671875,3.5,3.625,280000,0,0.0
1999-03-02,3.59375,3.65625,3.5625,3.5625,92800,0,0.0
1999-03-03,3.53125,3.75,3.53125,3.65625,38400,0,0.0
1999-03-04,3.75,4.0625,3.75,4.0625,224000,0,0.0
1999-03-05,4.25,4.34375,3.96875,4.1875,141600,0,0.0
1999-03-08,4.25,4.484375,4.1875,4.25,210400,0,0.0
1999-03-09,4.3125,4.375,4.125,4.1875,54800,0,0.0
1999-03-10,4.3125,4.53125,4.265625,4.46875,272800,0,0.0
1999-03-11,4.609375,4.84375,4.59375,4.6875,708800,0,0.0
1999-03-12,4.75,4.96875,4.65625,4.90625,433600,0,0.0
1999-03-15,4.8125,4.875,4.71875,4.859375,266800,0,0.0
1999-03-16,4.90625,4.90625,4.78125,4.875,40800,0,0.0
1999-03-17,4.8125,5.15625,4.8125,5.125,192000,0,0.0
1999-03-18,5.125,5.1875,4.90625,4.953125,242800,0,0.0
1999-03-19,5.0625,5.09375,4.953125,5.03125,279600,0,0.0
1999-03-22,5.09375,5.1875,4.984375,5.140625,154000,0,0.0
1999-03-23,5.0625,5.15625,5.0,5.0,218000,0,0.0
1999-03-24,4.9375,5.0,4.625,4.875,232000,0,0.0
1999-03-25,4.8125,4.875,4.8125,4.84375,81200,0,0.0
1999-03-26,4.8125,5.09375,4.8125,5.0,111200,0,0.0
1999-03-29,5.0,5.5625,5.0,5.5,307200,0,0.0
1999-03-30,5.5,5.59375,5.40625,5.484375,103600,0,0.0
1999-03-31,5.578125,5.578125,5.125,5.21875,449600,0,0.0
1999-04-01,5.75,5.8125,5.5625,5.6875,868800,0,0.0
1999-04-05,6.0,6.0625,5.703125,5.875,550400,0,0.0
1999-04-06,5.875,6.3125,5.796875,5.9375,1221600,0,0.0
1999-04-07,6.09375,6.09375,5.875,5.875,189200,0,0.0
1999-04-08,5.9375,5.9375,5.75,5.90625,414400,0,0.0
1999-04-09,5.8125,5.875,5.71875,5.84375,238800,0,0.0
1999-04-12,5.75,5.90625,5.6875,5.828125,93200,0,0.0
1999-04-13,5.875,6.171875,5.8125,6.03125,104000,0,0.0
1999-04-14,6.046875,6.25,5.96875,6.09375,212800,0,0.0
1999-04-15,6.0,6.3125,6.0,6.1875,84400,0,0.0
1999-04-16,6.125,6.875,6.125,6.8125,1076400,0,0.0
1999-04-19,7.0,7.59375,6.875,7.484375,2061200,0,0.0
1999-04-20,7.46875,7.53125,6.78125,7.328125,478000,0,0.0
1999-04-21,7.0625,7.40625,7.0,7.34375,1231200,0,0.0
1999-04-22,7.5,7.65625,7.40625,7.5,411200,0,0.0
1999-04-23,7.40625,7.46875,7.1875,7.40625,519600,0,0.0
1999-04-26,7.25,7.3125,7.0,7.21875,215600,0,0.0
1999-04-27,7.125,7.5625,7.0625,7.4375,244400,0,0.0
1999-04-28,7.546875,7.8125,7.4375,7.75,597200,0,0.0
1999-04-29,7.75,8.125,7.5625,7.875,465600,0,0.0
1999-04-30,8.25,8.59375,7.6875,8.0,802800,0,0.0
1999-05-03,8.0625,8.25,8.015625,8.125,334800,0,0.0
1999-05-04,8.03125,8.03125,7.4375,7.90625,467200,0,0.0
1999-05-05,7.90625,8.21875,7.78125,8.171875,202400,0,0.0
1999-05-06,8.0625,8.25,7.8125,8.0,1010400,0,0.0
1999-05-07,8.0,8.0,7.578125,7.703125,136800,0,0.0
1999-05-10,7.375,7.5625,7.125,7.34375,93600,0,0.0
1999-05-11,7.34375,7.4375,7.234375,7.4375,109200,0,0.0
1999-05-12,7.34375,7.4375,7.1875,7.34375,52000,0,0.0
1999-05-13,7.34375,7.5625,7.34375,7.5,60000,0,0.0
1999-05-14,7.125,7.9375,7.125,7.6875,465600,0,0.0
1999-05-17,7.703125,7.703125,7.5,7.5625,39200,0,0.0
1999-05-18,7.625,7.75,7.40625,7.5625,168000,0,0.0
1999-05-19,7.5625,7.609375,7.203125,7.3125,661200,0,0.0
1999-05-20,7.375,7.375,7.15625,7.21875,98800,0,0.0
1999-05-21,7.21875,7.28125,7.125,7.25,328000,0,0.0
1999-05-24,7.25,7.25,6.59375,6.71875,293200,0,0.0
1999-05-25,6.75,6.84375,6.40625,6.40625,486400,0,0.0
1999-05-26,6.40625,6.5,6.0625,6.0625,979200,0,0.0
1999-05-27,6.15625,6.234375,6.09375,6.1875,831600,0,0.0
1999-05-28,6.21875,6.21875,6.125,6.125,73200,0,0.0
1999-06-01,6.25,6.25,6.109375,6.125,29600,0,0.0
1999-06-02,6.1875,6.46875,6.03125,6.25,373600,0,0.0
1999-06-03,6.46875,6.71875,6.46875,6.65625,174800,0,0.0
1999-06-04,6.625,6.90625,6.59375,6.90625,316000,0,0.0
1999-06-07,6.828125,7.46875,6.828125,7.40625,138000,0,0.0
1999-06-08,7.3671875,7.609375,7.25,7.46875,629600,0,0.0
1999-06-09,7.46875,7.53125,7.375,7.53125,2850000,0,0.0
1999-06-10,7.3125,7.4375,7.125,7.1875,43200,0,0.0
1999-06-11,7.4375,7.46875,7.15625,7.28125,8400,0,0.0
1999-06-14,7.3125,7.5,7.25,7.28125,16400,0,0.0
1999-06-15,7.28125,7.578125,7.28125,7.5,62800,0,0.0
1999-06-16,7.375,7.5625,7.3125,7.5,80000,0,0.0
1999-06-17,7.5,7.5625,7.375,7.46875,58400,0,0.0
1999-06-18,7.4609375,7.4609375,7.328125,7.328125,23600,0,0.0
1999-06-21,7.46875,7.5,7.140625,7.25,78000,0,0.0
1999-06-22,7.15625,7.1875,7.125,7.1875,52000,0,0.0
1999-06-23,7.109375,7.15625,7.0625,7.078125,30400,0,0.0
1999-06-24,7.09375,7.28125,7.09375,7.28125,88400,0,0.0
1999-06-25,7.1875,7.46875,7.1875,7.46875,260800,0,0.0
1999-06-28,7.25,7.484375,7.21875,7.484375,201600,0,0.0
1999-06-29,7.34375,7.53125,7.34375,7.46875,285200,0,0.0
1999-06-30,7.40625,7.640625,7.40625,7.46875,158000,0,0.0
1999-07-01,7.484375,7.5625,7.46875,7.5625,246400,0,0.0
1999-07-02,7.515625,7.9375,7.515625,7.6875,150000,0,0.0
1999-07-06,7.625,7.71875,7.46875,7.46875,45200,0,0.0
1999-07-07,7.46875,7.46875,7.28125,7.40625,52400,0,0.0
1999-07-08,7.3125,7.734375,7.3125,7.5,358000,0,0.0
1999-07-09,7.5,7.5625,7.4375,7.546875,254000,0,0.0
1999-07-12,7.5703125,7.9375,7.515625,7.9375,84400,0,0.0
1999-07-13,7.75,7.921875,7.75,7.921875,68400,0,0.0
1999-07-14,7.90625,8.53125,7.90625,8.4375,484400,0,0.0
1999-07-15,8.5,9.1875,8.40625,8.78125,905200,0,0.0
1999-07-16,8.625,8.8125,8.5625,8.75,348400,0,0.0
1999-07-19,8.6875,9.21875,8.6875,9.171875,506800,0,0.0
1999-07-20,9.25,9.25,8.875,9.0,961600,0,0.0
1999-07-21,8.9375,8.984375,8.5625,8.75,734000,0,0.0
1999-07-22,8.734375,8.75,8.5,8.625,343200,0,0.0
1999-07-23,8.5,8.671875,8.5,8.5,240000,0,0.0
1999-07-26,8.5,8.625,8.5,8.5,132000,0,0.0
1999-07-27,8.5,8.53125,8.3125,8.3125,112400,0,0.0
1999-07-28,8.375,8.375,8.0,8.203125,104800,0,0.0
1999-07-29,8.203125,8.203125,7.984375,8.015625,240800,0,0.0
1999-07-30,8.09375,8.46875,8.078125,8.46875,88400,0,0.0
1999-08-02,8.4921875,8.5,8.3984375,8.40625,46000,0,0.0
1999-08-03,8.4375,8.625,8.390625,8.625,258400,0,0.0
1999-08-04,8.6875,9.125,8.625,8.875,197600,0,0.0
1999-08-05,9.0,9.125,8.75,9.0,138400,0,0.0
1999-08-06,9.125,9.125,8.6875,8.6875,125200,0,0.0
1999-08-09,8.6875,8.90625,8.59375,8.734375,1464400,0,0.0
1999-08-10,8.59375,8.609375,8.25,8.5,218800,0,0.0
1999-08-11,8.53125,8.765625,8.4375,8.515625,218000,0,0.0
1999-08-12,8.4921875,8.59375,8.46875,8.5,414800,0,0.0
1999-08-13,8.5,8.5625,8.46875,8.5625,130400,0,0.0
1999-08-16,8.5,8.5625,8.484375,8.5,48800,0,0.0
1999-08-17,8.5,8.75,8.5,8.734375,74400,0,0.0
1999-08-18,8.703125,8.75,8.5,8.625,77200,0,0.0
1999-08-19,8.46875,9.0,8.375,9.0,224400,0,0.0
1999-08-20,8.859375,9.625,8.859375,9.5,176800,0,0.0
1999-08-23,9.625,9.625,9.375,9.5,222800,0,0.0
1999-08-24,9.375,9.40625,9.34375,9.390625,74000,0,0.0
1999-08-25,9.84375,9.84375,9.28125,9.328125,176800,0,0.0
1999-08-26,9.328125,9.34375,9.015625,9.0625,150800,0,0.0
1999-08-27,9.03125,9.125,8.828125,9.125,782800,0,0.0
1999-08-30,9.1875,9.53125,9.0,9.25,323200,0,0.0
1999-08-31,9.234375,9.40625,9.125,9.40625,232800,0,0.0
1999-09-01,9.375,9.4375,9.25,9.40625,97600,0,0.0
1999-09-02,9.3125,9.34375,9.1875,9.1875,90400,0,0.0
1999-09-03,9.34375,9.34375,9.1875,9.21875,125200,0,0.0
1999-09-07,9.171875,9.375,9.171875,9.375,120000,0,0.0
1999-09-08,9.3125,9.5,9.203125,9.234375,326000,0,0.0
1999-09-09,9.21875,9.34375,9.21875,9.234375,554400,0,0.0
1999-09-10,9.25,9.3125,9.21875,9.3125,42000,0,0.0
1999-09-13,9.28125,9.28125,9.21875,9.21875,73200,0,0.0
1999-09-14,9.171875,9.25,9.15625,9.21875,56000,0,0.0
1999-09-15,9.25,9.25,9.125,9.25,84400,0,0.0
1999-09-16,9.21875,9.21875,9.15625,9.203125,620800,0,0.0
1999-09-17,9.09375,9.28125,9.09375,9.1875,572000,0,0.0
1999-09-20,9.25,9.25,8.25,8.484375,239200,0,0.0
1999-09-21,8.4375,8.5625,7.8125,8.203125,172000,0,0.0
1999-09-22,8.1875,8.3125,8.0,8.125,88400,0,0.0
1999-09-23,8.09375,8.09765625,7.09375,7.859375,230000,0,0.0
1999-09-24,7.9140625,7.984375,7.71875,7.875,143200,0,0.0
1999-09-27,7.9375,7.984375,7.84375,7.84375,95200,0,0.0
1999-09-28,7.78125,7.9375,7.78125,7.9375,24000,0,0.0
1999-09-29,7.78125,7.984375,7.78125,7.984375,529600,0,0.0
1999-09-30,8.0,8.5625,8.0,8.5625,261600,0,0.0
1999-10-01,8.421875,8.5625,8.234375,8.25,99200,0,0.0
1999-10-04,8.375,8.6875,8.375,8.5625,136800,0,0.0
1999-10-05,8.453125,8.5,8.28125,8.34375,214400,0,0.0
1999-10-06,8.3125,8.3125,7.96875,8.1875,398000,0,0.0
1999-10-07,8.0625,8.25,7.375,7.40625,889200,0,0.0
1999-10-08,7.453125,7.5,7.40625,7.40625,78400,0,0.0
1999-10-11,7.46875,7.578125,7.34375,7.375,676400,0,0.0
1999-10-12,7.40625,7.75,7.40625,7.4375,168400,0,0.0
1999-10-13,7.40625,7.796875,7.40625,7.40625,88000,0,0.0
1999-10-14,7.40625,7.6875,7.375,7.5,246800,0,0.0
1999-10-15,7.4375,7.5,7.3125,7.3125,130400,0,0.0
1999-10-18,7.40625,7.5,7.3125,7.40625,127600,0,0.0
1999-10-19,7.46875,7.53125,7.25,7.34375,911600,0,0.0
1999-10-20,7.421875,7.875,7.421875,7.78125,709200,0,0.0
1999-10-21,7.640625,7.828125,7.640625,7.65625,247600,0,0.0
1999-10-22,7.6875,7.6875,7.5625,7.5625,309600,0,0.0
1999-10-25,7.5625,7.5625,7.15625,7.53125,318400,0,0.0
1999-10-26,7.40625,7.625,7.40625,7.5,27600,0,0.0
1999-10-27,7.453125,7.828125,7.453125,7.671875,24000,0,0.0
1999-10-28,7.7578125,7.84375,7.65625,7.8125,82400,0,0.0
1999-10-29,7.875,8.5,7.875,8.40625,116000,0,0.0
1999-11-01,8.2578125,8.4375,8.1875,8.1875,96400,0,0.0
1999-11-02,8.34375,8.34375,7.90625,8.125,104400,0,0.0
1999-11-03,8.5,8.625,7.625,7.75,182000,0,0.0
1999-11-04,7.75,7.75,7.5625,7.5625,27200,0,0.0
1999-11-05,7.65625,7.65625,7.25,7.25,138000,0,0.0
1999-11-08,7.3125,7.40625,7.21875,7.25,1653200,0,0.0
1999-11-09,7.25,7.8125,7.25,7.75,594000,0,0.0
1999-11-10,7.6953125,8.484375,7.640625,8.125,130000,0,0.0
1999-11-11,8.203125,8.6875,8.1875,8.28125,182000,0,0.0
1999-11-12,8.140625,8.28125,8.140625,8.25,36000,0,0.0
1999-11-15,8.15625,8.296875,8.1484375,8.2265625,462400,0,0.0
1999-11-16,8.21875,8.3125,8.1875,8.25,570400,0,0.0
1999-11-17,8.28125,8.296875,8.25,8.28125,200800,0,0.0
1999-11-18,8.265625,8.75,8.25,8.734375,1931600,0,0.0
1999-11-19,8.65625,8.859375,8.625,8.6875,270400,0,0.0
1999-11-22,8.78125,9.03125,8.4375,8.5,185200,0,0.0
1999-11-23,8.375,8.8125,8.125,8.75,241600,0,0.0
1999-11-24,8.4609375,9.4375,8.4609375,9.125,234000,0,0.0
1999-11-26,9.0,9.125,8.890625,9.0,48000,0,0.0
1999-11-29,9.09375,9.375,8.8125,9.0625,403200,0,0.0
1999-11-30,9.0,9.46875,8.96875,9.09375,469600,0,0.0
1999-12-01,9.12109375,9.125,8.625,8.6875,142400,0,0.0
1999-12-02,8.5625,8.75,8.34375,8.359375,57600,0,0.0
1999-12-03,8.46875,8.71875,8.4375,8.71875,27200,0,0.0
1999-12-06,8.703125,8.8125,8.375,8.375,72000,0,0.0
1999-12-07,8.984375,9.5625,8.9375,9.421875,1104400,0,0.0
1999-12-08,9.28125,9.9375,9.125,9.40625,3079200,0,0.0
1999-12-09,9.3125,9.328125,8.5625,8.625,371200,0,0.0
1999-12-10,8.625,8.75,8.1875,8.24609375,593200,0,0.0
1999-12-13,8.234375,8.28125,7.65625,7.6875,237200,0,0.0
1999-12-14,7.74609375,8.0,7.6875,7.78125,525600,0,0.0
1999-12-15,7.78125,8.21875,7.78125,8.15625,196400,0,0.0
1999-12-16,8.25,8.40625,8.25,8.34375,536800,0,0.0
1999-12-17,8.375,8.46875,8.25,8.40625,490800,0,0.0
1999-12-20,8.31640625,8.375,8.109375,8.3125,351200,0,0.0
1999-12-21,8.2890625,8.40625,8.28125,8.34375,279600,0,0.0
1999-12-22,8.34375,8.34375,7.5,7.859375,195600,0,0.0
1999-12-23,7.90625,7.9375,7.59375,7.6875,282000,0,0.0
1999-12-27,7.75,8.125,7.546875,7.953125,165600,0,0.0
1999-12-28,7.9375,8.03125,7.75,7.921875,56400,0,0.0
1999-12-29,8.03125,8.375,7.9375,8.3125,89600,0,0.0
1999-12-30,8.0625,8.328125,8.0625,8.25,82000,0,0.0
1999-12-31,8.0625,8.328125,8.0625,8.28125,20000,0,0.0
2000-01-03,8.234375,8.40625,7.4375,8.3125,140400,0,0.0
2000-01-04,8.109375,8.4375,7.984375,8.15625,691600,0,0.0
2000-01-05,8.0625,8.21875,7.84375,8.09375,379600,0,0.0
2000-01-06,7.765625,8.0,7.5,7.8984375,343600,0,0.0
2000-01-07,7.78125,8.375,7.78125,8.375,138400,0,0.0
2000-01-10,8.125,8.375,8.0625,8.0625,134000,0,0.0
2000-01-11,8.0625,8.37109375,8.0625,8.109375,56000,0,0.0
2000-01-12,8.1796875,8.1796875,8.078125,8.125,208400,0,0.0
2000-01-13,8.125,8.375,8.0,8.375,319200,0,0.0
2000-01-14,8.40625,8.40625,7.96875,7.96875,706000,0,0.0
2000-01-18,8.03125,8.1875,7.984375,8.0,48400,0,0.0
2000-01-19,7.9375,8.25,7.9375,8.1796875,316800,0,0.0
2000-01-20,8.125,8.25,7.9375,7.9375,122000,0,0.0
2000-01-21,8.0703125,8.421875,8.0703125,8.40625,1459600,0,0.0
2000-01-24,8.453125,8.59375,8.40625,8.44140625,754400,0,0.0
2000-01-25,8.4375,8.5625,8.3125,8.5,424000,0,0.0
2000-01-26,8.5625,8.5625,8.21875,8.25,61600,0,0.0
2000-01-27,8.4375,8.4375,8.125,8.15625,159200,0,0.0
2000-01-28,8.125,8.1875,8.0625,8.0859375,114400,0,0.0
2000-01-31,8.0625,8.09375,7.515625,7.625,282800,0,0.0
2000-02-01,7.640625,7.9375,7.640625,7.921875,113200,0,0.0
2000-02-02,7.8125,8.03125,7.8125,8.0,293200,0,0.0
2000-02-03,8.125,8.375,8.125,8.15625,209600,0,0.0
2000-02-04,8.15625,8.40625,8.15625,8.234375,196400,0,0.0
2000-02-07,8.375,8.40625,8.3125,8.40625,191200,0,0.0
2000-02-08,8.375,8.40625,8.3125,8.390625,129600,0,0.0
2000-02-09,8.3125,8.40625,8.3125,8.40625,145200,0,0.0
2000-02-10,8.296875,8.40625,8.25,8.40625,333600,0,0.0
2000-02-11,8.25,9.0625,8.25,8.9375,219600,0,0.0
2000-02-14,8.90625,10.0,8.90625,9.953125,646400,0,0.0
2000-02-15,9.8125,10.015625,9.4375,9.9765625,308400,0,0.0
2000-02-16,9.8125,10.34375,9.53125,10.265625,210400,0,0.0
2000-02-17,9.96875,10.140625,9.90625,10.0,407200,0,0.0
2000-02-18,9.90625,9.90625,9.03125,9.03125,416800,0,0.0
2000-02-22,9.21875,9.5,9.125,9.375,341600,0,0.0
2000-02-23,9.328125,10.171875,9.21875,10.03125,278400,0,0.0
2000-02-24,9.6875,9.71875,9.5,9.53125,557600,0,0.0
2000-02-25,9.515625,9.5625,9.484375,9.5,83200,0,0.0
2000-02-28,9.4375,9.5,9.0,9.3828125,565600,0,0.0
2000-02-29,9.5,9.5,9.0,9.0,114000,0,0.0
2000-03-01,9.0625,9.6875,9.0625,9.5,141200,0,0.0
2000-03-02,9.9375,10.03125,9.84375,10.015625,700400,0,0.0
2000-03-03,10.03125,10.25,10.0,10.25,1956400,0,0.0
2000-03-06,10.1328125,10.375,10.078125,10.078125,949200,0,0.0
2000-03-07,10.21875,10.40625,10.203125,10.34375,1120400,0,0.0
2000-03-08,10.34375,10.34375,9.53125,10.15625,243200,0,0.0
2000-03-09,9.9375,10.09375,9.390625,9.53125,566400,0,0.0
2000-03-10,9.984375,10.03125,9.75,9.75,279200,0,0.0
2000-03-13,9.5,10.5,9.5,10.375,633200,0,0.0
2000-03-14,10.25,10.875,10.09375,10.765625,402400,0,0.0
2000-03-15,10.34375,10.625,10.3125,10.5625,808000,0,0.0
2000-03-16,10.5,11.9375,10.3125,11.8125,869200,0,0.0
2000-03-17,11.625,12.75,11.59375,12.328125,1335600,0,0.0
2000-03-20,12.4375,12.53125,12.3125,12.46875,455200,0,0.0
2000-03-21,12.40625,12.453125,12.03125,12.25,304000,0,0.0
2000-03-22,12.34375,12.375,12.0625,12.234375,1402800,0,0.0
2000-03-23,12.296875,12.3125,12.21875,12.25,95600,0,0.0
2000-03-24,12.3125,13.0,12.25,12.4375,274800,0,0.0
2000-03-27,12.34375,12.5,12.125,12.421875,662000,0,0.0
2000-03-28,12.375,12.875,12.375,12.625,3660000,0,0.0
2000-03-29,12.625,12.78125,12.34375,12.765625,232400,0,0.0
2000-03-30,12.765625,13.1875,12.75,12.859375,1115200,0,0.0
2000-03-31,12.921875,12.96875,12.609375,12.6875,631600,0,0.0
2000-04-03,12.625,12.8125,12.625,12.765625,1341200,0,0.0
2000-04-04,12.6875,12.71875,12.390625,12.5,1286400,0,0.0
2000-04-05,12.4375,12.625,12.4375,12.5625,1429600,0,0.0
2000-04-06,12.4375,12.59375,12.375,12.46875,986000,0,0.0
2000-04-07,12.453125,12.625,12.328125,12.46875,209200,0,0.0
2000-04-10,12.5,12.53125,12.40625,12.46875,398400,0,0.0
2000-04-11,12.375,12.421875,11.875,12.3046875,490800,0,0.0
2000-04-12,12.21875,12.3125,11.6875,11.875,124000,0,0.0
2000-04-13,12.0,12.09375,11.8125,12.015625,226400,0,0.0
2000-04-14,12.015625,12.015625,11.1875,11.40625,101200,0,0.0
2000-04-17,11.25,11.3671875,8.890625,9.75,1515600,0,0.0
2000-04-18,9.96875,11.25,9.8125,11.015625,1097200,0,0.0
2000-04-19,10.75,11.5625,10.25,10.6875,125600,0,0.0
2000-04-20,10.671875,11.0,10.21875,11.0,352400,0,0.0
2000-04-24,10.921875,12.015625,10.71875,12.015625,789600,0,0.0
2000-04-25,12.0,12.0,11.25,11.28125,170400,0,0.0
2000-04-26,11.3359375,12.0625,11.28125,12.03125,406000,0,0.0
2000-04-27,11.5,12.125,11.4375,12.03125,331200,0,0.0
2000-04-28,12.0625,12.5,11.75,12.4375,170800,0,0.0
2000-05-01,12.375,12.53125,12.0625,12.15625,370400,0,0.0
2000-05-02,12.0625,12.3125,12.0,12.0859375,303600,0,0.0
2000-05-03,12.4375,12.4375,11.375,12.09375,414400,0,0.0
2000-05-04,11.875,12.15625,11.875,11.90625,291200,0,0.0
2000-05-05,11.96875,12.125,11.6875,11.96875,209600,0,0.0
2000-05-08,12.109375,12.1875,11.90625,11.90625,322400,0,0.0
2000-05-09,12.25,12.34375,11.875,12.3125,210400,0,0.0
2000-05-10,12.375,12.4375,12.3125,12.3125,210400,0,0.0
2000-05-11,12.34375,12.8125,12.34375,12.65625,964800,0,0.0
2000-05-12,12.71875,12.75,12.546875,12.5625,319600,0,0.0
2000-05-15,12.59375,13.5,12.5625,13.5,123200,0,0.0
2000-05-16,13.140625,13.5625,12.78125,12.875,375600,0,0.0
2000-05-17,12.859375,13.03125,12.71875,12.98828125,287600,0,0.0
2000-05-18,12.875,12.875,12.265625,12.265625,184000,0,0.0
2000-05-19,12.28125,12.28125,11.84375,11.84375,63600,0,0.0
2000-05-22,11.90625,11.90625,10.875,11.0,306800,0,0.0
2000-05-23,11.0625,11.0625,10.4375,10.71875,508000,0,0.0
2000-05-24,10.859375,11.625,10.75,11.53125,938000,0,0.0
2000-05-25,11.0625,12.0,11.0625,11.6875,424000,0,0.0
2000-05-26,11.734375,11.734375,11.328125,11.5,162400,0,0.0
2000-05-30,11.328125,12.328125,11.09375,12.328125,218000,0,0.0
2000-05-31,12.25,12.25,11.5,11.515625,244000,0,0.0
2000-06-01,11.6953125,11.859375,10.875,11.1875,542800,0,0.0
2000-06-02,11.234375,11.5625,10.90625,11.21875,464000,0,0.0
2000-06-05,11.1875,12.75,11.1875,12.59375,1606400,0,0.0
2000-06-06,12.625,12.625,12.125,12.234375,426800,0,0.0
2000-06-07,12.375,12.4375,12.125,12.1875,97200,0,0.0
2000-06-08,12.09375,12.1875,11.78125,11.78125,154800,0,0.0
2000-06-09,12.03125,12.03125,11.875,11.96875,99600,0,0.0
2000-06-12,11.9375,12.09375,11.875,11.890625,340800,0,0.0
2000-06-13,11.75,12.125,11.734375,12.125,529600,0,0.0
2000-06-14,11.9375,12.328125,11.796875,11.796875,238800,0,0.0
2000-06-15,11.828125,12.375,11.8203125,12.25,440400,0,0.0
2000-06-16,12.46875,12.6875,12.375,12.6875,336000,0,0.0
2000-06-19,12.4375,12.546875,12.3125,12.375,292000,0,0.0
2000-06-20,12.46875,12.5,12.0,12.0,427600,0,0.0
2000-06-21,12.3125,12.3125,12.0,12.234375,567600,0,0.0
2000-06-22,12.375,12.5625,12.203125,12.375,492800,0,0.0
2000-06-23,12.375,12.4375,12.25,12.25,719600,0,0.0
2000-06-26,12.28125,12.40625,12.28125,12.328125,264000,0,0.0
2000-06-27,12.34375,12.4375,11.609375,11.859375,402000,0,0.0
2000-06-28,11.984375,12.46875,11.984375,12.25,928800,0,0.0
2000-06-29,12.21875,13.0,11.9375,12.59375,423600,0,0.0
2000-06-30,12.734375,14.0,12.640625,13.546875,1034000,0,0.0
2000-07-03,13.53125,13.5625,13.0,13.4375,140400,0,0.0
2000-07-05,13.40625,13.421875,12.125,12.40625,235600,0,0.0
2000-07-06,12.421875,13.0,12.265625,12.890625,288800,0,0.0
2000-07-07,12.921875,13.5,12.90625,13.0,250000,0,0.0
2000-07-10,12.8125,12.9375,11.859375,12.5,330800,0,0.0
2000-07-11,12.3125,12.75,12.0625,12.515625,556000,0,0.0
2000-07-12,12.53125,12.6875,12.1875,12.25,311200,0,0.0
2000-07-13,12.328125,12.625,12.328125,12.390625,95600,0,0.0
2000-07-14,12.625,12.71875,12.3125,12.4375,139200,0,0.0
2000-07-17,12.5625,12.5625,12.1875,12.203125,418000,0,0.0
2000-07-18,12.5,12.65625,11.875,11.890625,177200,0,0.0
2000-07-19,12.0,12.234375,12.0,12.125,56000,0,0.0
2000-07-20,12.125,12.28125,12.015625,12.25,147600,0,0.0
2000-07-21,12.125,12.21875,11.96875,12.015625,231200,0,0.0
2000-07-24,12.0,12.125,11.125,11.46875,355200,0,0.0
2000-07-25,11.296875,11.59375,11.03125,11.15625,365200,0,0.0
2000-07-26,11.09375,11.34375,11.0,11.1875,322400,0,0.0
2000-07-27,11.3125,11.625,11.3125,11.578125,566000,0,0.0
2000-07-28,11.3125,11.6875,11.3125,11.53125,116400,0,0.0
2000-07-31,11.3125,12.0625,11.3125,12.0625,130000,0,0.0
2000-08-01,11.9375,12.15625,11.75,11.78125,266800,0,0.0
2000-08-02,12.046875,12.4375,12.046875,12.1875,151600,0,0.0
2000-08-03,11.875,12.0625,11.75,11.9375,96400,0,0.0
2000-08-04,11.765625,11.84375,11.6875,11.8125,85200,0,0.0
2000-08-07,11.984375,12.09375,11.9296875,12.01953125,355600,0,0.0
2000-08-08,11.875,12.0,11.5,11.5,116000,0,0.0
2000-08-09,11.74609375,11.74609375,11.375,11.46875,348000,0,0.0
2000-08-10,11.5625,11.625,11.25,11.265625,196000,0,0.0
2000-08-11,11.5,11.5,11.21875,11.265625,349600,0,0.0
2000-08-14,11.421875,11.421875,11.21875,11.25,288400,0,0.0
2000-08-15,11.375,11.8125,11.375,11.609375,379200,0,0.0
2000-08-16,11.59375,12.3125,11.59375,12.296875,108400,0,0.0
2000-08-17,12.0,12.5,12.0,12.5,104400,0,0.0
2000-08-18,12.5,12.5625,11.90625,12.328125,109200,0,0.0
2000-08-21,12.0625,12.234375,12.0625,12.09375,46400,0,0.0
2000-08-22,12.21875,12.75,12.140625,12.3125,603600,0,0.0
2000-08-23,12.25,13.375,12.25,13.34375,1078800,0,0.0
2000-08-24,13.28125,13.30859375,13.0,13.15625,454400,0,0.0
2000-08-25,13.03125,13.25,13.03125,13.15625,438000,0,0.0
2000-08-28,13.15625,13.375,13.125,13.28125,403600,0,0.0
2000-08-29,13.28125,13.375,13.125,13.28125,448800,0,0.0
2000-08-30,13.265625,13.90625,13.265625,13.828125,228000,0,0.0
2000-08-31,13.7890625,14.4375,13.6875,14.375,849200,0,0.0
2000-09-01,14.4609375,14.875,14.109375,14.5,168800,0,0.0
2000-09-05,14.5,14.875,14.4375,14.4375,206000,0,0.0
2000-09-06,14.375,14.78125,14.375,14.703125,676800,0,0.0
2000-09-07,14.78125,15.15625,14.6875,15.15625,277600,0,0.0
2000-09-08,15.125,15.125,14.609375,14.703125,492800,0,0.0
2000-09-11,14.625,14.71875,14.5625,14.671875,542400,0,0.0
2000-09-12,14.78125,14.78125,14.59375,14.7421875,596800,0,0.0
2000-09-13,14.625,14.78125,14.421875,14.65625,173200,0,0.0
2000-09-14,14.75,14.75,14.40625,14.5625,289200,0,0.0
2000-09-15,14.3203125,14.46875,14.21875,14.296875,416000,0,0.0
2000-09-18,14.484375,14.4921875,13.9296875,13.953125,210000,0,0.0
2000-09-19,13.8984375,13.90625,13.375,13.625,515600,0,0.0
2000-09-20,13.3203125,13.96875,13.25,13.765625,331200,0,0.0
2000-09-21,13.75,13.75,13.125,13.15625,662400,0,0.0
2000-09-22,12.25,14.09375,12.0,14.0625,5691200,0,0.0
2000-09-25,14.0625,14.078125,13.25,13.25,2584000,0,0.0
2000-09-26,13.3125,13.875,13.25,13.6875,1222800,0,0.0
2000-09-27,13.8125,13.875,13.3125,13.53125,961600,0,0.0
2000-09-28,13.640625,14.015625,13.59375,13.9375,1024400,0,0.0
2000-09-29,13.625,14.375,13.625,14.296875,822800,0,0.0
2000-10-02,14.375,14.625,14.140625,14.5625,818400,0,0.0
2000-10-03,14.5,15.0,13.875,13.875,669600,0,0.0
2000-10-04,14.234375,14.25,12.75,14.0,616400,0,0.0
2000-10-05,13.65625,14.296875,13.5,14.015625,617600,0,0.0
2000-10-06,14.0625,14.375,13.5625,13.734375,610000,0,0.0
2000-10-09,13.75,14.4375,13.625,14.4375,432400,0,0.0
2000-10-10,14.0625,14.4375,14.03125,14.3125,213600,0,0.0
2000-10-11,14.21875,14.9375,14.21875,14.828125,514800,0,0.0
2000-10-12,14.75,15.5625,14.75,15.078125,724800,0,0.0
2000-10-13,14.8125,15.25,14.53125,15.25,550000,0,0.0
2000-10-16,14.75,14.8046875,13.5625,13.5625,785600,0,0.0
2000-10-17,13.859375,14.375,13.71875,13.875,612800,0,0.0
2000-10-18,13.8125,13.84375,13.25,13.625,369200,0,0.0
2000-10-19,14.078125,14.375,13.78125,14.09375,253600,0,0.0
2000-10-20,14.0,14.8125,13.84375,14.625,409600,0,0.0
2000-10-23,14.515625,14.75,13.78125,14.375,371600,0,0.0
2000-10-24,14.40625,14.5,13.65625,13.75,204400,0,0.0
2000-10-25,13.6875,13.796875,13.28125,13.578125,468400,0,0.0
2000-10-26,13.5,14.5625,13.46875,14.40625,344400,0,0.0
2000-10-27,14.25,14.34375,12.109375,12.15625,2855200,0,0.0
2000-10-30,12.1875,12.4375,10.8125,11.421875,1798800,0,0.0
2000-10-31,11.75,12.4375,11.75,12.4375,1772800,0,0.0
2000-11-01,12.25,12.6875,12.25,12.5625,1747600,0,0.0
2000-11-02,12.73046875,12.734375,11.421875,11.59375,1681200,0,0.0
2000-11-03,11.765625,11.84375,11.125,11.734375,610800,0,0.0
2000-11-06,11.734375,11.8125,11.140625,11.140625,660000,0,0.0
2000-11-07,11.34375,11.5625,11.328125,11.53125,741200,0,0.0
2000-11-08,11.546875,11.87890625,11.453125,11.796875,984000,0,0.0
2000-11-09,11.4375,11.703125,11.09765625,11.375,1611600,0,0.0
2000-11-10,11.3203125,11.40625,10.578125,10.59375,421600,0,0.0
2000-11-13,10.703125,10.71875,10.25,10.703125,1076400,0,0.0
2000-11-14,10.75,11.3359375,10.75,11.3125,508400,0,2.0
2000-11-15,10.9375,12.0625,10.90625,12.03125,562200,0,0.0
2000-11-16,11.5,12.6875,11.5,12.5625,464000,0,0.0
2000-11-17,12.59375,12.6875,12.25,12.59375,249200,0,0.0
2000-11-20,12.28125,12.75,12.25,12.25,379600,0,0.0
2000-11-21,12.34375,12.5625,10.5,12.34375,180200,0,0.0
2000-11-22,12.2421875,12.2421875,11.375,11.78125,519400,0,0.0
2000-11-24,11.8671875,11.9375,11.75,11.75,112400,0,0.0
2000-11-27,12.25,12.25,11.84375,11.9375,416600,0,0.0
2000-11-28,12.0546875,12.0625,11.1875,11.6484375,318400,0,0.0
2000-11-29,11.5,11.5625,10.0,10.1875,912200,0,0.0
2000-11-30,10.3125,10.3125,9.75,9.8125,1011600,0,0.0
2000-12-01,9.8125,10.4375,9.46875,10.3125,481000,0,0.0
2000-12-04,10.3125,10.4296875,9.8125,10.1875,209000,0,0.0
2000-12-05,10.125,11.2109375,10.125,11.15625,310600,0,0.0
2000-12-06,10.96875,11.5,10.9375,10.9375,366800,0,0.0
2000-12-07,10.75,11.5,10.75,11.40625,157600,0,0.0
2000-12-08,11.40625,12.28125,11.1875,12.1875,600600,0,0.0
2000-12-11,12.125,13.03125,12.125,13.0,538800,0,0.0
2000-12-12,12.5078125,13.375,12.5,12.75,413200,0,0.0
2000-12-13,12.7421875,13.25,12.6875,13.09375,633800,0,0.0
2000-12-14,12.875,13.1875,12.78125,13.125,382000,0,0.0
2000-12-15,13.0546875,13.5625,13.03125,13.4375,657600,0,0.0
2000-12-18,13.40625,13.875,12.9375,13.0625,969800,0,0.0
2000-12-19,13.0,13.3125,12.71875,13.0,843600,0,0.0
2000-12-20,12.90625,13.0,12.3125,12.53125,546200,0,0.0
2000-12-21,12.5,12.6875,12.4375,12.4375,551400,0,0.0
2000-12-22,12.46875,12.53125,12.125,12.4375,771800,0,0.0
2000-12-26,12.4375,13.375,12.4375,12.90625,303000,0,0.0
2000-12-27,12.8671875,13.46875,12.6328125,13.46875,760200,0,0.0
2000-12-28,13.46875,14.5,13.46875,13.78125,1167000,0,0.0
2000-12-29,14.0,14.15625,13.3125,13.3125,369000,0,0.0
2001-01-02,13.8125,13.9375,13.15625,13.40625,532400,0,0.0
2001-01-03,13.40625,13.5625,12.625,12.78125,412800,0,0.0
2001-01-04,12.5625,12.8671875,11.5625,11.9375,1154800,0,0.0
2001-01-05,11.9375,12.34375,11.5,11.65625,552400,0,0.0
2001-01-08,11.6328125,12.375,11.6328125,12.375,146000,0,0.0
2001-01-09,12.375,13.0,12.375,12.8125,382600,0,0.0
2001-01-10,12.6328125,13.40625,12.6328125,12.96875,461200,0,0.0
2001-01-11,13.03125,13.125,12.90625,13.0,386200,0,0.0
2001-01-12,12.875,13.0,12.53125,12.59375,372200,0,0.0
2001-01-16,12.703125,13.09375,12.375,12.90625,271600,0,0.0
2001-01-17,12.875,13.0,12.25,12.25,320200,0,0.0
2001-01-18,12.1875,12.4375,11.3125,11.34375,582200,0,0.0
2001-01-19,11.65625,14.1875,11.09375,11.09375,959000,0,0.0
2001-01-22,11.125,11.3125,11.0,11.0625,456000,0,0.0
2001-01-23,11.3125,11.3125,11.0,11.0,488000,0,0.0
2001-01-24,11.125,11.3125,10.875,11.25,823200,0,0.0
2001-01-25,11.25,12.6875,10.90625,12.25,987200,0,0.0
2001-01-26,12.4921875,12.5,11.9375,12.0,576400,0,0.0
2001-01-29,12.0,12.3125,11.9375,12.1875,694400,0,0.0
2001-01-30,12.0625,12.15625,11.6875,11.9375,709200,0,0.0
2001-01-31,11.90625,12.125,11.875,12.09375,355000,0,0.0
2001-02-01,12.0,12.25,11.5625,12.25,369800,0,0.0
2001-02-02,12.25,12.34375,12.0625,12.0625,391400,0,0.0
2001-02-05,12.25,12.71875,12.25,12.625,620200,0,0.0
2001-02-06,12.8125,13.25,12.46875,13.0,197400,0,0.0
2001-02-07,12.875,13.625,12.875,13.21875,1050800,0,0.0
2001-02-08,13.3125,13.875,13.09375,13.65625,784400,0,0.0
2001-02-09,13.5,13.9375,13.3125,13.375,337800,0,0.0
2001-02-12,13.59375,13.78125,13.3125,13.46875,347600,0,0.0
2001-02-13,13.3125,14.1875,13.3125,13.84375,478600,0,0.0
2001-02-14,13.5625,13.6875,13.15625,13.53125,584600,0,0.0
2001-02-15,13.546875,13.5625,13.0625,13.375,712000,0,0.0
2001-02-16,13.15625,13.5,13.0,13.3125,252400,0,0.0
2001-02-20,13.40625,13.625,13.25,13.4375,184600,0,0.0
2001-02-21,13.125,13.8046875,13.125,13.46875,325200,0,0.0
2001-02-22,13.3359375,13.5625,13.21875,13.3125,299600,0,0.0
2001-02-23,13.28125,13.5625,12.34375,12.75,291200,0,0.0
2001-02-26,12.75,13.4375,12.71875,13.0625,136600,0,0.0
2001-02-27,13.1796875,13.71875,13.1796875,13.65625,523200,0,0.0
2001-02-28,13.75,13.78125,13.34375,13.65625,694000,0,0.0
2001-03-01,13.71875,14.125,13.71875,13.90625,280800,0,0.0
2001-03-02,13.9375,14.875,13.78125,14.75,630600,0,0.0
2001-03-05,14.78125,14.96875,14.71875,14.875,466800,0,0.0
2001-03-06,14.9609375,15.1875,14.90625,14.9375,1283200,0,0.0
2001-03-07,15.1875,15.78125,14.90625,15.5,425000,0,0.0
2001-03-08,15.65625,16.0,15.375,15.4375,155400,0,0.0
2001-03-09,15.4609375,15.71875,15.09375,15.09375,594400,0,0.0
2001-03-12,14.96875,15.03125,14.375,14.40625,372200,0,0.0
2001-03-13,14.375,14.59375,14.125,14.21875,480800,0,0.0
2001-03-14,13.9375,14.8125,13.75,13.875,310400,0,0.0
2001-03-15,14.0625,14.1875,13.03125,13.0625,289400,0,0.0
2001-03-16,13.125,13.59375,12.625,12.625,286600,0,0.0
2001-03-19,12.75,13.78125,12.75,13.6875,606600,0,0.0
2001-03-20,13.75,14.625,13.65625,14.0625,566200,0,0.0
2001-03-21,14.25,14.25,13.625,13.84375,308200,0,0.0
2001-03-22,13.65625,13.84375,12.75,13.28125,339600,0,0.0
2001-03-23,13.421875,14.3125,13.28125,13.9375,434200,0,0.0
2001-03-26,14.0,14.65625,14.0,14.65625,458600,0,0.0
2001-03-27,14.5625,14.65625,14.09375,14.28125,1218200,0,0.0
2001-03-28,14.09375,14.1875,13.5,13.59375,540800,0,0.0
2001-03-29,13.53125,13.59375,12.375,12.375,687200,0,0.0
2001-03-30,12.5625,12.71875,12.3125,12.6875,1627400,0,0.0
2001-04-02,12.625,12.625,11.125,11.53125,935400,0,0.0
2001-04-03,11.2578125,11.65625,10.9375,10.9375,629000,0,0.0
2001-04-04,11.125,13.4375,11.03125,12.03125,1153400,0,0.0
2001-04-05,12.125,13.375,12.1171875,13.28125,661200,0,0.0
2001-04-06,13.21875,13.5,12.625,13.34375,631000,0,0.0
2001-04-09,13.380000114440918,13.880000114440918,13.380000114440918,13.875,344600,0,0.0
2001-04-10,13.800000190734863,14.385000228881836,13.800000190734863,14.289999961853027,308600,0,0.0
2001-04-11,14.28499984741211,14.289999961853027,13.9350004196167,14.020000457763672,950000,0,0.0
2001-04-12,14.0649995803833,14.194999694824219,14.050000190734863,14.149999618530273,271800,0,0.0
2001-04-16,14.175000190734863,14.579999923706055,14.164999961853027,14.25,1013000,0,0.0
2001-04-17,14.300000190734863,14.350000381469727,14.204999923706055,14.319999694824219,258600,0,0.0
2001-04-18,14.3100004196167,14.329999923706055,13.694999694824219,13.850000381469727,385200,0,0.0
2001-04-19,13.850000381469727,13.954999923706055,12.654999732971191,12.65999984741211,339200,0,0.0
2001-04-20,13.029999732971191,13.100000381469727,12.630000114440918,12.630000114440918,1132000,0,0.0
2001-04-23,12.869999885559082,13.239999771118164,12.625,13.1850004196167,612000,0,0.0
2001-04-24,13.175000190734863,13.414999961853027,13.149999618530273,13.149999618530273,642200,0,0.0
2001-04-25,13.199999809265137,13.574999809265137,13.199999809265137,13.539999961853027,356400,0,0.0
2001-04-26,13.25,14.25,13.25,14.1850004196167,374200,0,0.0
2001-04-27,14.029999732971191,14.149999618530273,13.210000038146973,13.524999618530273,334600,0,0.0
2001-04-30,13.53499984741211,14.375,13.475000381469727,14.005000114440918,636600,0,0.0
2001-05-01,13.984999656677246,14.100000381469727,13.380000114440918,13.380000114440918,212000,0,0.0
2001-05-02,13.350000381469727,13.350000381469727,12.279999732971191,13.175000190734863,569600,0,0.0
2001-05-03,13.074999809265137,13.100000381469727,11.949999809265137,12.494999885559082,980200,0,0.0
2001-05-04,12.5,13.085000038146973,12.470000267028809,12.975000381469727,695400,0,0.0
2001-05-07,12.925000190734863,13.199999809265137,12.885000228881836,13.175000190734863,670200,0,0.0
2001-05-08,13.199999809265137,13.694999694824219,13.074999809265137,13.585000038146973,543200,0,0.0
2001-05-09,13.505000114440918,13.8100004196167,13.505000114440918,13.75,211400,0,0.0
2001-05-10,13.6899995803833,14.475000381469727,13.635000228881836,14.274999618530273,649000,0,0.0
2001-05-11,14.149999618530273,14.375,13.699999809265137,13.699999809265137,163200,0,0.0
2001-05-14,13.760000228881836,14.100000381469727,13.760000228881836,13.850000381469727,214800,0,0.0
2001-05-15,13.850000381469727,14.324999809265137,13.850000381469727,13.984999656677246,221600,0,0.0
2001-05-16,13.975000381469727,14.25,13.859999656677246,14.125,362200,0,0.0
2001-05-17,14.100000381469727,14.305000305175781,13.869999885559082,14.194999694824219,567600,0,0.0
2001-05-18,14.354999542236328,14.819999694824219,14.345000267028809,14.654999732971191,437000,0,0.0
2001-05-21,14.675000190734863,15.3100004196167,14.654999732971191,15.305000305175781,288400,0,0.0
2001-05-22,15.125,15.319999694824219,14.914999961853027,14.96500015258789,564600,0,0.0
2001-05-23,15.0,15.015000343322754,14.5,14.824999809265137,307800,0,0.0
2001-05-24,14.774999618530273,14.885000228881836,14.300000190734863,14.819999694824219,312800,0,0.0
2001-05-25,14.609999656677246,15.0,14.484999656677246,14.765000343322754,213200,0,0.0
2001-05-29,14.765000343322754,14.765000343322754,14.079999923706055,14.399999618530273,251600,0,0.0
2001-05-30,14.300000190734863,14.324999809265137,13.5600004196167,13.970000267028809,329000,0,0.0
2001-05-31,13.949999809265137,14.649999618530273,13.270000457763672,14.199999809265137,344000,0,0.0
2001-06-01,14.119999885559082,14.600000381469727,13.75,14.494999885559082,198200,0,0.0
2001-06-04,14.494999885559082,15.029999732971191,14.40999984741211,14.760000228881836,129000,0,0.0
2001-06-05,14.875,15.079999923706055,14.725000381469727,15.029999732971191,179600,0,0.0
2001-06-06,14.949999809265137,14.975000381469727,13.880000114440918,14.0,649800,0,0.0
2001-06-07,13.885000228881836,14.055000305175781,12.954999923706055,13.0,594800,0,0.0
2001-06-08,13.255000114440918,13.3100004196167,12.875,12.904999732971191,485600,0,0.0
2001-06-11,13.074999809265137,13.175000190734863,12.300000190734863,12.550000190734863,1208000,0,0.0
2001-06-12,12.550000190734863,12.824999809265137,12.274999618530273,12.449999809265137,509400,0,0.0
2001-06-13,12.649999618530273,12.975000381469727,12.524999618530273,12.755000114440918,664000,0,0.0
2001-06-14,13.0,13.0,12.25,12.255000114440918,231800,0,0.0
2001-06-15,12.449999809265137,12.725000381469727,12.085000038146973,12.085000038146973,217000,0,0.0
2001-06-18,12.385000228881836,12.489999771118164,12.050000190734863,12.050000190734863,423800,0,0.0
2001-06-19,12.050000190734863,12.09000015258789,11.699999809265137,12.010000228881836,354800,0,0.0
2001-06-20,12.0,12.635000228881836,11.869999885559082,12.614999771118164,622000,0,0.0
2001-06-21,12.524999618530273,12.574999809265137,12.0,12.0,758400,0,0.0
2001-06-22,12.244999885559082,12.244999885559082,11.25,11.574999809265137,621200,0,0.0
2001-06-25,11.600000381469727,11.774999618530273,11.449999809265137,11.5,496000,0,0.0
2001-06-26,11.345000267028809,12.164999961853027,11.324999809265137,12.0,607200,0,0.0
2001-06-27,12.0,12.0,11.475000381469727,11.699999809265137,251200,0,0.0
2001-06-28,11.574999809265137,11.574999809265137,11.010000228881836,11.1850004196167,1682200,0,0.0
2001-06-29,11.244999885559082,12.5,11.119999885559082,12.300000190734863,690400,0,0.0
2001-07-02,11.960000038146973,12.024999618530273,11.104999542236328,11.104999542236328,327400,0,0.0
2001-07-03,11.300000190734863,11.305000305175781,11.095000267028809,11.225000381469727,525800,0,0.0
2001-07-05,11.28499984741211,11.449999809265137,11.135000228881836,11.149999618530273,524000,0,0.0
2001-07-06,11.180000305175781,11.680000305175781,10.800000190734863,11.520000457763672,332000,0,0.0
2001-07-09,11.175000190734863,11.449999809265137,10.699999809265137,10.895000457763672,229200,0,0.0
2001-07-10,11.125,11.149999618530273,10.635000228881836,10.649999618530273,221000,0,0.0
2001-07-11,10.6899995803833,10.6899995803833,9.890000343322754,10.329999923706055,3496600,0,0.0
2001-07-12,10.5600004196167,10.5600004196167,9.65999984741211,9.779999732971191,714600,0,0.0
2001-07-13,9.704999923706055,9.925000190734863,9.604999542236328,9.795000076293945,336200,0,0.0
2001-07-16,9.774999618530273,9.850000381469727,8.550000190734863,8.585000038146973,1903800,0,0.0
2001-07-17,8.625,9.039999961853027,8.479999542236328,9.039999961853027,3099200,0,0.0
2001-07-18,8.869999885559082,8.949999809265137,8.510000228881836,8.555000305175781,1410800,0,0.0
2001-07-19,8.550000190734863,8.975000381469727,8.550000190734863,8.760000228881836,2014200,0,0.0
2001-07-20,8.765000343322754,9.100000381469727,8.760000228881836,9.069999694824219,1398000,0,0.0
2001-07-23,9.140000343322754,9.489999771118164,8.890000343322754,9.074999809265137,305600,0,0.0
2001-07-24,9.119999885559082,9.125,8.739999771118164,8.975000381469727,214000,0,0.0
2001-07-25,9.0,9.295000076293945,8.649999618530273,9.289999961853027,312000,0,0.0
2001-07-26,9.225000381469727,9.694999694824219,8.854999542236328,9.694999694824219,397200,0,0.0
2001-07-27,9.699999809265137,9.75,9.289999961853027,9.630000114440918,564200,0,0.0
2001-07-30,9.680000305175781,9.774999618530273,9.524999618530273,9.59000015258789,117200,0,0.0
2001-07-31,9.649999618530273,9.694999694824219,9.149999618530273,9.350000381469727,202000,0,0.0
2001-08-01,9.404999732971191,9.520000457763672,9.050000190734863,9.164999961853027,516400,0,0.0
2001-08-02,9.175000190734863,9.324999809265137,8.6899995803833,8.949999809265137,642000,0,0.0
2001-08-03,8.960000038146973,8.975000381469727,8.109999656677246,8.604999542236328,1962800,0,0.0
2001-08-06,8.675000190734863,8.6899995803833,8.449999809265137,8.475000381469727,1287400,0,0.0
2001-08-07,8.5,8.5,8.295000076293945,8.470000267028809,1693200,0,0.0
2001-08-08,8.46500015258789,8.600000381469727,8.0,8.050000190734863,683800,0,0.0
2001-08-09,8.050000190734863,8.25,8.010000228881836,8.125,633000,0,0.0
2001-08-10,8.074999809265137,8.175000190734863,7.949999809265137,8.09000015258789,920000,0,0.0
2001-08-13,8.095000267028809,8.104999542236328,7.78000020980835,7.989999771118164,228800,0,0.0
2001-08-14,8.0,8.350000381469727,7.994999885559082,8.25,688800,0,0.0
2001-08-15,8.289999961853027,9.104999542236328,8.28499984741211,8.850000381469727,779800,0,0.0
2001-08-16,9.574999809265137,9.600000381469727,8.734999656677246,8.824999809265137,788000,0,0.0
2001-08-17,8.744999885559082,8.850000381469727,8.579999923706055,8.649999618530273,1074400,0,0.0
2001-08-20,8.600000381469727,8.649999618530273,8.449999809265137,8.529999732971191,915800,0,0.0
2001-08-21,8.600000381469727,8.699999809265137,8.515000343322754,8.614999771118164,508200,0,0.0
2001-08-22,8.75,9.074999809265137,8.625,8.739999771118164,634800,0,0.0
2001-08-23,8.800000190734863,8.800000190734863,8.625,8.675000190734863,594400,0,0.0
2001-08-24,8.574999809265137,8.694999694824219,8.494999885559082,8.630000114440918,499000,0,0.0
2001-08-27,9.095000267028809,9.399999618530273,8.75,9.135000228881836,1204200,0,0.0
2001-08-28,9.274999618530273,9.274999618530273,8.654999732971191,8.774999618530273,2270000,0,0.0
2001-08-29,8.850000381469727,8.949999809265137,8.699999809265137,8.850000381469727,592000,0,0.0
2001-08-30,8.850000381469727,8.899999618530273,8.640000343322754,8.710000038146973,584600,0,0.0
2001-08-31,8.819999694824219,8.859999656677246,8.729999542236328,8.75,696800,0,0.0
2001-09-04,8.774999618530273,9.244999885559082,8.75,8.84000015258789,597400,0,0.0
2001-09-05,8.930000305175781,9.085000038146973,8.835000038146973,9.024999618530273,550400,0,0.0
2001-09-06,9.039999961853027,9.305000305175781,8.949999809265137,9.149999618530273,421600,0,0.0
2001-09-07,9.199999809265137,9.199999809265137,8.9399995803833,9.010000228881836,273400,0,0.0
2001-09-10,8.960000038146973,9.15999984741211,8.90999984741211,8.944999694824219,555800,0,0.0
2001-09-17,9.0,9.350000381469727,8.649999618530273,9.015000343322754,1091600,0,0.0
2001-09-18,8.9350004196167,9.0,8.649999618530273,8.75,939800,0,0.0
2001-09-19,8.65999984741211,8.800000190734863,8.005000114440918,8.375,1118600,0,0.0
2001-09-20,8.279999732971191,8.279999732971191,8.0,8.210000038146973,405000,0,0.0
2001-09-21,7.985000133514404,8.470000267028809,7.96999979019165,8.140000343322754,1036600,0,0.0
2001-09-24,8.225000381469727,8.274999618530273,7.925000190734863,8.25,662400,0,0.0
2001-09-25,8.25,8.329999923706055,7.980000019073486,8.074999809265137,642000,0,0.0
2001-09-26,8.300000190734863,8.300000190734863,7.925000190734863,8.0649995803833,497200,0,0.0
2001-09-27,8.100000381469727,8.279999732971191,8.005000114440918,8.175000190734863,567400,0,0.0
2001-09-28,8.225000381469727,8.760000228881836,8.220000267028809,8.329999923706055,722400,0,0.0
2001-10-01,8.375,8.470000267028809,8.0,8.024999618530273,584800,0,0.0
2001-10-02,8.199999809265137,8.385000228881836,8.029999732971191,8.154999732971191,1013800,0,0.0
2001-10-03,8.359999656677246,8.449999809265137,7.949999809265137,8.25,701600,0,0.0
2001-10-04,8.25,9.010000228881836,8.149999618530273,8.975000381469727,668400,0,0.0
2001-10-05,8.755000114440918,9.399999618530273,8.625,9.399999618530273,360600,0,0.0
2001-10-08,9.25,9.5600004196167,9.0,9.5600004196167,700200,0,0.0
2001-10-09,9.375,9.75,9.375,9.550000190734863,411400,0,0.0
2001-10-10,9.520000457763672,10.324999809265137,9.520000457763672,9.930000305175781,431400,0,0.0
2001-10-11,10.024999618530273,10.199999809265137,9.604999542236328,9.895000457763672,256800,0,0.0
2001-10-12,9.704999923706055,10.270000457763672,9.699999809265137,10.270000457763672,719200,0,0.0
2001-10-15,10.199999809265137,10.25,9.654999732971191,9.779999732971191,116000,0,0.0
2001-10-16,9.755000114440918,10.25,9.755000114440918,10.140000343322754,351200,0,0.0
2001-10-17,10.25,10.295000076293945,9.875,10.03499984741211,679400,0,0.0
2001-10-18,9.850000381469727,10.125,9.670000076293945,9.880000114440918,138400,0,0.0
2001-10-19,9.869999885559082,10.069999694824219,9.6850004196167,10.015000343322754,473800,0,0.0
2001-10-22,10.015000343322754,10.175000190734863,9.854999542236328,10.154999732971191,176400,0,0.0
2001-10-23,10.130000114440918,10.574999809265137,9.960000038146973,10.085000038146973,127400,0,0.0
2001-10-24,10.079999923706055,10.420000076293945,9.770000457763672,10.420000076293945,189400,0,0.0
2001-10-25,10.375,11.15999984741211,10.145000457763672,11.0,370200,0,0.0
2001-10-26,10.725000381469727,11.569999694824219,10.725000381469727,11.175000190734863,1347600,0,0.0
2001-10-29,11.25,11.34000015258789,11.029999732971191,11.175000190734863,527200,0,0.0
2001-10-30,11.0,11.100000381469727,10.529999732971191,10.5600004196167,393800,0,0.0
2001-10-31,10.585000038146973,10.8149995803833,10.375,10.444999694824219,318400,0,0.0
2001-11-01,10.425000190734863,10.53499984741211,10.029999732971191,10.274999618530273,711800,0,0.0
2001-11-02,10.425000190734863,10.425000190734863,9.920000076293945,10.119999885559082,271200,0,0.0
2001-11-05,10.104999542236328,10.125,9.604999542236328,9.75,294600,0,0.0
2001-11-06,9.75,10.149999618530273,9.574999809265137,10.125,611200,0,0.0
2001-11-07,10.005000114440918,10.5,9.920000076293945,10.449999809265137,236600,0,0.0
2001-11-08,10.425000190734863,10.694999694824219,10.1850004196167,10.364999771118164,696600,0,0.0
2001-11-09,10.175000190734863,11.369999885559082,10.175000190734863,11.09000015258789,830600,0,0.0
2001-11-12,11.225000381469727,11.274999618530273,10.789999961853027,11.0,366800,0,0.0
2001-11-13,11.03499984741211,11.074999809265137,10.75,10.96500015258789,454800,0,0.0
2001-11-14,10.975000381469727,10.975000381469727,10.210000038146973,10.404999732971191,310400,0,0.0
2001-11-15,10.255000114440918,10.475000381469727,9.15999984741211,9.329999923706055,1010800,0,0.0
2001-11-16,9.395000457763672,10.050000190734863,9.130000114440918,10.050000190734863,891200,0,0.0
2001-11-19,10.0,10.279999732971191,9.005000114440918,10.274999618530273,456200,0,0.0
2001-11-20,10.25,10.739999771118164,10.239999771118164,10.649999618530273,1445200,0,0.0
2001-11-21,10.649999618530273,10.675000190734863,10.21500015258789,10.399999618530273,651200,0,0.0
2001-11-23,10.399999618530273,10.710000038146973,10.125,10.649999618530273,151800,0,0.0
2001-11-26,10.529999732971191,10.53499984741211,10.039999961853027,10.234999656677246,221200,0,0.0
2001-11-27,10.270000457763672,10.625,10.0600004196167,10.375,215200,0,0.0
2001-11-28,10.274999618530273,10.53499984741211,10.149999618530273,10.15999984741211,127600,0,0.0
2001-11-29,10.170000076293945,10.645000457763672,10.164999961853027,10.574999809265137,170000,0,0.0
2001-11-30,10.640000343322754,10.699999809265137,10.369999885559082,10.6899995803833,281800,0,0.0
2001-12-03,10.574999809265137,11.055000305175781,10.380000114440918,10.475000381469727,551800,0,0.0
2001-12-04,10.619999885559082,11.28499984741211,10.494999885559082,11.28499984741211,335400,0,0.0
2001-12-05,11.350000381469727,12.095000267028809,11.350000381469727,11.954999923706055,1091200,0,0.0
2001-12-06,12.0,12.0,11.555000305175781,11.699999809265137,783000,0,0.0
2001-12-07,11.704999923706055,11.704999923706055,11.074999809265137,11.350000381469727,942000,0,0.0
2001-12-10,11.149999618530273,11.369999885559082,11.100000381469727,11.270000457763672,337400,0,0.0
2001-12-11,11.130000114440918,11.375,11.119999885559082,11.145000457763672,201200,0,0.0
2001-12-12,11.104999542236328,11.204999923706055,10.78499984741211,11.130000114440918,166000,0,0.0
2001-12-13,11.100000381469727,11.170000076293945,10.90999984741211,11.03499984741211,209600,0,0.0
2001-12-14,10.954999923706055,11.3149995803833,10.954999923706055,11.164999961853027,273200,0,0.0
2001-12-17,11.395000457763672,11.414999961853027,10.989999771118164,11.390000343322754,170200,0,0.0
2001-12-18,11.350000381469727,11.699999809265137,11.140000343322754,11.699999809265137,309400,0,0.0
2001-12-19,11.699999809265137,12.5600004196167,11.555000305175781,12.520000457763672,658000,0,0.0
2001-12-20,12.154999732971191,12.574999809265137,12.149999618530273,12.239999771118164,682000,0,0.0
2001-12-21,12.175000190734863,12.4399995803833,11.890000343322754,12.265000343322754,838400,0,0.0
2001-12-24,12.300000190734863,12.470000267028809,12.085000038146973,12.15999984741211,304000,0,0.0
2001-12-26,12.239999771118164,12.664999961853027,12.149999618530273,12.625,629200,0,0.0
2001-12-27,12.625,12.975000381469727,12.300000190734863,12.930000305175781,247800,0,0.0
2001-12-28,13.125,13.335000038146973,12.545000076293945,12.729999542236328,572400,0,0.0
2001-12-31,12.649999618530273,13.0,12.324999809265137,12.34000015258789,386600,0,0.0
2002-01-02,12.420000076293945,12.425000190734863,11.125,12.0,409000,0,0.0
2002-01-03,11.925000190734863,12.164999961853027,11.579999923706055,11.854999542236328,267800,0,0.0
2002-01-04,11.854999542236328,12.050000190734863,11.649999618530273,12.0,325400,0,0.0
2002-01-07,12.0,12.199999809265137,11.729999542236328,11.899999618530273,320200,0,0.0
2002-01-08,11.975000381469727,12.140000343322754,11.5,12.130000114440918,383200,0,0.0
2002-01-09,12.015000343322754,12.324999809265137,11.914999961853027,12.024999618530273,494800,0,0.0
2002-01-10,12.050000190734863,12.050000190734863,11.729999542236328,11.824999809265137,271200,0,0.0
2002-01-11,11.829999923706055,11.829999923706055,11.199999809265137,11.199999809265137,235600,0,0.0
2002-01-14,11.204999923706055,11.225000381469727,10.729999542236328,11.0,262800,0,0.0
2002-01-15,11.100000381469727,11.53499984741211,10.899999618530273,11.505000114440918,273400,0,0.0
2002-01-16,11.449999809265137,11.550000190734863,11.149999618530273,11.375,679200,0,0.0
2002-01-17,11.524999618530273,11.524999618530273,11.199999809265137,11.25,191000,0,0.0
2002-01-18,11.5,11.5,10.899999618530273,10.904999732971191,156600,0,0.0
2002-01-22,10.949999809265137,11.154999732971191,10.859999656677246,10.920000076293945,230000,0,0.0
2002-01-23,11.0,11.380000114440918,10.949999809265137,11.295000076293945,178200,0,0.0
2002-01-24,11.079999923706055,11.824999809265137,11.0,11.699999809265137,153800,0,0.0
2002-01-25,11.649999618530273,11.850000381469727,11.59000015258789,11.850000381469727,176400,0,0.0
2002-01-28,11.770000457763672,11.850000381469727,11.0600004196167,11.279999732971191,210000,0,0.0
2002-01-29,11.270000457763672,11.5649995803833,11.079999923706055,11.5649995803833,179200,0,0.0
2002-01-30,11.385000228881836,11.579999923706055,11.130000114440918,11.354999542236328,417600,0,0.0
2002-01-31,11.539999961853027,11.90999984741211,11.470000267028809,11.574999809265137,259200,0,0.0
2002-02-01,11.875,11.970000267028809,11.515000343322754,11.574999809265137,443400,0,0.0
2002-02-04,11.600000381469727,11.699999809265137,11.0,11.045000076293945,228200,0,0.0
2002-02-05,11.029999732971191,11.25,10.6899995803833,11.0649995803833,359400,0,0.0
2002-02-06,11.300000190734863,11.300000190734863,10.75,10.75,192200,0,0.0
2002-02-07,10.899999618530273,10.90999984741211,10.095000267028809,10.399999618530273,705600,0,0.0
2002-02-08,10.430000305175781,10.520000457763672,10.244999885559082,10.25,355600,0,0.0
2002-02-11,10.225000381469727,10.970000267028809,10.095000267028809,10.819999694824219,308000,0,0.0
2002-02-12,10.850000381469727,10.949999809265137,10.5,10.78499984741211,186000,0,0.0
2002-02-13,10.6899995803833,10.765000343322754,10.270000457763672,10.5,478000,0,0.0
2002-02-14,10.550000190734863,10.899999618530273,10.475000381469727,10.5649995803833,316000,0,0.0
2002-02-15,10.75,10.770000457763672,10.305000305175781,10.3149995803833,458000,0,0.0
2002-02-19,10.289999961853027,10.899999618530273,9.829999923706055,10.625,557200,0,0.0
2002-02-20,10.649999618530273,10.914999961853027,10.484999656677246,10.914999961853027,198000,0,0.0
2002-02-21,10.774999618530273,11.5600004196167,10.654999732971191,10.710000038146973,519000,0,0.0
2002-02-22,10.699999809265137,11.270000457763672,10.5649995803833,10.829999923706055,303400,0,0.0
2002-02-25,10.875,11.5,10.744999885559082,11.5,253600,0,0.0
2002-02-26,11.399999618530273,11.5,11.300000190734863,11.425000190734863,244600,0,0.0
2002-02-27,11.425000190734863,11.5,11.130000114440918,11.180000305175781,158200,0,0.0
2002-02-28,11.204999923706055,11.550000190734863,11.199999809265137,11.460000038146973,263400,0,0.0
2002-03-01,11.484999656677246,11.649999618530273,11.350000381469727,11.5,254600,0,0.0
2002-03-04,11.449999809265137,11.600000381469727,11.449999809265137,11.5649995803833,369400,0,0.0
2002-03-05,11.574999809265137,11.574999809265137,11.5,11.545000076293945,285000,0,0.0
2002-03-06,11.479999542236328,11.550000190734863,11.305000305175781,11.5,460400,0,0.0
2002-03-07,11.524999618530273,11.944999694824219,11.524999618530273,11.725000381469727,622000,0,0.0
2002-03-08,11.75,11.755000114440918,11.425000190734863,11.75,519200,0,0.0
2002-03-11,11.625,12.180000305175781,11.625,12.125,558200,0,0.0
2002-03-12,12.0,12.600000381469727,11.875,12.505000114440918,928600,0,0.0
2002-03-13,12.604999542236328,12.649999618530273,11.949999809265137,12.050000190734863,631600,0,0.0
2002-03-14,12.125,12.430000305175781,11.75,12.34000015258789,1189400,0,0.0
2002-03-15,12.420000076293945,12.430000305175781,12.130000114440918,12.350000381469727,863200,0,0.0
2002-03-18,12.300000190734863,12.725000381469727,12.225000381469727,12.585000038146973,726200,0,0.0
2002-03-19,12.670000076293945,12.670000076293945,12.274999618530273,12.305000305175781,1089000,0,0.0
2002-03-20,12.170000076293945,12.375,11.925000190734863,12.100000381469727,840000,0,0.0
2002-03-21,12.104999542236328,12.375,12.005000114440918,12.350000381469727,436600,0,0.0
2002-03-22,12.34000015258789,12.350000381469727,12.045000076293945,12.050000190734863,280200,0,0.0
2002-03-25,12.045000076293945,12.199999809265137,11.954999923706055,12.100000381469727,636800,0,0.0
2002-03-26,12.194999694824219,12.5,12.114999771118164,12.399999618530273,421000,0,0.0
2002-03-27,12.399999618530273,12.880000114440918,12.300000190734863,12.600000381469727,348800,0,0.0
2002-03-28,12.524999618530273,12.78499984741211,12.414999961853027,12.449999809265137,502200,0,0.0
2002-04-01,12.569999694824219,13.550000190734863,12.479999542236328,13.1899995803833,491400,0,0.0
2002-04-02,13.1899995803833,13.699999809265137,13.069999694824219,13.385000228881836,420600,0,0.0
2002-04-03,13.345000267028809,13.350000381469727,12.75,12.850000381469727,181200,0,0.0
2002-04-04,12.649999618530273,12.800000190734863,12.475000381469727,12.569999694824219,588800,0,0.0
2002-04-05,12.505000114440918,12.680000305175781,12.5,12.5600004196167,284000,0,0.0
2002-04-08,12.699999809265137,12.949999809265137,12.484999656677246,12.640000343322754,330800,0,0.0
2002-04-09,12.515000343322754,12.699999809265137,12.5,12.625,187400,0,0.0
2002-04-10,12.600000381469727,13.069999694824219,12.600000381469727,12.875,299000,0,0.0
2002-04-11,12.899999618530273,13.100000381469727,12.625,12.625,146800,0,0.0
2002-04-12,12.555000305175781,12.75,12.555000305175781,12.670000076293945,1572400,0,0.0
2002-04-15,12.774999618530273,13.125,12.699999809265137,12.704999923706055,337000,0,0.0
2002-04-16,12.729999542236328,12.930000305175781,12.710000038146973,12.904999732971191,1663400,0,0.0
2002-04-17,12.904999732971191,13.404999732971191,12.850000381469727,13.09000015258789,996000,0,0.0
2002-04-18,13.260000228881836,13.449999809265137,13.050000190734863,13.28499984741211,720400,0,0.0
2002-04-19,13.300000190734863,13.4399995803833,13.029999732971191,13.324999809265137,264600,0,0.0
2002-04-22,13.25,13.454999923706055,13.024999618530273,13.454999923706055,286600,0,0.0
2002-04-23,13.444999694824219,13.449999809265137,13.104999542236328,13.25,384600,0,0.0
2002-04-24,13.244999885559082,13.274999618530273,13.029999732971191,13.239999771118164,388600,0,0.0
2002-04-25,13.024999618530273,13.350000381469727,13.024999618530273,13.130000114440918,372400,0,0.0
2002-04-26,13.055000305175781,13.25,13.0,13.180000305175781,334400,0,0.0
2002-04-29,13.225000381469727,13.300000190734863,13.024999618530273,13.244999885559082,187200,0,0.0
2002-04-30,13.244999885559082,13.274999618530273,12.899999618530273,12.949999809265137,435200,0,0.0
2002-05-01,12.979999542236328,13.270000457763672,12.774999618530273,13.170000076293945,581600,0,0.0
2002-05-02,13.074999809265137,13.300000190734863,12.949999809265137,13.279999732971191,179800,0,0.0
2002-05-03,13.100000381469727,13.970000267028809,13.074999809265137,13.609999656677246,1070800,0,0.0
2002-05-06,13.600000381469727,13.75,12.585000038146973,12.614999771118164,1117200,0,0.0
2002-05-07,12.619999885559082,13.0,12.5649995803833,12.949999809265137,429400,0,0.0
2002-05-08,12.975000381469727,13.399999618530273,12.800000190734863,12.984999656677246,1308000,0,0.0
2002-05-09,13.050000190734863,13.050000190734863,12.46500015258789,12.46500015258789,194000,0,0.0
2002-05-10,12.460000038146973,12.8100004196167,12.1899995803833,12.539999961853027,423000,0,0.0
2002-05-13,12.574999809265137,12.899999618530273,12.295000076293945,12.845000267028809,232800,0,0.0
2002-05-14,12.824999809265137,12.989999771118164,12.479999542236328,12.864999771118164,260800,0,0.0
2002-05-15,12.864999771118164,12.864999771118164,12.045000076293945,12.220000267028809,473000,0,0.0
2002-05-16,12.324999809265137,12.494999885559082,12.140000343322754,12.430000305175781,143600,0,0.0
2002-05-17,12.425000190734863,12.425000190734863,11.694999694824219,11.835000038146973,542400,0,0.0
2002-05-20,11.78499984741211,11.975000381469727,11.649999618530273,11.890000343322754,250000,0,0.0
2002-05-21,11.845000267028809,11.90999984741211,11.404999732971191,11.579999923706055,595600,0,0.0
2002-05-22,11.649999618530273,12.279999732971191,11.649999618530273,12.234999656677246,4902200,0,0.0
2002-05-23,12.244999885559082,12.335000038146973,11.75,12.135000228881836,1200200,0,0.0
2002-05-24,12.0,12.130000114440918,11.850000381469727,11.869999885559082,400600,0,0.0
2002-05-28,11.875,12.050000190734863,11.699999809265137,11.880000114440918,762200,0,0.0
2002-05-29,11.774999618530273,11.9399995803833,11.649999618530273,11.885000228881836,681600,0,0.0
2002-05-30,11.729999542236328,11.90999984741211,11.699999809265137,11.859999656677246,585600,0,0.0
2002-05-31,11.824999809265137,12.100000381469727,11.765000343322754,12.050000190734863,524000,0,0.0
2002-06-03,11.960000038146973,11.960000038146973,11.600000381469727,11.6899995803833,915000,0,0.0
2002-06-04,11.625,11.765000343322754,11.324999809265137,11.649999618530273,1076200,0,0.0
2002-06-05,11.625,11.630000114440918,11.050000190734863,11.524999618530273,1112400,0,0.0
2002-06-06,11.430000305175781,11.875,11.425000190734863,11.489999771118164,651000,0,0.0
2002-06-07,11.489999771118164,11.975000381469727,11.324999809265137,11.9399995803833,826600,0,0.0
2002-06-10,11.8149995803833,11.949999809265137,11.454999923706055,11.53499984741211,571600,0,0.0
2002-06-11,11.574999809265137,11.574999809265137,10.850000381469727,10.944999694824219,682200,0,0.0
2002-06-12,10.944999694824219,11.265000343322754,10.850000381469727,10.850000381469727,814200,0,0.0
2002-06-13,10.824999809265137,11.024999618530273,10.75,10.880000114440918,626200,0,0.0
2002-06-14,10.875,10.949999809265137,10.494999885559082,10.880000114440918,588800,0,0.0
2002-06-17,10.800000190734863,11.100000381469727,10.800000190734863,11.09000015258789,697000,0,0.0
2002-06-18,11.050000190734863,11.175000190734863,10.949999809265137,11.074999809265137,559400,0,0.0
2002-06-19,11.0,11.364999771118164,10.975000381469727,11.09000015258789,582200,0,0.0
2002-06-20,11.050000190734863,11.354999542236328,11.050000190734863,11.100000381469727,453000,0,0.0
2002-06-21,11.229999542236328,11.329999923706055,11.0,11.229999542236328,854400,0,0.0
2002-06-24,11.270000457763672,11.475000381469727,11.015000343322754,11.289999961853027,522000,0,0.0
2002-06-25,11.375,11.59000015258789,11.175000190734863,11.270000457763672,362400,0,0.0
2002-06-26,11.125,11.404999732971191,10.800000190734863,11.300000190734863,415400,0,0.0
2002-06-27,11.319999694824219,11.595000267028809,11.149999618530273,11.329999923706055,705800,0,0.0
2002-06-28,11.265000343322754,11.5,10.949999809265137,11.0,1166800,0,0.0
2002-07-01,11.024999618530273,11.375,10.90999984741211,10.925000190734863,543600,0,0.0
2002-07-02,10.925000190734863,11.045000076293945,10.420000076293945,10.505000114440918,429600,0,0.0
2002-07-03,10.5,10.770000457763672,10.25,10.755000114440918,337200,0,0.0
2002-07-05,10.649999618530273,11.0649995803833,10.649999618530273,10.949999809265137,174400,0,0.0
2002-07-08,10.904999732971191,11.005000114440918,10.630000114440918,10.649999618530273,313800,0,0.0
2002-07-09,10.725000381469727,10.824999809265137,10.46500015258789,10.6899995803833,289200,0,0.0
2002-07-10,10.725000381469727,10.84000015258789,10.274999618530273,10.345000267028809,353200,0,0.0
2002-07-11,10.300000190734863,10.300000190734863,9.574999809265137,9.914999961853027,276600,0,0.0
2002-07-12,9.899999618530273,10.244999885559082,9.630000114440918,9.675000190734863,276800,0,0.0
2002-07-15,9.625,9.795000076293945,9.079999923706055,9.555000305175781,323400,0,0.0
2002-07-16,9.524999618530273,9.895000457763672,9.204999923706055,9.6850004196167,256800,0,0.0
2002-07-17,9.654999732971191,9.890000343322754,9.21500015258789,9.279999732971191,460000,0,0.0
2002-07-18,9.425000190734863,9.614999771118164,9.350000381469727,9.505000114440918,702600,0,0.0
2002-07-19,10.369999885559082,10.369999885559082,9.324999809265137,9.4350004196167,464800,0,0.0
2002-07-22,9.449999809265137,9.6850004196167,8.75,8.75,562600,0,0.0
2002-07-23,8.649999618530273,9.145000457763672,8.1899995803833,8.5,484800,0,0.0
2002-07-24,8.475000381469727,9.244999885559082,8.0,9.225000381469727,597600,0,0.0
2002-07-25,9.225000381469727,9.744999885559082,9.125,9.649999618530273,1115400,0,0.0
2002-07-26,9.529999732971191,9.720000267028809,9.149999618530273,9.574999809265137,636200,0,0.0
2002-07-29,9.5,10.449999809265137,9.5,10.350000381469727,579000,0,0.0
2002-07-30,10.305000305175781,10.350000381469727,9.829999923706055,10.0600004196167,767400,0,0.0
2002-07-31,10.050000190734863,10.050000190734863,9.574999809265137,9.59000015258789,389800,0,0.0
2002-08-01,9.550000190734863,9.574999809265137,9.130000114440918,9.319999694824219,400000,0,0.0
2002-08-02,8.744999885559082,8.850000381469727,7.980000019073486,8.024999618530273,2081600,0,0.0
2002-08-05,8.005000114440918,8.265000343322754,7.619999885559082,7.679999828338623,437800,0,0.0
2002-08-06,7.684999942779541,8.1899995803833,7.684999942779541,8.1850004196167,642000,0,0.0
2002-08-07,8.3149995803833,8.369999885559082,7.84499979019165,7.994999885559082,379200,0,0.0
2002-08-08,8.149999618530273,8.350000381469727,7.869999885559082,8.335000038146973,716200,0,0.0
2002-08-09,8.305000305175781,8.680000305175781,8.104999542236328,8.555000305175781,633000,0,0.0
2002-08-12,8.5600004196167,8.8100004196167,8.359999656677246,8.6899995803833,536200,0,0.0
2002-08-13,8.904999732971191,8.904999732971191,8.569999694824219,8.569999694824219,357600,0,0.0
2002-08-14,8.850000381469727,8.850000381469727,8.5,8.670000076293945,449400,0,0.0
2002-08-15,9.149999618530273,9.875,9.100000381469727,9.635000228881836,1072600,0,0.0
2002-08-16,9.539999961853027,9.930000305175781,9.449999809265137,9.765000343322754,519800,0,0.0
2002-08-19,9.9399995803833,9.9399995803833,9.529999732971191,9.75,493200,0,0.0
2002-08-20,9.854999542236328,9.885000228881836,9.125,9.350000381469727,530800,0,0.0
2002-08-21,9.350000381469727,9.765000343322754,9.175000190734863,9.765000343322754,333800,0,0.0
2002-08-22,9.75,10.145000457763672,9.5649995803833,10.104999542236328,284000,0,0.0
2002-08-23,10.175000190734863,10.175000190734863,9.90999984741211,9.954999923706055,493600,0,0.0
2002-08-26,9.725000381469727,10.359999656677246,9.725000381469727,10.305000305175781,255600,0,0.0
2002-08-27,10.0,10.295000076293945,9.694999694824219,9.694999694824219,344400,0,0.0
2002-08-28,9.699999809265137,9.824999809265137,9.109999656677246,9.244999885559082,819600,0,0.0
2002-08-29,9.324999809265137,9.324999809265137,9.024999618530273,9.244999885559082,437600,0,0.0
2002-08-30,9.25,9.574999809265137,9.21500015258789,9.324999809265137,389000,0,0.0
2002-09-03,9.255000114440918,9.510000228881836,8.704999923706055,9.449999809265137,716600,0,0.0
2002-09-04,9.53499984741211,9.920000076293945,9.345000267028809,9.920000076293945,685600,0,0.0
2002-09-05,9.949999809265137,10.03499984741211,9.619999885559082,9.975000381469727,601600,0,0.0
2002-09-06,10.0,10.170000076293945,9.930000305175781,10.085000038146973,524800,0,0.0
2002-09-09,9.779999732971191,10.194999694824219,9.774999618530273,10.135000228881836,284600,0,0.0
2002-09-10,10.085000038146973,10.640000343322754,10.085000038146973,10.505000114440918,389200,0,0.0
2002-09-11,10.244999885559082,10.704999923706055,10.244999885559082,10.539999961853027,208200,0,0.0
2002-09-12,10.380000114440918,10.630000114440918,10.375,10.4399995803833,408600,0,0.0
2002-09-13,10.425000190734863,10.694999694824219,10.329999923706055,10.630000114440918,396600,0,0.0
2002-09-16,10.664999961853027,10.680000305175781,10.5,10.5,143800,0,0.0
2002-09-17,10.479999542236328,10.5,10.175000190734863,10.220000267028809,241400,0,0.0
2002-09-18,10.149999618530273,10.335000038146973,9.9399995803833,10.055000305175781,317400,0,0.0
2002-09-19,10.055000305175781,10.15999984741211,10.0,10.0,377400,0,0.0
2002-09-20,10.25,10.25,10.0,10.119999885559082,634600,0,0.0
2002-09-23,9.949999809265137,10.404999732971191,9.949999809265137,10.175000190734863,250800,0,0.0
2002-09-24,10.300000190734863,10.300000190734863,9.734999656677246,9.859999656677246,401400,0,0.0
2002-09-25,9.729999542236328,10.244999885559082,9.729999542236328,10.199999809265137,527800,0,0.0
2002-09-26,10.25,10.46500015258789,10.15999984741211,10.1899995803833,916000,0,0.0
2002-09-27,10.225000381469727,10.300000190734863,9.899999618530273,9.899999618530273,688800,0,0.0
2002-09-30,9.930000305175781,10.265000343322754,9.680000305175781,10.079999923706055,507200,0,0.0
2002-10-01,10.015000343322754,10.4350004196167,9.875,10.399999618530273,431200,0,0.0
2002-10-02,10.395000457763672,10.949999809265137,9.350000381469727,10.104999542236328,1467000,0,0.0
2002-10-03,10.029999732971191,10.649999618530273,9.8149995803833,10.640000343322754,911400,0,0.0
2002-10-04,10.645000457763672,10.899999618530273,10.369999885559082,10.845000267028809,518800,0,0.0
2002-10-07,10.850000381469727,11.024999618530273,10.180000305175781,10.319999694824219,542400,0,0.0
2002-10-08,10.574999809265137,10.670000076293945,10.300000190734863,10.670000076293945,402600,0,0.0
2002-10-09,10.524999618530273,10.600000381469727,9.979999542236328,10.140000343322754,397400,0,0.0
2002-10-10,10.0649995803833,10.300000190734863,9.850000381469727,10.0,758400,0,0.0
2002-10-11,10.0,10.399999618530273,10.0,10.319999694824219,471600,0,0.0
2002-10-14,10.300000190734863,10.6899995803833,10.220000267028809,10.619999885559082,333800,0,0.0
2002-10-15,10.649999618530273,11.430000305175781,10.649999618530273,11.274999618530273,689800,0,0.0
2002-10-16,11.225000381469727,11.329999923706055,10.925000190734863,11.25,543400,0,0.0
2002-10-17,11.265000343322754,11.600000381469727,11.149999618530273,11.5600004196167,544000,0,0.0
2002-10-18,11.595000267028809,11.604999542236328,11.265000343322754,11.425000190734863,433800,0,0.0
2002-10-21,11.319999694824219,11.550000190734863,11.25,11.520000457763672,450000,0,0.0
2002-10-22,11.529999732971191,11.555000305175781,10.925000190734863,11.100000381469727,391200,0,0.0
2002-10-23,11.055000305175781,11.300000190734863,11.039999961853027,11.274999618530273,492800,0,0.0
2002-10-24,11.300000190734863,11.350000381469727,11.029999732971191,11.029999732971191,477400,0,0.0
2002-10-25,11.005000114440918,11.09000015258789,10.720000267028809,10.859999656677246,355800,0,0.0
2002-10-28,10.949999809265137,11.109999656677246,10.6850004196167,10.864999771118164,486200,0,0.0
2002-10-29,10.75,10.914999961853027,10.5,10.805000305175781,344000,0,0.0
2002-10-30,10.774999618530273,11.050000190734863,10.774999618530273,11.045000076293945,559800,0,0.0
2002-10-31,11.074999809265137,11.350000381469727,10.984999656677246,10.984999656677246,391200,0,0.0
2002-11-01,10.954999923706055,11.675000190734863,10.664999961853027,11.675000190734863,417800,0,0.0
2002-11-04,11.510000228881836,11.75,11.404999732971191,11.4399995803833,567600,0,0.0
2002-11-05,11.414999961853027,11.649999618530273,11.154999732971191,11.305000305175781,337600,0,0.0
2002-11-06,11.3100004196167,11.399999618530273,11.100000381469727,11.399999618530273,678000,0,0.0
2002-11-07,11.354999542236328,11.375,10.795000076293945,10.795000076293945,308600,0,0.0
2002-11-08,10.789999961853027,10.895000457763672,10.6899995803833,10.744999885559082,216600,0,0.0
2002-11-11,10.729999542236328,10.829999923706055,10.444999694824219,10.604999542236328,299400,0,0.0
2002-11-12,10.640000343322754,10.640000343322754,10.300000190734863,10.444999694824219,373000,0,0.0
2002-11-13,10.430000305175781,10.479999542236328,9.90999984741211,10.045000076293945,524600,0,0.0
2002-11-14,10.050000190734863,10.420000076293945,9.9350004196167,10.255000114440918,438800,0,0.0
2002-11-15,10.25,10.25,10.0,10.010000228881836,486600,0,0.0
2002-11-18,10.024999618530273,10.1899995803833,9.989999771118164,10.0600004196167,334600,0,0.0
2002-11-19,10.050000190734863,10.345000267028809,10.0,10.234999656677246,293000,0,0.0
2002-11-20,10.329999923706055,10.604999542236328,10.25,10.600000381469727,584600,0,0.0
2002-11-21,10.619999885559082,10.699999809265137,10.5,10.574999809265137,314000,0,0.0
2002-11-22,11.414999961853027,11.470000267028809,10.78499984741211,11.1850004196167,1501000,0,0.0
2002-11-25,11.305000305175781,11.449999809265137,11.25,11.375,839800,0,0.0
2002-11-26,11.260000228881836,11.545000076293945,11.119999885559082,11.25,920600,0,0.0
2002-11-27,11.324999809265137,11.595000267028809,11.0,11.555000305175781,548000,0,0.0
2002-11-29,11.600000381469727,11.78499984741211,11.529999732971191,11.555000305175781,450600,0,0.0
2002-12-02,11.510000228881836,12.020000457763672,11.510000228881836,12.0,452600,0,0.0
2002-12-03,12.0,12.449999809265137,11.6850004196167,12.399999618530273,965200,0,0.0
2002-12-04,12.300000190734863,12.369999885559082,11.904999732971191,12.324999809265137,747400,0,0.0
2002-12-05,12.229999542236328,12.395000457763672,11.979999542236328,12.289999961853027,967200,0,0.0
2002-12-06,12.289999961853027,12.65999984741211,12.104999542236328,12.5,617400,0,0.0
2002-12-09,12.5,12.664999961853027,11.920000076293945,11.920000076293945,773600,0,0.0
2002-12-10,11.975000381469727,12.25,11.875,12.220000267028809,667400,0,0.0
2002-12-11,12.125,12.244999885559082,11.920000076293945,12.234999656677246,301800,0,0.0
2002-12-12,12.140000343322754,12.854999542236328,12.140000343322754,12.600000381469727,445800,0,0.0
2002-12-13,12.779999732971191,12.779999732971191,12.449999809265137,12.5649995803833,562600,0,0.0
2002-12-16,12.614999771118164,12.75,12.484999656677246,12.510000228881836,811400,0,0.0
2002-12-17,12.475000381469727,12.539999961853027,12.375,12.420000076293945,658600,0,0.0
2002-12-18,12.390000343322754,12.449999809265137,11.795000076293945,11.8100004196167,681400,0,0.0
2002-12-19,11.789999961853027,12.020000457763672,11.579999923706055,11.699999809265137,668600,0,0.0
2002-12-20,11.970000267028809,12.154999732971191,11.614999771118164,12.074999809265137,689200,0,0.0
2002-12-23,12.005000114440918,12.210000038146973,11.774999618530273,12.119999885559082,513400,0,0.0
2002-12-24,12.079999923706055,12.140000343322754,11.859999656677246,11.904999732971191,382400,0,0.0
2002-12-26,11.8149995803833,12.109999656677246,11.805000305175781,11.899999618530273,558400,0,0.0
2002-12-27,12.0,12.0,11.444999694824219,11.5600004196167,342000,0,0.0
2002-12-30,11.479999542236328,11.734999656677246,11.40999984741211,11.5,952000,0,0.0
2002-12-31,11.5,11.925000190734863,11.444999694824219,11.75,674800,0,0.0
2003-01-02,11.774999618530273,12.295000076293945,11.635000228881836,12.229999542236328,684200,0,0.0
2003-01-03,12.204999923706055,12.239999771118164,12.03499984741211,12.1899995803833,557400,0,0.0
2003-01-06,12.149999618530273,12.170000076293945,11.78499984741211,11.845000267028809,495200,0,0.0
2003-01-07,11.805000305175781,11.845000267028809,10.850000381469727,10.925000190734863,759400,0,0.0
2003-01-08,10.975000381469727,11.130000114440918,10.8149995803833,11.039999961853027,636600,0,0.0
2003-01-09,11.039999961853027,11.28499984741211,10.989999771118164,11.194999694824219,650800,0,0.0
2003-01-10,11.180000305175781,11.305000305175781,11.0600004196167,11.1899995803833,532600,0,0.0
2003-01-13,11.199999809265137,11.199999809265137,10.954999923706055,11.024999618530273,1123400,0,0.0
2003-01-14,11.015000343322754,11.164999961853027,10.789999961853027,10.875,728400,0,0.0
2003-01-15,10.850000381469727,11.050000190734863,10.835000038146973,10.975000381469727,520600,0,0.0
2003-01-16,10.949999809265137,11.25,10.899999618530273,11.25,569600,0,0.0
2003-01-17,11.229999542236328,11.25,10.725000381469727,10.765000343322754,1350000,0,0.0
2003-01-21,10.765000343322754,10.800000190734863,10.505000114440918,10.704999923706055,543800,0,0.0
2003-01-22,10.699999809265137,10.920000076293945,10.454999923706055,10.755000114440918,524000,0,0.0
2003-01-23,10.789999961853027,11.3100004196167,10.6850004196167,11.204999923706055,913000,0,0.0
2003-01-24,11.164999961853027,11.229999542236328,10.9350004196167,11.074999809265137,634800,0,0.0
2003-01-27,11.020000457763672,11.119999885559082,10.520000457763672,10.635000228881836,594000,0,0.0
2003-01-28,10.649999618530273,10.975000381469727,10.635000228881836,10.779999732971191,424000,0,0.0
2003-01-29,10.75,11.055000305175781,10.604999542236328,10.9399995803833,450000,0,0.0
2003-01-30,10.984999656677246,11.295000076293945,10.795000076293945,10.805000305175781,566400,0,0.0
2003-01-31,10.78499984741211,10.949999809265137,10.550000190734863,10.654999732971191,1443000,0,0.0
2003-02-03,10.704999923706055,10.760000228881836,10.505000114440918,10.604999542236328,708800,0,0.0
2003-02-04,10.604999542236328,11.0649995803833,10.354999542236328,11.024999618530273,914000,0,0.0
2003-02-05,10.984999656677246,11.130000114440918,10.625,10.704999923706055,540800,0,0.0
2003-02-06,10.675000190734863,10.850000381469727,10.545000076293945,10.755000114440918,312400,0,0.0
2003-02-07,10.845000267028809,10.850000381469727,10.449999809265137,10.53499984741211,716000,0,0.0
2003-02-10,8.670000076293945,9.430000305175781,8.345000267028809,9.125,8189000,0,0.0
2003-02-11,9.149999618530273,9.350000381469727,9.0,9.069999694824219,1478600,0,0.0
2003-02-12,9.0649995803833,9.180000305175781,8.984999656677246,9.085000038146973,2164400,0,0.0
2003-02-13,9.149999618530273,9.199999809265137,8.824999809265137,8.854999542236328,1361000,0,0.0
2003-02-14,8.824999809265137,8.895000457763672,8.550000190734863,8.569999694824219,1542200,0,0.0
2003-02-18,8.515000343322754,8.550000190734863,8.260000228881836,8.494999885559082,3165200,0,0.0
2003-02-19,8.630000114440918,8.774999618530273,8.550000190734863,8.699999809265137,1672600,0,0.0
2003-02-20,8.774999618530273,8.944999694824219,8.550000190734863,8.75,712400,0,0.0
2003-02-21,8.675000190734863,9.220000267028809,8.675000190734863,9.079999923706055,717800,0,0.0
2003-02-24,8.975000381469727,9.4399995803833,8.975000381469727,9.324999809265137,641800,0,0.0
2003-02-25,9.244999885559082,9.524999618530273,9.175000190734863,9.449999809265137,1417000,0,0.0
2003-02-26,9.475000381469727,9.90999984741211,9.350000381469727,9.649999618530273,1304400,0,0.0
2003-02-27,9.75,9.75,9.279999732971191,9.329999923706055,1289400,0,0.0
2003-02-28,9.329999923706055,9.524999618530273,9.180000305175781,9.335000038146973,625800,0,0.0
2003-03-03,9.395000457763672,9.40999984741211,9.210000038146973,9.300000190734863,335800,0,0.0
2003-03-04,9.300000190734863,9.345000267028809,9.164999961853027,9.274999618530273,565800,0,0.0
2003-03-05,9.279999732971191,9.324999809265137,9.104999542236328,9.149999618530273,452200,0,0.0
2003-03-06,9.149999618530273,9.449999809265137,9.100000381469727,9.449999809265137,711400,0,0.0
2003-03-07,9.71500015258789,9.75,9.369999885559082,9.4399995803833,1407600,0,0.0
2003-03-10,9.414999961853027,9.479999542236328,9.15999984741211,9.170000076293945,521600,0,0.0
2003-03-11,9.1850004196167,9.395000457763672,9.03499984741211,9.069999694824219,805800,0,0.0
2003-03-12,9.0649995803833,9.0649995803833,8.770000457763672,8.984999656677246,938200,0,0.0
2003-03-13,8.850000381469727,9.100000381469727,8.850000381469727,9.095000267028809,412800,0,0.0
2003-03-14,9.095000267028809,9.100000381469727,8.869999885559082,9.050000190734863,291600,0,0.0
2003-03-17,9.010000228881836,9.324999809265137,9.010000228881836,9.319999694824219,1297400,0,0.0
2003-03-18,9.234999656677246,9.545000076293945,9.085000038146973,9.545000076293945,863800,0,0.0
2003-03-19,9.604999542236328,9.619999885559082,9.1899995803833,9.425000190734863,573000,0,0.0
2003-03-20,9.375,9.635000228881836,9.289999961853027,9.5600004196167,662200,0,0.0
2003-03-21,9.739999771118164,9.829999923706055,9.145000457763672,9.199999809265137,781600,0,0.0
2003-03-24,9.145000457763672,9.239999771118164,8.829999923706055,8.989999771118164,657400,0,0.0
2003-03-25,9.0,9.180000305175781,8.9350004196167,8.979999542236328,579400,0,0.0
2003-03-26,9.010000228881836,9.074999809265137,8.875,8.890000343322754,366400,0,0.0
2003-03-27,8.875,9.074999809265137,8.694999694824219,9.069999694824219,597200,0,0.0
2003-03-28,9.015000343322754,9.180000305175781,9.0,9.104999542236328,458600,0,0.0
2003-03-31,9.074999809265137,9.114999771118164,8.895000457763672,9.005000114440918,472800,0,0.0
2003-04-01,9.024999618530273,9.194999694824219,8.96500015258789,9.135000228881836,326600,0,0.0
2003-04-02,9.15999984741211,9.175000190734863,9.03499984741211,9.135000228881836,564400,0,0.0
2003-04-03,9.100000381469727,9.119999885559082,8.800000190734863,8.800000190734863,585800,0,0.0
2003-04-04,8.875,8.949999809265137,8.71500015258789,8.725000381469727,542200,0,0.0
2003-04-07,8.854999542236328,8.854999542236328,8.6899995803833,8.694999694824219,612000,0,0.0
2003-04-08,8.694999694824219,8.800000190734863,8.550000190734863,8.574999809265137,638600,0,0.0
2003-04-09,8.630000114440918,8.680000305175781,8.579999923706055,8.630000114440918,612400,0,0.0
2003-04-10,8.710000038146973,8.8100004196167,8.579999923706055,8.6899995803833,1489600,0,0.0
2003-04-11,8.65999984741211,8.680000305175781,8.484999656677246,8.5,703000,0,0.0
2003-04-14,8.475000381469727,8.53499984741211,8.399999618530273,8.475000381469727,585800,0,0.0
2003-04-15,8.5,8.5,8.180000305175781,8.295000076293945,1070800,0,0.0
2003-04-16,8.25,8.380000114440918,7.974999904632568,7.994999885559082,1135000,0,0.0
2003-04-17,8.114999771118164,8.170000076293945,7.925000190734863,7.994999885559082,1569200,0,0.0
2003-04-21,8.0,8.050000190734863,7.980000019073486,7.994999885559082,842200,0,0.0
2003-04-22,8.024999618530273,8.300000190734863,7.96999979019165,8.15999984741211,735000,0,0.0
2003-04-23,8.21500015258789,8.765000343322754,8.125,8.369999885559082,772800,0,0.0
2003-04-24,8.3149995803833,8.454999923706055,8.270000457763672,8.324999809265137,457400,0,0.0
2003-04-25,8.324999809265137,8.324999809265137,8.1899995803833,8.199999809265137,242000,0,0.0
2003-04-28,8.225000381469727,8.274999618530273,8.055000305175781,8.25,452200,0,0.0
2003-04-29,8.324999809265137,8.359999656677246,7.940000057220459,7.974999904632568,602800,0,0.0
2003-04-30,8.104999542236328,8.204999923706055,7.824999809265137,8.005000114440918,1243000,0,0.0
2003-05-01,8.125,8.510000228881836,8.095000267028809,8.454999923706055,1102000,0,0.0
2003-05-02,8.725000381469727,8.954999923706055,8.574999809265137,8.925000190734863,1913800,0,0.0
2003-05-05,9.0,9.494999885559082,8.994999885559082,9.28499984741211,1622200,0,0.0
2003-05-06,9.335000038146973,9.6850004196167,9.239999771118164,9.569999694824219,834400,0,0.0
2003-05-07,9.505000114440918,9.875,9.444999694824219,9.760000228881836,701200,0,0.0
2003-05-08,9.649999618530273,9.9399995803833,9.649999618530273,9.914999961853027,518000,0,0.0
2003-05-09,9.944999694824219,10.199999809265137,9.760000228881836,10.15999984741211,624400,0,0.0
2003-05-12,10.149999618530273,10.28499984741211,10.045000076293945,10.220000267028809,469000,0,0.0
2003-05-13,10.21500015258789,10.265000343322754,10.109999656677246,10.25,510400,0,0.0
2003-05-14,10.1899995803833,10.699999809265137,10.1899995803833,10.619999885559082,853200,0,0.0
2003-05-15,10.524999618530273,10.6899995803833,10.5,10.600000381469727,487200,0,0.0
2003-05-16,10.454999923706055,10.600000381469727,10.135000228881836,10.135000228881836,593600,0,0.0
2003-05-19,10.244999885559082,10.354999542236328,10.050000190734863,10.09000015258789,682400,0,0.0
2003-05-20,10.149999618530273,10.180000305175781,10.045000076293945,10.100000381469727,727200,0,0.0
2003-05-21,10.104999542236328,10.869999885559082,10.104999542236328,10.824999809265137,983800,0,0.0
2003-05-22,10.720000267028809,10.954999923706055,10.71500015258789,10.9399995803833,813200,0,0.0
2003-05-23,10.920000076293945,11.005000114440918,10.84000015258789,10.90999984741211,402800,0,0.0
2003-05-27,10.904999732971191,11.260000228881836,10.869999885559082,11.180000305175781,411600,0,0.0
2003-05-28,11.180000305175781,11.239999771118164,11.039999961853027,11.119999885559082,585800,0,0.0
2003-05-29,11.100000381469727,11.244999885559082,10.800000190734863,10.960000038146973,803600,0,0.0
2003-05-30,10.845000267028809,11.164999961853027,10.845000267028809,11.114999771118164,786600,0,0.0
2003-06-02,11.295000076293945,11.364999771118164,11.199999809265137,11.305000305175781,604400,0,0.0
2003-06-03,11.329999923706055,11.380000114440918,11.074999809265137,11.114999771118164,567600,0,0.0
2003-06-04,11.125,11.350000381469727,11.109999656677246,11.199999809265137,303800,0,0.0
2003-06-05,11.21500015258789,11.399999618530273,11.0,11.399999618530273,325200,0,0.0
2003-06-06,11.399999618530273,11.399999618530273,10.25,10.75,6034800,0,0.0
2003-06-09,10.75,10.90999984741211,10.664999961853027,10.885000228881836,1208000,0,0.0
2003-06-10,10.914999961853027,11.210000038146973,10.875,11.204999923706055,1002800,0,0.0
2003-06-11,11.274999618530273,11.595000267028809,11.149999618530273,11.595000267028809,798600,0,0.0
2003-06-12,11.524999618530273,11.694999694824219,11.3149995803833,11.505000114440918,688200,0,0.0
2003-06-13,11.484999656677246,11.489999771118164,11.039999961853027,11.140000343322754,489800,0,0.0
2003-06-16,11.020000457763672,11.125,10.520000457763672,10.675000190734863,1344200,0,0.0
2003-06-17,10.800000190734863,10.800000190734863,10.595000267028809,10.649999618530273,1313400,0,0.0
2003-06-18,10.649999618530273,10.899999618530273,10.609999656677246,10.75,523800,0,0.0
2003-06-19,10.755000114440918,11.015000343322754,10.699999809265137,10.930000305175781,446600,0,0.0
2003-06-20,11.005000114440918,11.029999732971191,10.779999732971191,10.819999694824219,634800,0,0.0
2003-06-23,10.824999809265137,10.920000076293945,10.5,10.625,1038200,0,0.0
2003-06-24,10.574999809265137,10.779999732971191,10.574999809265137,10.65999984741211,403000,0,0.0
2003-06-25,10.625,10.920000076293945,10.574999809265137,10.579999923706055,875600,0,0.0
2003-06-26,10.725000381469727,10.835000038146973,10.569999694824219,10.609999656677246,325800,0,0.0
2003-06-27,10.555000305175781,10.875,10.555000305175781,10.664999961853027,646200,0,0.0
2003-06-30,10.770000457763672,11.074999809265137,10.635000228881836,10.890000343322754,1064600,0,0.0
2003-07-01,10.875,11.050000190734863,10.725000381469727,10.930000305175781,917800,0,0.0
2003-07-02,10.975000381469727,11.234999656677246,10.895000457763672,11.164999961853027,471400,0,0.0
2003-07-03,11.154999732971191,11.364999771118164,11.109999656677246,11.199999809265137,336200,0,0.0
2003-07-07,11.319999694824219,11.359999656677246,11.015000343322754,11.175000190734863,950200,0,0.0
2003-07-08,11.119999885559082,11.529999732971191,11.050000190734863,11.255000114440918,1672200,0,0.0
2003-07-09,11.404999732971191,11.470000267028809,11.289999961853027,11.369999885559082,500000,0,0.0
2003-07-10,11.385000228881836,11.390000343322754,11.005000114440918,11.029999732971191,617400,0,0.0
2003-07-11,11.055000305175781,11.074999809265137,10.914999961853027,10.994999885559082,937800,0,0.0
2003-07-14,11.0,11.100000381469727,10.779999732971191,10.845000267028809,369800,0,0.0
2003-07-15,10.899999618530273,11.005000114440918,10.8100004196167,10.845000267028809,701000,0,0.0
2003-07-16,10.845000267028809,10.859999656677246,10.470000267028809,10.5649995803833,937000,0,0.0
2003-07-17,10.524999618530273,10.729999542236328,10.425000190734863,10.555000305175781,986200,0,0.0
2003-07-18,10.555000305175781,10.9399995803833,10.555000305175781,10.904999732971191,1253200,0,0.0
2003-07-21,10.949999809265137,11.0,10.649999618530273,10.694999694824219,309400,0,0.0
2003-07-22,10.680000305175781,10.71500015258789,10.520000457763672,10.524999618530273,613600,0,0.0
2003-07-23,10.5600004196167,10.6850004196167,10.3100004196167,10.5,577400,0,0.0
2003-07-24,10.550000190734863,10.725000381469727,10.430000305175781,10.479999542236328,450800,0,0.0
2003-07-25,10.425000190734863,10.515000343322754,10.274999618530273,10.34000015258789,732600,0,0.0
2003-07-28,10.265000343322754,10.399999618530273,10.1899995803833,10.300000190734863,726600,0,0.0
2003-07-29,10.274999618530273,10.305000305175781,9.960000038146973,10.0,1585400,0,0.0
2003-07-30,10.039999961853027,10.039999961853027,9.875,10.0,622600,0,0.0
2003-07-31,10.0,10.050000190734863,9.800000190734863,9.925000190734863,687400,0,0.0
2003-08-01,9.5,10.005000114440918,9.260000228881836,9.944999694824219,2296200,0,0.0
2003-08-04,9.984999656677246,9.984999656677246,9.670000076293945,9.710000038146973,1497400,0,0.0
2003-08-05,9.65999984741211,9.774999618530273,9.600000381469727,9.654999732971191,787600,0,0.0
2003-08-06,9.550000190734863,9.824999809265137,9.524999618530273,9.75,827000,0,0.0
2003-08-07,9.765000343322754,10.180000305175781,9.59000015258789,10.039999961853027,924800,0,0.0
2003-08-08,10.149999618530273,10.164999961853027,9.975000381469727,10.050000190734863,307800,0,0.0
2003-08-11,10.114999771118164,10.140000343322754,9.954999923706055,10.074999809265137,436600,0,0.0
2003-08-12,10.050000190734863,10.140000343322754,10.024999618530273,10.100000381469727,483600,0,0.0
2003-08-13,10.085000038146973,10.154999732971191,10.015000343322754,10.114999771118164,380200,0,0.0
2003-08-14,10.119999885559082,10.234999656677246,9.975000381469727,10.234999656677246,654800,0,0.0
2003-08-15,10.274999618530273,10.425000190734863,10.149999618530273,10.279999732971191,338800,0,0.0
2003-08-18,10.335000038146973,10.520000457763672,10.25,10.489999771118164,1046200,0,0.0
2003-08-19,10.449999809265137,10.744999885559082,10.449999809265137,10.739999771118164,498200,0,0.0
2003-08-20,10.739999771118164,10.895000457763672,10.664999961853027,10.824999809265137,709200,0,0.0
2003-08-21,10.90999984741211,11.119999885559082,10.899999618530273,10.984999656677246,414200,0,0.0
2003-08-22,11.079999923706055,11.119999885559082,10.53499984741211,10.53499984741211,371400,0,0.0
2003-08-25,10.529999732971191,10.604999542236328,10.420000076293945,10.420000076293945,331600,0,0.0
2003-08-26,10.425000190734863,10.5649995803833,10.324999809265137,10.550000190734863,312600,0,0.0
2003-08-27,10.550000190734863,10.625,10.460000038146973,10.484999656677246,262000,0,0.0
2003-08-28,10.460000038146973,10.800000190734863,10.350000381469727,10.760000228881836,511200,0,0.0
2003-08-29,10.739999771118164,10.774999618530273,10.510000228881836,10.625,197400,0,0.0
2003-09-02,10.5600004196167,10.954999923706055,10.5,10.9350004196167,566000,0,0.0
2003-09-03,10.96500015258789,11.130000114440918,10.930000305175781,11.125,573400,0,0.0
2003-09-04,11.135000228881836,11.135000228881836,10.880000114440918,10.96500015258789,410000,0,0.0
2003-09-05,10.925000190734863,10.994999885559082,10.725000381469727,10.725000381469727,354800,0,0.0
2003-09-08,10.720000267028809,10.84000015258789,10.704999923706055,10.774999618530273,648400,0,0.0
2003-09-09,10.710000038146973,10.755000114440918,10.454999923706055,10.53499984741211,557400,0,0.0
2003-09-10,10.444999694824219,10.595000267028809,10.140000343322754,10.140000343322754,429600,0,0.0
2003-09-11,10.125,10.300000190734863,10.09000015258789,10.119999885559082,443400,0,0.0
2003-09-12,10.095000267028809,10.149999618530273,9.970000267028809,10.055000305175781,258000,0,0.0
2003-09-15,10.029999732971191,10.130000114440918,9.875,9.875,340000,0,0.0
2003-09-16,9.899999618530273,10.039999961853027,9.895000457763672,9.954999923706055,432600,0,0.0
2003-09-17,9.944999694824219,10.0,9.779999732971191,9.779999732971191,156600,0,0.0
2003-09-18,9.789999961853027,9.795000076293945,9.675000190734863,9.734999656677246,700200,0,0.0
2003-09-19,9.710000038146973,9.8149995803833,9.699999809265137,9.75,413600,0,0.0
2003-09-22,9.5,9.789999961853027,9.404999732971191,9.75,1043400,0,0.0
2003-09-23,9.774999618530273,10.095000267028809,9.75,10.029999732971191,851200,0,0.0
2003-09-24,10.029999732971191,10.324999809265137,10.029999732971191,10.319999694824219,1065200,0,0.0
2003-09-25,10.28499984741211,10.350000381469727,10.029999732971191,10.15999984741211,1031800,0,0.0
2003-09-26,10.050000190734863,10.055000305175781,9.704999923706055,9.850000381469727,638400,0,0.0
2003-09-29,9.920000076293945,9.920000076293945,9.649999618530273,9.765000343322754,676000,0,0.0
2003-09-30,9.760000228881836,9.789999961853027,9.529999732971191,9.755000114440918,820200,0,0.0
2003-10-01,9.75,10.029999732971191,9.725000381469727,9.994999885559082,820400,0,0.0
2003-10-02,9.994999885559082,10.055000305175781,9.899999618530273,10.015000343322754,271600,0,0.0
2003-10-03,10.045000076293945,10.375,10.045000076293945,10.375,468000,0,0.0
2003-10-06,10.300000190734863,10.574999809265137,10.300000190734863,10.5600004196167,772200,0,0.0
2003-10-07,10.550000190734863,10.625,10.350000381469727,10.625,572200,0,0.0
2003-10-08,10.640000343322754,10.710000038146973,10.529999732971191,10.645000457763672,667800,0,0.0
2003-10-09,10.625,10.645000457763672,10.449999809265137,10.524999618530273,518400,0,0.0
2003-10-10,10.569999694824219,10.579999923706055,10.399999618530273,10.550000190734863,387400,0,0.0
2003-10-13,10.494999885559082,10.65999984741211,10.494999885559082,10.654999732971191,660400,0,0.0
2003-10-14,10.484999656677246,10.704999923706055,10.484999656677246,10.704999923706055,466000,0,0.0
2003-10-15,10.6899995803833,10.710000038146973,10.529999732971191,10.550000190734863,590400,0,0.0
2003-10-16,10.569999694824219,10.645000457763672,10.425000190734863,10.574999809265137,306200,0,0.0
2003-10-17,10.614999771118164,10.614999771118164,10.364999771118164,10.364999771118164,219000,0,0.0
2003-10-20,10.375,10.4399995803833,10.274999618530273,10.324999809265137,179400,0,0.0
2003-10-21,10.404999732971191,10.46500015258789,10.25,10.444999694824219,255600,0,0.0
2003-10-22,10.390000343322754,10.4350004196167,10.194999694824219,10.194999694824219,249600,0,0.0
2003-10-23,10.199999809265137,10.199999809265137,10.039999961853027,10.145000457763672,407400,0,0.0
2003-10-24,10.085000038146973,10.119999885559082,10.024999618530273,10.050000190734863,218800,0,0.0
2003-10-27,10.020000457763672,10.21500015258789,10.020000457763672,10.125,250000,0,0.0
2003-10-28,10.125,10.130000114440918,10.005000114440918,10.125,211200,0,0.0
2003-10-29,10.135000228881836,10.390000343322754,10.130000114440918,10.305000305175781,306000,0,0.0
2003-10-30,10.354999542236328,10.390000343322754,10.055000305175781,10.0649995803833,428600,0,0.0
2003-10-31,10.145000457763672,10.420000076293945,10.109999656677246,10.364999771118164,309000,0,0.0
2003-11-03,10.364999771118164,10.505000114440918,10.25,10.329999923706055,848400,0,0.0
2003-11-04,10.274999618530273,10.444999694824219,9.904999732971191,10.329999923706055,894800,0,0.0
2003-11-05,10.329999923706055,10.354999542236328,10.069999694824219,10.109999656677246,475200,0,0.0
2003-11-06,10.09000015258789,10.125,9.96500015258789,10.024999618530273,338400,0,0.0
2003-11-07,10.09000015258789,10.1899995803833,10.020000457763672,10.114999771118164,248400,0,0.0
2003-11-10,10.010000228881836,10.180000305175781,9.944999694824219,10.109999656677246,588200,0,0.0
2003-11-11,10.100000381469727,10.130000114440918,9.854999542236328,9.9399995803833,325800,0,0.0
2003-11-12,9.904999732971191,10.180000305175781,9.899999618530273,10.15999984741211,209000,0,0.0
2003-11-13,10.100000381469727,10.289999961853027,10.085000038146973,10.175000190734863,443400,0,0.0
2003-11-14,10.104999542236328,10.395000457763672,10.0600004196167,10.270000457763672,491000,0,0.0
2003-11-17,10.255000114440918,10.255000114440918,10.095000267028809,10.100000381469727,431400,0,0.0
2003-11-18,10.149999618530273,10.399999618530273,10.100000381469727,10.319999694824219,540600,0,0.0
2003-11-19,10.274999618530273,10.399999618530273,10.255000114440918,10.350000381469727,786800,0,0.0
2003-11-20,10.350000381469727,10.635000228881836,10.350000381469727,10.614999771118164,704400,0,0.0
2003-11-21,10.675000190734863,10.71500015258789,10.475000381469727,10.524999618530273,798800,0,0.0
2003-11-24,10.569999694824219,10.75,10.520000457763672,10.600000381469727,684200,0,0.0
2003-11-25,10.574999809265137,10.694999694824219,10.545000076293945,10.645000457763672,527400,0,0.0
2003-11-26,10.6850004196167,10.6899995803833,10.5,10.609999656677246,336200,0,0.0
2003-11-28,10.5649995803833,10.600000381469727,10.5,10.520000457763672,99800,0,0.0
2003-12-01,10.619999885559082,10.625,10.454999923706055,10.59000015258789,504200,0,0.0
2003-12-02,10.5600004196167,10.680000305175781,10.5,10.545000076293945,1536800,0,0.0
2003-12-03,10.550000190734863,10.614999771118164,10.34000015258789,10.34000015258789,765600,0,0.0
2003-12-04,10.364999771118164,10.925000190734863,10.34000015258789,10.850000381469727,1097800,0,0.0
2003-12-05,10.885000228881836,11.140000343322754,10.770000457763672,11.109999656677246,1232200,0,0.0
2003-12-08,11.149999618530273,11.520000457763672,11.09000015258789,11.420000076293945,1081000,0,0.0
2003-12-09,11.550000190734863,11.71500015258789,11.524999618530273,11.585000038146973,1468200,0,0.0
2003-12-10,11.694999694824219,12.425000190734863,11.630000114440918,11.6850004196167,1344600,0,0.0
2003-12-11,11.755000114440918,12.100000381469727,11.739999771118164,11.90999984741211,1142200,0,0.0
2003-12-12,11.854999542236328,12.265000343322754,11.850000381469727,12.260000228881836,574400,0,0.0
2003-12-15,12.25,12.364999771118164,12.09000015258789,12.145000457763672,802600,0,0.0
2003-12-16,12.125,12.194999694824219,11.96500015258789,12.020000457763672,1239200,0,0.0
2003-12-17,12.095000267028809,12.109999656677246,11.899999618530273,12.0649995803833,764200,0,0.0
2003-12-18,12.095000267028809,12.609999656677246,11.979999542236328,12.550000190734863,575800,0,0.0
2003-12-19,12.574999809265137,12.6850004196167,12.385000228881836,12.619999885559082,1097200,0,0.0
2003-12-22,12.069999694824219,12.369999885559082,11.670000076293945,12.359999656677246,1525200,0,0.0
2003-12-23,12.244999885559082,12.350000381469727,11.899999618530273,12.024999618530273,784000,0,0.0
2003-12-24,11.885000228881836,12.09000015258789,11.880000114440918,11.930000305175781,414400,0,0.0
2003-12-26,11.954999923706055,12.020000457763672,11.904999732971191,11.994999885559082,287400,0,0.0
2003-12-29,11.984999656677246,12.319999694824219,11.960000038146973,12.3100004196167,497800,0,0.0
2003-12-30,12.194999694824219,12.600000381469727,12.194999694824219,12.375,880200,0,0.0
2003-12-31,12.335000038146973,12.375,12.055000305175781,12.0600004196167,601200,0,0.0
2004-01-02,12.039999961853027,12.34000015258789,12.039999961853027,12.229999542236328,680400,0,0.0
2004-01-05,12.1850004196167,12.449999809265137,12.170000076293945,12.359999656677246,1120200,0,0.0
2004-01-06,12.345000267028809,12.494999885559082,12.164999961853027,12.229999542236328,937600,0,0.0
2004-01-07,12.199999809265137,12.229999542236328,11.984999656677246,11.984999656677246,1339800,0,0.0
2004-01-08,11.984999656677246,12.255000114440918,11.984999656677246,12.1899995803833,824000,0,0.0
2004-01-09,12.130000114440918,12.625,12.0649995803833,12.335000038146973,839600,0,0.0
2004-01-12,12.319999694824219,12.505000114440918,12.319999694824219,12.46500015258789,405200,0,0.0
2004-01-13,12.5,12.795000076293945,12.5,12.75,747600,0,0.0
2004-01-14,12.75,12.75,12.515000343322754,12.635000228881836,811400,0,0.0
2004-01-15,12.649999618530273,12.760000228881836,12.194999694824219,12.265000343322754,386600,0,0.0
2004-01-16,12.375,12.53499984741211,12.324999809265137,12.470000267028809,699800,0,0.0
2004-01-20,12.404999732971191,12.71500015258789,12.404999732971191,12.550000190734863,1078400,0,0.0
2004-01-21,12.5,12.569999694824219,12.350000381469727,12.5,806200,0,0.0
2004-01-22,12.475000381469727,12.5,12.069999694824219,12.125,1248200,0,0.0
2004-01-23,12.1899995803833,12.399999618530273,12.095000267028809,12.395000457763672,1607200,0,0.0
2004-01-26,12.385000228881836,12.484999656677246,12.140000343322754,12.475000381469727,478600,0,0.0
2004-01-27,12.414999961853027,12.614999771118164,12.09000015258789,12.180000305175781,596200,0,0.0
2004-01-28,12.1850004196167,12.3100004196167,11.8149995803833,11.869999885559082,1197000,0,0.0
2004-01-29,11.824999809265137,12.005000114440918,11.460000038146973,11.539999961853027,1197200,0,0.0
2004-01-30,11.484999656677246,11.6899995803833,11.369999885559082,11.5,554400,0,0.0
2004-02-02,11.399999618530273,11.930000305175781,11.399999618530273,11.704999923706055,674400,0,0.0
2004-02-03,11.699999809265137,11.704999923706055,11.5,11.524999618530273,355200,0,0.0
2004-02-04,11.524999618530273,11.595000267028809,11.40999984741211,11.520000457763672,446400,0,0.0
2004-02-05,11.604999542236328,11.710000038146973,11.454999923706055,11.545000076293945,677000,0,0.0
2004-02-06,11.520000457763672,11.595000267028809,11.4350004196167,11.550000190734863,455400,0,0.0
2004-02-09,11.619999885559082,12.029999732971191,11.510000228881836,11.914999961853027,507800,0,0.0
2004-02-10,11.920000076293945,12.345000267028809,11.920000076293945,12.345000267028809,428000,0,0.0
2004-02-11,12.255000114440918,12.4399995803833,12.149999618530273,12.34000015258789,424600,0,0.0
2004-02-12,12.3100004196167,12.4399995803833,12.300000190734863,12.395000457763672,259800,0,0.0
2004-02-13,12.395000457763672,12.395000457763672,12.0649995803833,12.130000114440918,279600,0,0.0
2004-02-17,12.154999732971191,12.470000267028809,12.154999732971191,12.4350004196167,212600,0,0.0
2004-02-18,12.404999732971191,12.425000190734863,11.970000267028809,11.984999656677246,405600,0,0.0
2004-02-19,12.104999542236328,12.15999984741211,11.970000267028809,12.069999694824219,427600,0,0.0
2004-02-20,12.100000381469727,12.229999542236328,12.0,12.0,291800,0,0.0
2004-02-23,11.96500015258789,12.140000343322754,11.84000015258789,11.90999984741211,246000,0,0.0
2004-02-24,11.8149995803833,12.095000267028809,11.8149995803833,12.0,928000,0,0.0
2004-02-25,11.954999923706055,12.350000381469727,11.949999809265137,12.180000305175781,531400,0,0.0
2004-02-26,12.1899995803833,12.300000190734863,12.104999542236328,12.25,544800,0,0.0
2004-02-27,12.25,12.3100004196167,12.005000114440918,12.125,558800,0,0.0
2004-03-01,12.270000457763672,12.470000267028809,12.074999809265137,12.364999771118164,534000,0,0.0
2004-03-02,12.28499984741211,13.399999618530273,12.260000228881836,13.25,1438600,0,0.0
2004-03-03,13.404999732971191,13.550000190734863,13.154999732971191,13.345000267028809,883800,0,0.0
2004-03-04,13.274999618530273,13.5649995803833,13.225000381469727,13.555000305175781,523000,0,0.0
2004-03-05,13.414999961853027,13.805000305175781,13.399999618530273,13.744999885559082,903400,0,0.0
2004-03-08,13.78499984741211,14.0,13.645000457763672,13.649999618530273,609400,0,0.0
2004-03-09,13.630000114440918,13.725000381469727,13.350000381469727,13.375,433000,0,0.0
2004-03-10,13.34000015258789,13.34000015258789,12.845000267028809,12.850000381469727,613400,0,0.0
2004-03-11,12.8100004196167,12.8100004196167,12.369999885559082,12.425000190734863,1087400,0,0.0
2004-03-12,12.479999542236328,12.829999923706055,12.479999542236328,12.824999809265137,790800,0,0.0
2004-03-15,12.824999809265137,13.1850004196167,12.635000228881836,12.699999809265137,747400,0,0.0
2004-03-16,12.835000038146973,12.850000381469727,12.5,12.600000381469727,603800,0,0.0
2004-03-17,12.675000190734863,13.015000343322754,12.515000343322754,13.015000343322754,625400,0,0.0
2004-03-18,12.850000381469727,13.039999961853027,12.774999618530273,12.800000190734863,518000,0,0.0
2004-03-19,12.875,12.880000114440918,12.625,12.654999732971191,707800,0,0.0
2004-03-22,12.614999771118164,12.694999694824219,12.404999732971191,12.404999732971191,386800,0,0.0
2004-03-23,12.414999961853027,12.569999694824219,12.154999732971191,12.199999809265137,394800,0,0.0
2004-03-24,12.149999618530273,12.279999732971191,11.979999542236328,12.079999923706055,460800,0,0.0
2004-03-25,12.204999923706055,12.239999771118164,12.0649995803833,12.175000190734863,288200,0,0.0
2004-03-26,12.114999771118164,12.53499984741211,12.0,12.319999694824219,497600,0,0.0
2004-03-29,12.449999809265137,12.65999984741211,12.3100004196167,12.585000038146973,483200,0,0.0
2004-03-30,12.625,12.875,12.579999923706055,12.845000267028809,395200,0,0.0
2004-03-31,12.8149995803833,12.989999771118164,12.71500015258789,12.899999618530273,400800,0,0.0
2004-04-01,12.914999961853027,13.074999809265137,12.770000457763672,12.84000015258789,546800,0,0.0
2004-04-02,12.899999618530273,13.140000343322754,12.725000381469727,12.859999656677246,484800,0,0.0
2004-04-05,12.739999771118164,13.0,12.739999771118164,12.9350004196167,251000,0,0.0
2004-04-06,12.8100004196167,13.104999542236328,12.645000457763672,12.664999961853027,243600,0,0.0
2004-04-07,12.704999923706055,12.970000267028809,12.505000114440918,12.805000305175781,231200,0,0.0
2004-04-08,12.899999618530273,12.970000267028809,12.755000114440918,12.895000457763672,262200,0,0.0
2004-04-12,12.765000343322754,13.395000457763672,12.755000114440918,13.3100004196167,1211800,0,0.0
2004-04-13,13.395000457763672,13.414999961853027,13.109999656677246,13.204999923706055,805400,0,0.0
2004-04-14,13.229999542236328,13.34000015258789,13.010000228881836,13.305000305175781,757200,0,0.0
2004-04-15,13.239999771118164,13.885000228881836,13.199999809265137,13.699999809265137,1276400,0,0.0
2004-04-16,13.835000038146973,13.975000381469727,13.454999923706055,13.725000381469727,736600,0,0.0
2004-04-19,13.789999961853027,13.875,13.604999542236328,13.805000305175781,532600,0,0.0
2004-04-20,13.875,13.875,13.25,13.25,393800,0,0.0
2004-04-21,13.225000381469727,13.359999656677246,13.03499984741211,13.359999656677246,376800,0,0.0
2004-04-22,13.3100004196167,13.680000305175781,13.3100004196167,13.680000305175781,700400,0,0.0
2004-04-23,13.545000076293945,13.675000190734863,13.345000267028809,13.425000190734863,315600,0,0.0
2004-04-26,13.369999885559082,13.630000114440918,13.369999885559082,13.539999961853027,623600,0,0.0
2004-04-27,13.539999961853027,14.204999923706055,13.5,14.149999618530273,2028400,0,0.0
2004-04-28,14.180000305175781,14.21500015258789,13.829999923706055,13.854999542236328,1207000,0,0.0
2004-04-29,13.805000305175781,14.0,13.425000190734863,13.444999694824219,1879000,0,0.0
2004-04-30,13.430000305175781,13.704999923706055,13.380000114440918,13.520000457763672,839600,0,0.0
2004-05-03,13.550000190734863,14.295000076293945,13.449999809265137,14.234999656677246,1737600,0,0.0
2004-05-04,14.755000114440918,15.104999542236328,14.449999809265137,14.854999542236328,3379200,0,0.0
2004-05-05,14.739999771118164,14.869999885559082,14.125,14.699999809265137,1640400,0,0.0
2004-05-06,14.604999542236328,14.824999809265137,14.484999656677246,14.635000228881836,708400,0,0.0
2004-05-07,14.574999809265137,14.835000038146973,14.475000381469727,14.475000381469727,1449400,0,0.0
2004-05-10,14.274999618530273,14.649999618530273,13.914999961853027,13.989999771118164,1321800,0,0.0
2004-05-11,14.125,14.199999809265137,13.859999656677246,13.90999984741211,1860200,0,0.0
2004-05-12,13.904999732971191,14.125,13.739999771118164,14.09000015258789,1499200,0,0.0
2004-05-13,13.930000305175781,14.375,13.90999984741211,14.244999885559082,1016000,0,0.0
2004-05-14,14.324999809265137,14.829999923706055,14.024999618530273,14.34000015258789,888400,0,0.0
2004-05-17,14.399999618530273,14.635000228881836,14.125,14.380000114440918,1011400,0,0.0
2004-05-18,14.324999809265137,14.470000267028809,14.149999618530273,14.265000343322754,472400,0,0.0
2004-05-19,14.430000305175781,14.479999542236328,14.055000305175781,14.140000343322754,625400,0,0.0
2004-05-20,14.050000190734863,14.380000114440918,14.0,14.039999961853027,929800,0,0.0
2004-05-21,14.100000381469727,14.100000381469727,13.800000190734863,13.835000038146973,886800,0,0.0
2004-05-24,13.850000381469727,14.449999809265137,13.800000190734863,14.305000305175781,1778200,0,0.0
2004-05-25,14.414999961853027,14.8100004196167,14.289999961853027,14.729999542236328,1209000,0,0.0
2004-05-26,14.800000190734863,14.899999618530273,14.425000190734863,14.479999542236328,909800,0,0.0
2004-05-27,14.484999656677246,14.585000038146973,13.914999961853027,13.994999885559082,891600,0,0.0
2004-05-28,14.074999809265137,14.109999656677246,13.920000076293945,14.045000076293945,1231400,0,0.0
2004-06-01,14.114999771118164,14.3100004196167,14.050000190734863,14.270000457763672,800200,0,0.0
2004-06-02,14.350000381469727,14.350000381469727,14.095000267028809,14.170000076293945,923600,0,0.0
2004-06-03,14.125,14.335000038146973,13.9350004196167,14.0,800000,0,0.0
2004-06-04,13.949999809265137,14.119999885559082,13.75,13.9399995803833,987600,0,0.0
2004-06-07,13.875,14.085000038146973,13.875,13.930000305175781,863000,0,0.0
2004-06-08,13.925000190734863,14.225000381469727,13.84000015258789,13.904999732971191,1663600,0,0.0
2004-06-09,13.850000381469727,13.880000114440918,13.399999618530273,13.5649995803833,958600,0,0.0
2004-06-10,13.569999694824219,13.899999618530273,13.569999694824219,13.835000038146973,727800,0,0.0
2004-06-14,13.774999618530273,13.960000038146973,13.65999984741211,13.664999961853027,696200,0,0.0
2004-06-15,13.904999732971191,14.104999542236328,13.755000114440918,14.0,1113600,0,0.0
2004-06-16,14.149999618530273,14.880000114440918,13.9399995803833,14.699999809265137,1852400,0,0.0
2004-06-17,14.699999809265137,14.795000076293945,14.484999656677246,14.694999694824219,2113600,0,0.0
2004-06-18,14.609999656677246,15.0,14.550000190734863,14.960000038146973,2787400,0,0.0
2004-06-21,15.220000267028809,15.475000381469727,14.880000114440918,14.925000190734863,1557600,0,0.0
2004-06-22,14.914999961853027,15.149999618530273,14.75,15.149999618530273,1563000,0,0.0
2004-06-23,15.0,15.600000381469727,15.0,15.574999809265137,1294400,0,0.0
2004-06-24,15.420000076293945,15.619999885559082,15.204999923706055,15.25,536800,0,0.0
2004-06-25,15.1899995803833,15.529999732971191,15.1899995803833,15.449999809265137,612800,0,0.0
2004-06-28,15.600000381469727,15.600000381469727,14.635000228881836,14.704999923706055,1259000,0,0.0
2004-06-29,14.824999809265137,14.885000228881836,14.529999732971191,14.694999694824219,1137800,0,0.0
2004-06-30,14.824999809265137,15.220000267028809,14.574999809265137,15.15999984741211,1251400,0,0.0
2004-07-01,15.140000343322754,15.404999732971191,15.104999542236328,15.270000457763672,955600,0,0.0
2004-07-02,15.210000038146973,15.614999771118164,15.104999542236328,15.475000381469727,703400,0,0.0
2004-07-06,15.484999656677246,15.845000267028809,15.375,15.84000015258789,1498600,0,0.0
2004-07-07,15.845000267028809,15.925000190734863,15.649999618530273,15.725000381469727,1390800,0,0.0
2004-07-08,15.625,15.84000015258789,15.5,15.569999694824219,797600,0,0.0
2004-07-09,15.670000076293945,15.9399995803833,15.404999732971191,15.850000381469727,703600,0,0.0
2004-07-12,15.875,15.875,15.574999809265137,15.760000228881836,411600,0,0.0
2004-07-13,15.835000038146973,15.859999656677246,15.475000381469727,15.734999656677246,407400,0,0.0
2004-07-14,15.630000114440918,15.970000267028809,15.425000190734863,15.649999618530273,1951200,0,0.0
2004-07-15,15.71500015258789,15.8149995803833,15.550000190734863,15.645000457763672,1139600,0,0.0
2004-07-16,15.574999809265137,15.675000190734863,15.520000457763672,15.600000381469727,790800,0,0.0
2004-07-19,15.675000190734863,15.84000015258789,15.510000228881836,15.6899995803833,1020000,0,0.0
2004-07-20,15.795000076293945,15.850000381469727,15.649999618530273,15.819999694824219,858800,0,0.0
2004-07-21,15.885000228881836,16.155000686645508,15.454999923706055,15.454999923706055,978600,0,0.0
2004-07-22,15.425000190734863,15.625,15.234999656677246,15.25,670200,0,0.0
2004-07-23,15.34000015258789,15.34000015258789,14.864999771118164,14.914999961853027,1067800,0,0.0
2004-07-26,14.875,15.079999923706055,14.404999732971191,14.520000457763672,968600,0,0.0
2004-07-27,14.640000343322754,14.899999618530273,14.454999923706055,14.71500015258789,1161800,0,0.0
2004-07-28,14.670000076293945,14.970000267028809,14.510000228881836,14.800000190734863,590200,0,0.0
2004-07-29,14.970000267028809,15.4399995803833,14.899999618530273,15.350000381469727,859400,0,0.0
2004-07-30,15.354999542236328,15.600000381469727,15.324999809265137,15.5,798200,0,0.0
2004-08-02,15.460000038146973,15.475000381469727,15.024999618530273,15.145000457763672,688400,0,0.0
2004-08-03,15.079999923706055,15.59000015258789,15.079999923706055,15.545000076293945,683600,0,0.0
2004-08-04,15.479999542236328,15.569999694824219,15.020000457763672,15.100000381469727,608400,0,0.0
2004-08-05,15.510000228881836,15.649999618530273,14.765000343322754,14.925000190734863,1503800,0,0.0
2004-08-06,14.699999809265137,14.925000190734863,14.154999732971191,14.25,707000,0,0.0
2004-08-09,14.395000457763672,14.545000076293945,14.204999923706055,14.380000114440918,801000,0,0.0
2004-08-10,14.324999809265137,14.744999885559082,14.324999809265137,14.675000190734863,651400,0,0.0
2004-08-11,14.640000343322754,14.739999771118164,14.3149995803833,14.390000343322754,802200,0,0.0
2004-08-12,14.255000114440918,14.475000381469727,14.045000076293945,14.095000267028809,632400,0,0.0
2004-08-13,13.984999656677246,14.385000228881836,13.954999923706055,14.239999771118164,257000,0,0.0
2004-08-16,14.34000015258789,14.399999618530273,14.140000343322754,14.380000114440918,449400,0,0.0
2004-08-17,14.5,14.5,14.1899995803833,14.229999542236328,872200,0,0.0
2004-08-18,14.204999923706055,14.645000457763672,14.180000305175781,14.640000343322754,719400,0,0.0
2004-08-19,14.505000114440918,14.835000038146973,14.505000114440918,14.704999923706055,397400,0,0.0
2004-08-20,14.779999732971191,15.0649995803833,14.680000305175781,14.805000305175781,523600,0,0.0
2004-08-23,14.925000190734863,14.9399995803833,14.5649995803833,14.574999809265137,437800,0,0.0
2004-08-24,14.725000381469727,14.725000381469727,14.21500015258789,14.399999618530273,686200,0,0.0
2004-08-25,14.345000267028809,14.539999961853027,14.3149995803833,14.539999961853027,416000,0,0.0
2004-08-26,14.539999961853027,14.9399995803833,14.369999885559082,14.835000038146973,412000,0,0.0
2004-08-27,14.890000343322754,15.09000015258789,14.765000343322754,15.074999809265137,651600,0,0.0
2004-08-30,15.130000114440918,15.220000267028809,14.899999618530273,14.899999618530273,569400,0,0.0
2004-08-31,14.899999618530273,15.164999961853027,14.850000381469727,14.9350004196167,597200,0,0.0
2004-09-01,15.085000038146973,15.779999732971191,14.90999984741211,15.770000457763672,818400,0,0.0
2004-09-02,15.71500015258789,15.845000267028809,15.524999618530273,15.630000114440918,345000,0,0.0
2004-09-03,15.640000343322754,15.819999694824219,15.595000267028809,15.770000457763672,241600,0,0.0
2004-09-07,15.8100004196167,15.854999542236328,15.4350004196167,15.694999694824219,657800,0,0.0
2004-09-08,15.739999771118164,15.970000267028809,15.670000076293945,15.885000228881836,845000,0,0.0
2004-09-09,15.904999732971191,16.4950008392334,15.6850004196167,16.415000915527344,1402400,0,0.0
2004-09-10,16.4950008392334,16.4950008392334,16.0049991607666,16.020000457763672,607000,0,0.0
2004-09-13,16.25,16.46500015258789,16.05500030517578,16.364999771118164,862200,0,0.0
2004-09-14,16.459999084472656,16.485000610351562,16.190000534057617,16.385000228881836,468200,0,0.0
2004-09-15,16.5,16.639999389648438,16.2450008392334,16.459999084472656,558600,0,0.0
2004-09-16,16.6299991607666,16.6299991607666,16.350000381469727,16.479999542236328,485000,0,0.0
2004-09-17,16.674999237060547,16.825000762939453,16.31999969482422,16.325000762939453,1175200,0,0.0
2004-09-20,16.315000534057617,16.469999313354492,16.235000610351562,16.385000228881836,620400,0,0.0
2004-09-21,16.524999618530273,16.594999313354492,16.235000610351562,16.59000015258789,445400,0,0.0
2004-09-22,16.420000076293945,16.645000457763672,16.28499984741211,16.399999618530273,600400,0,0.0
2004-09-23,16.334999084472656,16.524999618530273,16.235000610351562,16.434999465942383,1161600,0,0.0
2004-09-24,16.385000228881836,17.209999084472656,16.385000228881836,17.014999389648438,3313600,0,0.0
2004-09-27,16.96500015258789,17.450000762939453,16.96500015258789,17.084999084472656,1231800,0,0.0
2004-09-28,17.274999618530273,17.600000381469727,17.125,17.4950008392334,966000,0,0.0
2004-09-29,17.510000228881836,18.135000228881836,17.295000076293945,17.514999389648438,1668200,0,0.0
2004-09-30,17.614999771118164,17.989999771118164,17.510000228881836,17.809999465942383,961400,0,0.0
2004-10-01,18.114999771118164,18.520000457763672,17.889999389648438,18.31999969482422,1175600,0,0.0
2004-10-04,18.540000915527344,18.709999084472656,18.18000030517578,18.3799991607666,999400,0,0.0
2004-10-05,18.520000457763672,18.690000534057617,18.270000457763672,18.34000015258789,855200,0,0.0
2004-10-06,18.46500015258789,18.954999923706055,18.424999237060547,18.69499969482422,911400,0,0.0
2004-10-07,18.954999923706055,18.9950008392334,18.5049991607666,18.575000762939453,1212200,0,0.0
2004-10-08,19.334999084472656,19.375,18.6299991607666,18.81999969482422,1221000,0,0.0
2004-10-11,18.969999313354492,18.969999313354492,18.139999389648438,18.55500030517578,794600,0,0.0
2004-10-12,18.594999313354492,18.864999771118164,18.315000534057617,18.459999084472656,752600,0,0.0
2004-10-13,18.44499969482422,18.44499969482422,17.600000381469727,17.829999923706055,1023800,0,0.0
2004-10-14,17.780000686645508,18.200000762939453,17.770000457763672,17.924999237060547,985200,0,0.0
2004-10-15,18.114999771118164,18.139999389648438,17.889999389648438,18.040000915527344,498000,0,0.0
2004-10-18,18.184999465942383,18.440000534057617,17.81999969482422,17.934999465942383,591000,0,0.0
2004-10-19,18.05500030517578,18.06999969482422,17.71500015258789,17.739999771118164,295000,0,0.0
2004-10-20,17.625,18.655000686645508,17.625,18.459999084472656,529000,0,0.0
2004-10-21,18.514999389648438,18.655000686645508,18.350000381469727,18.5,952600,0,0.0
2004-10-22,18.610000610351562,18.93000030517578,18.229999542236328,18.260000228881836,700200,0,0.0
2004-10-25,18.174999237060547,18.6200008392334,18.075000762939453,18.4950008392334,598600,0,0.0
2004-10-26,18.604999542236328,18.815000534057617,18.575000762939453,18.7549991607666,532400,0,0.0
2004-10-27,18.825000762939453,19.149999618530273,18.2549991607666,18.514999389648438,1049400,0,0.0
2004-10-28,18.34000015258789,18.540000915527344,17.850000381469727,17.934999465942383,901600,0,0.0
2004-10-29,17.860000610351562,18.354999542236328,17.399999618530273,17.704999923706055,2965000,0,0.0
2004-11-01,17.7450008392334,17.94499969482422,17.375,17.4950008392334,1052400,0,0.0
2004-11-02,17.649999618530273,17.649999618530273,16.94499969482422,17.0049991607666,1387200,0,0.0
2004-11-03,18.729999542236328,19.375,18.125,19.125,2657800,0,0.0
2004-11-04,19.21500015258789,19.889999389648438,19.065000534057617,19.69499969482422,1531600,0,0.0
2004-11-05,19.75,20.114999771118164,19.530000686645508,19.940000534057617,945600,0,0.0
2004-11-08,19.934999465942383,20.075000762939453,19.334999084472656,19.44499969482422,935400,0,0.0
2004-11-09,19.299999237060547,19.59000015258789,19.020000457763672,19.315000534057617,808800,0,0.0
2004-11-10,19.25,19.96500015258789,19.25,19.80500030517578,882800,0,0.0
2004-11-11,19.850000381469727,19.875,19.540000915527344,19.645000457763672,571400,0,0.0
2004-11-12,19.764999389648438,20.125,19.649999618530273,19.954999923706055,1208200,0,0.0
2004-11-15,19.850000381469727,19.850000381469727,19.2549991607666,19.545000076293945,1195800,0,0.0
2004-11-16,19.5,19.729999542236328,19.399999618530273,19.46500015258789,647600,0,0.0
2004-11-17,19.510000228881836,19.885000228881836,19.34000015258789,19.80500030517578,818800,0,0.0
2004-11-18,19.94499969482422,20.0,19.709999084472656,19.90999984741211,543400,0,0.0
2004-11-19,20.0,20.344999313354492,19.69499969482422,20.219999313354492,964800,0,0.0
2004-11-22,20.350000381469727,20.670000076293945,20.1200008392334,20.59000015258789,1268800,0,0.0
2004-11-23,20.655000686645508,21.100000381469727,20.4950008392334,20.940000534057617,973800,0,0.0
2004-11-24,21.045000076293945,21.325000762939453,20.649999618530273,21.225000381469727,507600,0,0.0
2004-11-26,21.375,21.59000015258789,21.290000915527344,21.290000915527344,158400,0,0.0
2004-11-29,21.030000686645508,21.395000457763672,20.68000030517578,21.270000457763672,998600,0,0.0
2004-11-30,21.375,21.854999542236328,21.28499984741211,21.530000686645508,786200,0,0.0
2004-12-01,21.790000915527344,21.795000076293945,20.975000381469727,21.18000030517578,1004000,0,0.0
2004-12-02,20.924999237060547,20.924999237060547,19.55500030517578,19.94499969482422,1864000,0,0.0
2004-12-03,19.75,20.139999389648438,19.75,19.899999618530273,1138400,0,0.0
2004-12-06,20.075000762939453,20.1299991607666,19.5,19.649999618530273,1244800,0,0.0
2004-12-07,19.799999237060547,19.81999969482422,18.875,19.014999389648438,1526600,0,0.0
2004-12-08,19.014999389648438,19.315000534057617,18.565000534057617,19.024999618530273,1564200,0,0.0
2004-12-09,19.094999313354492,19.274999618530273,18.934999465942383,19.184999465942383,762000,0,0.0
2004-12-10,19.290000915527344,19.549999237060547,19.170000076293945,19.334999084472656,1131800,0,0.0
2004-12-13,19.5,19.725000381469727,19.299999237060547,19.71500015258789,757000,0,0.0
2004-12-14,19.725000381469727,20.274999618530273,19.725000381469727,20.1200008392334,999400,0,0.0
2004-12-15,20.299999237060547,20.75,20.110000610351562,20.75,1017000,0,0.0
2004-12-16,20.825000762939453,20.834999084472656,20.06999969482422,20.1299991607666,911200,0,0.0
2004-12-17,20.059999465942383,20.155000686645508,19.899999618530273,19.96500015258789,718400,0,0.0
2004-12-20,19.875,20.125,19.7549991607666,19.93000030517578,831800,0,0.0
2004-12-21,20.0,20.420000076293945,19.7450008392334,20.364999771118164,871200,0,0.0
2004-12-22,20.469999313354492,20.469999313354492,19.825000762939453,19.985000610351562,832800,0,0.0
2004-12-23,20.18000030517578,20.25,19.93000030517578,20.040000915527344,598400,0,0.0
2004-12-27,20.165000915527344,20.184999465942383,19.334999084472656,19.389999389648438,614800,0,0.0
2004-12-28,19.6200008392334,20.09000015258789,19.434999465942383,19.96500015258789,878000,0,0.0
2004-12-29,20.125,20.350000381469727,20.100000381469727,20.31999969482422,440600,0,0.0
2004-12-30,20.31999969482422,20.59000015258789,20.270000457763672,20.434999465942383,739600,0,0.0
2004-12-31,20.594999313354492,20.6299991607666,20.325000762939453,20.375,470600,0,0.0
2005-01-03,20.344999313354492,20.420000076293945,19.415000915527344,19.559999465942383,1081200,0,0.0
2005-01-04,19.90999984741211,20.045000076293945,19.56999969482422,19.6200008392334,1004200,0,0.0
2005-01-05,19.670000076293945,19.68000030517578,19.174999237060547,19.209999084472656,624800,0,0.0
2005-01-06,19.34000015258789,20.09000015258789,19.110000610351562,19.834999084472656,862000,0,0.0
2005-01-07,20.059999465942383,20.059999465942383,19.18000030517578,19.200000762939453,608400,0,0.0
2005-01-10,19.209999084472656,19.940000534057617,19.209999084472656,19.55500030517578,606200,0,0.0
2005-01-11,19.71500015258789,19.7450008392334,19.229999542236328,19.270000457763672,411000,0,0.0
2005-01-12,19.420000076293945,19.764999389648438,19.110000610351562,19.725000381469727,581000,0,0.0
2005-01-13,19.8700008392334,20.190000534057617,19.81999969482422,20.030000686645508,976800,0,0.0
2005-01-14,20.030000686645508,20.174999237060547,19.850000381469727,20.059999465942383,998600,0,0.0
2005-01-18,20.139999389648438,20.709999084472656,20.075000762939453,20.34000015258789,916600,0,0.0
2005-01-19,20.5,20.75,20.190000534057617,20.325000762939453,964800,0,0.0
2005-01-20,20.295000076293945,20.325000762939453,19.7549991607666,19.915000915527344,772200,0,0.0
2005-01-21,20.045000076293945,20.2450008392334,19.950000762939453,19.969999313354492,639000,0,0.0
2005-01-24,20.239999771118164,20.575000762939453,20.145000457763672,20.3700008392334,641000,0,0.0
2005-01-25,20.450000762939453,20.600000381469727,19.93000030517578,20.145000457763672,582000,0,0.0
2005-01-26,20.46500015258789,20.844999313354492,20.114999771118164,20.729999542236328,1125400,0,0.0
2005-01-27,20.924999237060547,21.950000762939453,20.924999237060547,21.510000228881836,1838800,0,0.0
2005-01-28,21.684999465942383,21.719999313354492,20.975000381469727,21.149999618530273,695200,0,0.0
2005-01-31,21.325000762939453,21.96500015258789,21.0049991607666,21.850000381469727,854400,0,0.0
2005-02-01,22.0,22.71500015258789,21.975000381469727,22.399999618530273,1498600,0,0.0
2005-02-02,22.71500015258789,22.924999237060547,22.510000228881836,22.8799991607666,1401600,0,0.0
2005-02-03,22.924999237060547,22.924999237060547,22.15999984741211,22.795000076293945,1096200,0,0.0
2005-02-04,22.920000076293945,23.049999237060547,22.704999923706055,22.989999771118164,560200,0,0.0
2005-02-07,23.149999618530273,23.18000030517578,22.09000015258789,22.559999465942383,864000,0,0.0
2005-02-08,22.614999771118164,22.889999389648438,22.44499969482422,22.770000457763672,384400,0,0.0
2005-02-09,22.915000915527344,22.94499969482422,22.420000076293945,22.520000457763672,600800,0,0.0
2005-02-10,22.4950008392334,23.264999389648438,22.4950008392334,23.110000610351562,769000,0,0.0
2005-02-11,23.2549991607666,23.530000686645508,22.905000686645508,23.459999084472656,665200,0,0.0
2005-02-14,23.674999237060547,23.825000762939453,23.395000457763672,23.614999771118164,745400,0,0.0
2005-02-15,23.625,23.924999237060547,23.260000228881836,23.614999771118164,540200,0,0.0
2005-02-16,23.684999465942383,24.350000381469727,23.424999237060547,24.350000381469727,827400,0,0.0
2005-02-17,24.5,24.704999923706055,24.03499984741211,24.170000076293945,1222600,0,0.0
2005-02-18,24.329999923706055,24.549999237060547,24.170000076293945,24.385000228881836,726400,0,0.0
2005-02-22,24.5,24.6299991607666,24.125,24.28499984741211,779600,0,0.0
2005-02-23,24.225000381469727,24.6299991607666,24.225000381469727,24.5049991607666,615200,0,0.0
2005-02-24,24.604999542236328,24.709999084472656,23.969999313354492,24.614999771118164,900600,0,0.0
2005-02-25,24.950000762939453,25.31999969482422,24.729999542236328,25.200000762939453,1135800,0,0.0
2005-02-28,25.985000610351562,26.139999389648438,24.920000076293945,25.389999389648438,1834200,0,0.0
2005-03-01,25.700000762939453,25.700000762939453,24.7549991607666,24.8799991607666,1266200,0,0.0
2005-03-02,25.344999313354492,25.375,24.46500015258789,24.844999313354492,1237000,0,0.0
2005-03-03,24.424999237060547,25.1200008392334,24.104999542236328,25.084999084472656,1478000,0,0.0
2005-03-04,25.2450008392334,25.489999771118164,25.0049991607666,25.469999313354492,1234200,0,0.0
2005-03-07,25.579999923706055,25.614999771118164,25.059999465942383,25.280000686645508,868200,0,0.0
2005-03-08,25.485000610351562,25.614999771118164,25.139999389648438,25.139999389648438,1037400,0,0.0
2005-03-09,25.239999771118164,25.3799991607666,24.395000457763672,24.399999618530273,902800,0,0.0
2005-03-10,24.334999084472656,24.5,22.875,23.264999389648438,1752400,0,0.0
2005-03-11,23.094999313354492,24.15999984741211,23.094999313354492,23.864999771118164,1495000,0,0.0
2005-03-14,24.03499984741211,24.155000686645508,23.415000915527344,24.0,738000,0,0.0
2005-03-15,24.125,24.25,23.674999237060547,23.760000228881836,760800,0,0.0
2005-03-16,23.860000610351562,24.0,23.364999771118164,23.69499969482422,1082600,0,0.0
2005-03-17,23.959999084472656,24.290000915527344,23.834999084472656,24.190000534057617,716600,0,0.0
2005-03-18,24.30500030517578,24.360000610351562,23.954999923706055,24.299999237060547,1281800,0,0.0
2005-03-21,24.44499969482422,24.610000610351562,24.1299991607666,24.170000076293945,823200,0,0.0
2005-03-22,24.795000076293945,25.43000030517578,24.3799991607666,24.69499969482422,1438400,0,0.0
2005-03-23,24.040000915527344,24.075000762939453,22.540000915527344,22.549999237060547,3263600,0,0.0
2005-03-24,22.540000915527344,22.56999969482422,21.75,21.96500015258789,3515000,0,0.0
2005-03-28,21.90999984741211,22.040000915527344,21.75,21.93000030517578,1766800,0,0.0
2005-03-29,21.934999465942383,22.299999237060547,21.040000915527344,21.09000015258789,2192800,0,0.0
2005-03-30,21.239999771118164,21.655000686645508,20.80500030517578,21.5,2774000,0,0.0
2005-03-31,21.69499969482422,22.834999084472656,21.69499969482422,22.649999618530273,2621000,0,0.0
2005-04-01,22.655000686645508,23.19499969482422,22.655000686645508,23.094999313354492,1663000,0,0.0
2005-04-04,23.31999969482422,24.149999618530273,23.315000534057617,23.795000076293945,2622000,0,0.0
2005-04-05,24.03499984741211,24.139999389648438,23.549999237060547,23.655000686645508,1161400,0,0.0
2005-04-06,23.80500030517578,24.1200008392334,23.540000915527344,23.8799991607666,1205600,0,0.0
2005-04-07,24.05500030517578,24.149999618530273,23.40999984741211,23.559999465942383,1560000,0,0.0
2005-04-08,23.420000076293945,23.809999465942383,23.389999389648438,23.454999923706055,1236400,0,0.0
2005-04-11,23.334999084472656,23.954999923706055,23.184999465942383,23.80500030517578,1060800,0,0.0
2005-04-12,23.8700008392334,23.959999084472656,23.575000762939453,23.760000228881836,1548000,0,0.0
2005-04-13,23.520000457763672,23.84000015258789,23.229999542236328,23.229999542236328,1927800,0,0.0
2005-04-14,22.985000610351562,23.440000534057617,22.649999618530273,22.829999923706055,1729000,0,0.0
2005-04-15,22.565000534057617,22.635000228881836,21.809999465942383,22.135000228881836,2031400,0,0.0
2005-04-18,22.03499984741211,22.545000076293945,21.850000381469727,22.46500015258789,992200,0,0.0
2005-04-19,22.584999084472656,23.440000534057617,22.584999084472656,23.110000610351562,1059800,0,0.0
2005-04-20,23.18000030517578,23.40999984741211,22.774999618530273,22.774999618530273,948000,0,0.0
2005-04-21,22.885000228881836,23.719999313354492,22.84000015258789,23.649999618530273,746800,0,0.0
2005-04-22,23.7450008392334,23.834999084472656,23.149999618530273,23.4950008392334,778400,0,0.0
2005-04-25,23.690000534057617,24.05500030517578,23.690000534057617,24.049999237060547,1082600,0,0.0
2005-04-26,24.075000762939453,24.475000381469727,23.709999084472656,23.94499969482422,2028600,0,0.0
2005-04-27,23.9950008392334,24.100000381469727,22.875,22.954999923706055,1315600,0,0.0
2005-04-28,23.0,23.06999969482422,22.309999465942383,22.375,1285000,0,0.0
2005-04-29,22.485000610351562,22.600000381469727,21.989999771118164,22.235000610351562,1077000,0,0.0
2005-05-02,22.360000610351562,23.049999237060547,22.03499984741211,23.049999237060547,962600,0,0.0
2005-05-03,23.05500030517578,23.05500030517578,22.094999313354492,22.200000762939453,986800,0,0.0
2005-05-04,22.34000015258789,22.719999313354492,21.899999618530273,22.655000686645508,885000,0,0.0
2005-05-05,22.625,23.309999465942383,22.524999618530273,23.125,961400,0,0.0
2005-05-06,23.329999923706055,23.5,23.2450008392334,23.299999237060547,838200,0,0.0
2005-05-09,23.475000381469727,23.69499969482422,23.174999237060547,23.69499969482422,794600,0,0.0
2005-05-10,23.670000076293945,23.674999237060547,23.145000457763672,23.190000534057617,667000,0,0.0
2005-05-11,23.295000076293945,23.4950008392334,22.9950008392334,23.325000762939453,654200,0,0.0
2005-05-12,23.264999389648438,23.325000762939453,22.014999389648438,22.2549991607666,1655200,0,0.0
2005-05-13,22.110000610351562,22.514999389648438,21.28499984741211,21.53499984741211,1384000,0,0.0
2005-05-16,21.295000076293945,21.420000076293945,20.565000534057617,21.274999618530273,1779200,0,0.0
2005-05-17,21.139999389648438,21.7450008392334,21.139999389648438,21.559999465942383,1520000,0,0.0
2005-05-18,21.739999771118164,22.1200008392334,21.315000534057617,21.635000228881836,1213400,0,0.0
2005-05-19,21.625,22.329999923706055,21.450000762939453,22.329999923706055,1320000,0,0.0
2005-05-20,22.375,22.46500015258789,21.8799991607666,21.969999313354492,1600800,0,0.0
2005-05-23,21.875,22.290000915527344,21.875,22.25,787200,0,0.0
2005-05-24,21.985000610351562,22.450000762939453,21.985000610351562,22.434999465942383,669000,0,0.0
2005-05-25,22.46500015258789,22.68000030517578,22.06999969482422,22.399999618530273,1287400,0,0.0
2005-05-26,22.475000381469727,22.770000457763672,22.28499984741211,22.770000457763672,645000,0,0.0
2005-05-27,22.774999618530273,23.0049991607666,22.584999084472656,22.704999923706055,704200,0,0.0
2005-05-31,22.565000534057617,22.75,22.170000076293945,22.700000762939453,760000,0,0.0
2005-06-01,22.75,23.065000534057617,22.600000381469727,22.825000762939453,1217800,0,0.0
2005-06-02,22.84000015258789,22.940000534057617,22.549999237060547,22.860000610351562,979000,0,0.0
2005-06-03,22.860000610351562,23.2450008392334,22.78499984741211,22.985000610351562,924000,0,0.0
2005-06-06,23.06999969482422,23.56999969482422,23.020000457763672,23.565000534057617,724600,0,0.0
2005-06-07,23.565000534057617,23.739999771118164,23.024999618530273,23.065000534057617,614400,0,0.0
2005-06-08,23.100000381469727,23.600000381469727,23.0,23.354999542236328,701000,0,0.0
2005-06-09,23.350000381469727,24.165000915527344,23.350000381469727,24.100000381469727,1055400,0,0.0
2005-06-10,24.235000610351562,24.30500030517578,23.844999313354492,24.209999084472656,670000,0,0.0
2005-06-13,24.290000915527344,24.485000610351562,23.809999465942383,24.485000610351562,1065200,0,0.0
2005-06-14,24.485000610351562,24.645000457763672,24.325000762939453,24.584999084472656,564800,0,0.0
2005-06-15,25.0,25.700000762939453,24.905000686645508,25.485000610351562,1597800,0,0.0
2005-06-16,25.344999313354492,25.969999313354492,25.334999084472656,25.950000762939453,1386600,0,0.0
2005-06-17,26.0,26.110000610351562,25.6200008392334,25.924999237060547,1227600,0,0.0
2005-06-20,25.989999771118164,26.239999771118164,25.674999237060547,25.844999313354492,977800,0,0.0
2005-06-21,25.850000381469727,25.959999084472656,25.239999771118164,25.28499984741211,1194200,0,0.0
2005-06-22,25.364999771118164,25.7549991607666,25.315000534057617,25.704999923706055,1174800,0,0.0
2005-06-23,25.75,26.940000534057617,25.700000762939453,26.329999923706055,1919200,0,0.0
2005-06-24,26.459999084472656,26.6299991607666,25.799999237060547,25.885000228881836,1132800,0,0.0
2005-06-27,26.0,26.594999313354492,25.924999237060547,26.3700008392334,751600,0,0.0
2005-06-28,26.520000457763672,26.665000915527344,26.049999237060547,26.114999771118164,920800,0,0.0
2005-06-29,26.0,26.489999771118164,25.764999389648438,26.079999923706055,811600,0,0.0
2005-06-30,26.165000915527344,26.844999313354492,25.969999313354492,26.184999465942383,1339200,0,0.0
2005-07-01,26.25,26.31999969482422,25.975000381469727,26.190000534057617,1075000,0,0.0
2005-07-05,26.31999969482422,27.475000381469727,26.28499984741211,27.469999313354492,1230600,0,0.0
2005-07-06,27.5,27.645000457763672,26.84000015258789,27.09000015258789,914200,0,0.0
2005-07-07,26.8799991607666,27.5,26.639999389648438,27.5,1467800,0,0.0
2005-07-08,27.55500030517578,27.770000457763672,27.25,27.565000534057617,1353800,0,0.0
2005-07-11,27.575000762939453,28.21500015258789,27.229999542236328,28.09000015258789,1424200,0,0.0
2005-07-12,28.334999084472656,28.719999313354492,27.854999542236328,28.459999084472656,1399600,0,0.0
2005-07-13,28.584999084472656,28.764999389648438,28.024999618530273,28.03499984741211,1228400,0,0.0
2005-07-14,28.399999618530273,28.469999313354492,27.18000030517578,27.329999923706055,1209200,0,0.0
2005-07-15,27.155000686645508,27.594999313354492,27.045000076293945,27.19499969482422,765800,0,0.0
2005-07-18,27.15999984741211,27.19499969482422,26.864999771118164,26.934999465942383,1026600,0,0.0
2005-07-19,27.075000762939453,28.104999542236328,27.040000915527344,28.104999542236328,924600,0,0.0
2005-07-20,28.114999771118164,28.40999984741211,27.860000610351562,28.264999389648438,1323400,0,0.0
2005-07-21,28.125,28.4950008392334,27.5049991607666,27.700000762939453,1518000,0,0.0
2005-07-22,27.920000076293945,29.139999389648438,27.8700008392334,29.045000076293945,1452200,0,0.0
2005-07-25,29.104999542236328,29.485000610351562,28.68000030517578,29.174999237060547,1343000,0,0.0
2005-07-26,29.174999237060547,29.489999771118164,28.53499984741211,28.829999923706055,952600,0,0.0
2005-07-27,28.96500015258789,29.155000686645508,28.09000015258789,29.1299991607666,1321600,0,0.0
2005-07-28,29.014999389648438,29.825000762939453,29.0049991607666,29.790000915527344,864000,0,0.0
2005-07-29,29.959999084472656,30.09000015258789,29.510000228881836,29.610000610351562,902600,0,0.0
2005-08-01,29.80500030517578,30.600000381469727,29.729999542236328,30.5,940800,0,0.0
2005-08-02,30.719999313354492,31.020000457763672,30.575000762939453,30.950000762939453,1315800,0,0.0
2005-08-03,30.950000762939453,31.114999771118164,30.1200008392334,30.31999969482422,1545200,0,0.0
2005-08-04,30.30500030517578,30.969999313354492,30.200000762939453,30.594999313354492,789200,0,0.0
2005-08-05,30.030000686645508,30.219999313354492,29.274999618530273,29.600000381469727,1634400,0,0.0
2005-08-08,29.7450008392334,30.3799991607666,29.600000381469727,30.075000762939453,713600,0,0.0
2005-08-09,30.15999984741211,30.2549991607666,29.389999389648438,29.56999969482422,720400,0,0.0
2005-08-10,29.520000457763672,30.200000762939453,29.5,30.200000762939453,854000,0,0.0
2005-08-11,30.135000228881836,30.735000610351562,30.135000228881836,30.5,1046600,0,0.0
2005-08-12,30.56999969482422,30.625,29.854999542236328,30.094999313354492,564600,0,0.0
2005-08-15,30.165000915527344,30.165000915527344,29.104999542236328,29.28499984741211,1192400,0,0.0
2005-08-16,29.325000762939453,29.325000762939453,28.520000457763672,28.579999923706055,1208200,0,0.0
2005-08-17,28.549999237060547,29.165000915527344,27.68000030517578,27.899999618530273,1323200,0,0.0
2005-08-18,27.729999542236328,27.934999465942383,27.19499969482422,27.889999389648438,1858800,0,0.0
2005-08-19,28.149999618530273,28.424999237060547,28.020000457763672,28.309999465942383,875200,0,0.0
2005-08-22,28.204999923706055,28.3799991607666,27.46500015258789,27.71500015258789,1649600,0,0.0
2005-08-23,27.565000534057617,27.760000228881836,26.684999465942383,27.25,1333000,0,0.0
2005-08-24,27.239999771118164,27.790000915527344,26.860000610351562,27.274999618530273,1486000,0,0.0
2005-08-25,27.399999618530273,27.565000534057617,26.834999084472656,27.065000534057617,792000,0,0.0
2005-08-26,26.979999542236328,27.05500030517578,26.1299991607666,26.575000762939453,1176400,0,0.0
2005-08-29,27.729999542236328,28.40999984741211,27.530000686645508,28.084999084472656,3276000,0,0.0
2005-08-30,28.295000076293945,30.075000762939453,28.200000762939453,29.75,3932400,0,0.0
2005-08-31,30.450000762939453,32.06999969482422,30.360000610351562,31.229999542236328,5489600,0,0.0
2005-09-01,31.364999771118164,31.959999084472656,30.31999969482422,31.03499984741211,2754600,0,0.0
2005-09-02,31.0,31.040000915527344,29.600000381469727,29.94499969482422,1731400,0,0.0
2005-09-06,30.2450008392334,30.290000915527344,28.395000457763672,29.469999313354492,3609800,0,0.0
2005-09-07,30.0,30.5,29.5,30.3700008392334,2945400,0,0.0
2005-09-08,30.5,30.889999389648438,29.905000686645508,29.969999313354492,1686400,0,0.0
2005-09-09,30.165000915527344,30.28499984741211,29.674999237060547,30.1299991607666,1775400,0,0.0
2005-09-12,29.969999313354492,30.0,29.174999237060547,29.264999389648438,1099800,0,0.0
2005-09-13,29.200000762939453,29.3799991607666,28.889999389648438,28.934999465942383,1169600,0,0.0
2005-09-14,29.125,29.350000381469727,28.875,28.9950008392334,967000,0,0.0
2005-09-15,28.954999923706055,29.420000076293945,28.53499984741211,28.979999542236328,962800,0,0.0
2005-09-16,29.045000076293945,29.635000228881836,28.75,28.985000610351562,1352200,0,0.0
2005-09-19,29.239999771118164,29.924999237060547,29.239999771118164,29.764999389648438,1746800,0,0.0
2005-09-20,29.875,30.100000381469727,29.375,29.565000534057617,1700000,0,0.0
2005-09-21,30.1200008392334,30.729999542236328,30.014999389648438,30.469999313354492,2227000,0,0.0
2005-09-22,31.0,31.0,29.520000457763672,30.020000457763672,1997800,0,0.0
2005-09-23,30.020000457763672,30.155000686645508,29.489999771118164,29.760000228881836,1242400,0,0.0
2005-09-26,29.864999771118164,29.895000457763672,29.155000686645508,29.81999969482422,2405000,0,0.0
2005-09-27,29.985000610351562,30.19499969482422,29.575000762939453,30.075000762939453,1225000,0,0.0
2005-09-28,30.079999923706055,30.6299991607666,29.80500030517578,30.5049991607666,1481800,0,0.0
2005-09-29,30.575000762939453,32.0,30.5,31.889999389648438,2971600,0,0.0
2005-09-30,31.934999465942383,32.18000030517578,31.219999313354492,31.704999923706055,1968600,0,0.0
2005-10-03,31.670000076293945,32.40999984741211,31.204999923706055,31.864999771118164,1333800,0,0.0
2005-10-04,31.969999313354492,31.969999313354492,30.44499969482422,30.549999237060547,1306600,0,0.0
2005-10-05,30.579999923706055,30.84000015258789,28.834999084472656,28.94499969482422,2389200,0,0.0
2005-10-06,29.184999465942383,29.204999923706055,27.53499984741211,28.219999313354492,3125400,0,0.0
2005-10-07,28.450000762939453,29.56999969482422,28.274999618530273,29.19499969482422,1765200,0,0.0
2005-10-10,29.424999237060547,29.795000076293945,28.93000030517578,29.1200008392334,1294600,0,0.0
2005-10-11,29.299999237060547,29.84000015258789,29.204999923706055,29.4950008392334,908200,0,0.0
2005-10-12,29.399999618530273,29.7549991607666,28.5049991607666,28.799999237060547,1225600,0,0.0
2005-10-13,28.549999237060547,28.645000457763672,26.399999618530273,27.190000534057617,3143800,0,0.0
2005-10-14,27.200000762939453,28.0,26.780000686645508,27.979999542236328,2459200,0,0.0
2005-10-17,28.354999542236328,28.625,27.799999237060547,28.364999771118164,1469600,0,0.0
2005-10-18,28.40999984741211,28.735000610351562,27.3700008392334,27.489999771118164,1413600,0,0.0
2005-10-19,27.225000381469727,28.625,26.799999237060547,28.594999313354492,1798400,0,0.0
2005-10-20,28.600000381469727,28.895000457763672,27.350000381469727,27.844999313354492,1730600,0,0.0
2005-10-21,27.915000915527344,28.739999771118164,27.59000015258789,28.315000534057617,1296200,0,0.0
2005-10-24,28.25,29.43000030517578,27.940000534057617,29.2450008392334,976600,0,0.0
2005-10-25,29.2549991607666,30.4950008392334,29.2549991607666,30.475000381469727,1279800,0,0.0
2005-10-26,30.479999542236328,31.46500015258789,30.0049991607666,30.28499984741211,1482800,0,0.0
2005-10-27,30.40999984741211,30.649999618530273,29.395000457763672,29.565000534057617,1282200,0,0.0
2005-10-28,29.81999969482422,30.440000534057617,29.344999313354492,30.354999542236328,1144400,0,0.0
2005-10-31,30.5,31.075000762939453,29.90999984741211,30.770000457763672,1201200,0,0.0
2005-11-01,30.799999237060547,30.985000610351562,30.329999923706055,30.950000762939453,954400,0,0.0
2005-11-02,31.405000686645508,32.39500045776367,31.049999237060547,32.29999923706055,2445400,0,0.0
2005-11-03,32.51499938964844,33.78499984741211,32.51499938964844,33.619998931884766,2620400,0,0.0
2005-11-04,33.724998474121094,33.98500061035156,32.78499984741211,33.314998626708984,2175000,0,0.0
2005-11-07,33.91999816894531,33.939998626708984,32.68000030517578,33.11000061035156,1900200,0,0.0
2005-11-08,33.1150016784668,33.5,32.79999923706055,33.38999938964844,1218200,0,0.0
2005-11-09,33.42499923706055,33.810001373291016,31.875,32.7599983215332,2208600,0,0.0
2005-11-10,32.77000045776367,32.810001373291016,31.09000015258789,31.670000076293945,1750800,0,0.0
2005-11-11,31.274999618530273,32.095001220703125,31.135000228881836,31.665000915527344,1319800,0,0.0
2005-11-14,31.739999771118164,32.650001525878906,31.6299991607666,32.0,1040600,0,0.0
2005-11-15,32.03499984741211,33.435001373291016,31.860000610351562,32.505001068115234,1450000,0,0.0
2005-11-16,32.54999923706055,33.5,32.5,33.45000076293945,1611800,0,0.0
2005-11-17,33.68000030517578,34.224998474121094,33.220001220703125,34.15999984741211,1868400,0,0.0
2005-11-18,34.415000915527344,35.19499969482422,34.209999084472656,34.755001068115234,2859200,0,0.0
2005-11-21,35.255001068115234,36.275001525878906,34.93000030517578,36.209999084472656,1810000,0,0.0
2005-11-22,36.400001525878906,37.25,36.314998626708984,37.040000915527344,2070800,0,0.0
2005-11-23,37.119998931884766,37.70500183105469,36.560001373291016,37.334999084472656,1149000,0,0.0
2005-11-25,37.48500061035156,37.970001220703125,37.48500061035156,37.88999938964844,614800,0,0.0
2005-11-28,37.689998626708984,37.79999923706055,36.14500045776367,36.165000915527344,1733600,0,0.0
2005-11-29,36.275001525878906,36.625,35.45500183105469,35.709999084472656,1948400,0,0.0
2005-11-30,35.845001220703125,36.595001220703125,35.64500045776367,36.30500030517578,1299600,0,0.0
2005-12-01,36.625,38.349998474121094,36.5,38.20000076293945,1950000,0,0.0
2005-12-02,38.45500183105469,38.64500045776367,37.6349983215332,38.36000061035156,994800,0,0.0
2005-12-05,38.720001220703125,39.08000183105469,38.459999084472656,38.810001373291016,1484400,0,0.0
2005-12-06,38.80500030517578,39.79999923706055,38.775001525878906,39.474998474121094,1809600,0,0.0
2005-12-07,39.71500015258789,40.08000183105469,39.18000030517578,39.459999084472656,1665800,0,0.0
2005-12-08,39.599998474121094,39.724998474121094,38.724998474121094,39.44499969482422,2068400,0,0.0
2005-12-09,40.16999816894531,40.16999816894531,37.29999923706055,38.9900016784668,1048000,0,2.0
2005-12-12,39.849998474121094,40.0,38.93000030517578,39.5099983215332,853500,0,0.0
2005-12-13,39.5,39.61000061035156,38.52000045776367,38.7400016784668,886500,0,0.0
2005-12-14,38.849998474121094,39.09000015258789,38.349998474121094,39.09000015258789,767500,0,0.0
2005-12-15,38.939998626708984,39.04999923706055,37.70000076293945,38.38999938964844,1022400,0,0.0
2005-12-16,38.68000030517578,38.869998931884766,37.689998626708984,37.689998626708984,1316400,0,0.0
2005-12-19,37.70000076293945,38.43000030517578,37.40999984741211,37.459999084472656,1045400,0,0.0
2005-12-20,37.38999938964844,38.7400016784668,37.380001068115234,38.720001220703125,1143500,0,0.0
2005-12-21,39.0,39.650001525878906,38.5,38.9900016784668,1141600,0,0.0
2005-12-22,38.689998626708984,38.93000030517578,38.2400016784668,38.66999816894531,903000,0,0.0
2005-12-23,38.5099983215332,38.650001525878906,37.29999923706055,38.04999923706055,883800,0,0.0
2005-12-27,37.5,37.5,35.16999816894531,35.630001068115234,1937500,0,0.0
2005-12-28,35.630001068115234,37.40999984741211,35.29999923706055,36.970001220703125,1530100,0,0.0
2005-12-29,36.959999084472656,37.439998626708984,36.29999923706055,36.34000015258789,933800,0,0.0
2005-12-30,35.97999954223633,36.45000076293945,35.29999923706055,35.88999938964844,920400,0,0.0
2006-01-03,36.79999923706055,39.650001525878906,36.689998626708984,39.40999984741211,2227900,0,0.0
2006-01-04,39.459999084472656,39.970001220703125,38.7599983215332,39.810001373291016,1335600,0,0.0
2006-01-05,39.88999938964844,39.959999084472656,38.029998779296875,38.470001220703125,1056100,0,0.0
2006-01-06,39.470001220703125,40.560001373291016,38.7599983215332,40.4900016784668,1920500,0,0.0
2006-01-09,40.95000076293945,41.380001068115234,40.060001373291016,40.4900016784668,1210500,0,0.0
2006-01-10,40.5,41.63999938964844,40.29999923706055,41.529998779296875,1333200,0,0.0
2006-01-11,41.63999938964844,41.97999954223633,40.599998474121094,41.88999938964844,929600,0,0.0
2006-01-12,41.95000076293945,42.939998626708984,41.91999816894531,42.22999954223633,1778200,0,0.0
2006-01-13,42.36000061035156,42.7400016784668,41.790000915527344,42.099998474121094,731700,0,0.0
2006-01-17,42.5,43.11000061035156,42.29999923706055,42.97999954223633,1286900,0,0.0
2006-01-18,42.95000076293945,42.95000076293945,41.88999938964844,42.66999816894531,928000,0,0.0
2006-01-19,42.9900016784668,44.61000061035156,42.75,44.59000015258789,1100400,0,0.0
2006-01-20,44.91999816894531,45.61000061035156,43.79999923706055,44.33000183105469,1106300,0,0.0
2006-01-23,44.779998779296875,45.09000015258789,41.11000061035156,41.63999938964844,5737700,0,0.0
2006-01-24,42.189998626708984,42.290000915527344,40.7599983215332,41.529998779296875,3159800,0,0.0
2006-01-25,41.599998474121094,41.790000915527344,39.75,40.290000915527344,3206300,0,0.0
2006-01-26,40.29999923706055,41.720001220703125,38.86000061035156,40.88999938964844,3467300,0,0.0
2006-01-27,42.04999923706055,42.47999954223633,39.959999084472656,41.0,2445500,0,0.0
2006-01-30,41.52000045776367,42.41999816894531,41.5,42.13999938964844,2026500,0,0.0
2006-01-31,42.54999923706055,42.849998474121094,41.66999816894531,41.970001220703125,1643900,0,0.0
2006-02-01,41.75,42.650001525878906,41.08000183105469,41.209999084472656,1549400,0,0.0
2006-02-02,41.43000030517578,41.47999954223633,39.66999816894531,39.97999954223633,2087800,0,0.0
2006-02-03,39.7599983215332,40.41999816894531,38.81999969482422,39.7400016784668,1539900,0,0.0
2006-02-06,40.45000076293945,41.47999954223633,40.290000915527344,41.380001068115234,1621200,0,0.0
2006-02-07,41.290000915527344,41.310001373291016,39.41999816894531,39.61000061035156,1972700,0,0.0
2006-02-08,39.29999923706055,39.529998779296875,37.41999816894531,38.66999816894531,2742400,0,0.0
2006-02-09,38.63999938964844,39.310001373291016,36.77000045776367,37.06999969482422,2299900,0,0.0
2006-02-10,37.040000915527344,37.689998626708984,35.369998931884766,37.09000015258789,2233400,0,0.0
2006-02-13,36.95000076293945,37.25,35.77000045776367,36.31999969482422,1433300,0,0.0
2006-02-14,35.5,36.0,33.61000061035156,35.4900016784668,2259900,0,0.0
2006-02-15,35.52000045776367,35.95000076293945,33.779998779296875,34.2400016784668,1799700,0,0.0
2006-02-16,34.400001525878906,35.52000045776367,34.38999938964844,35.43000030517578,1401800,0,0.0
2006-02-17,36.400001525878906,36.41999816894531,35.0,35.25,929900,0,0.0
2006-02-21,36.0,36.45000076293945,35.70000076293945,36.290000915527344,1450100,0,0.0
2006-02-22,36.040000915527344,36.38999938964844,34.869998931884766,35.33000183105469,845600,0,0.0
2006-02-23,35.40999984741211,35.95000076293945,34.52000045776367,35.20000076293945,1121200,0,0.0
2006-02-24,35.880001068115234,36.91999816894531,35.7400016784668,36.75,1460100,0,0.0
2006-02-27,36.54999923706055,36.7400016784668,35.349998474121094,35.79999923706055,1309300,0,0.0
2006-02-28,35.84000015258789,35.84000015258789,34.63999938964844,35.209999084472656,1108300,0,0.0
2006-03-01,36.599998474121094,38.29999923706055,36.15999984741211,38.060001373291016,2094100,0,0.0
2006-03-02,37.880001068115234,38.58000183105469,36.75,37.630001068115234,1475500,0,0.0
2006-03-03,37.63999938964844,38.77000045776367,36.9900016784668,38.13999938964844,1146400,0,0.0
2006-03-06,38.0,38.04999923706055,35.720001220703125,36.5,1089600,0,0.0
2006-03-07,36.290000915527344,36.75,34.349998474121094,34.66999816894531,1484100,0,0.0
2006-03-08,34.189998626708984,35.130001068115234,33.400001525878906,35.040000915527344,1836500,0,0.0
2006-03-09,35.0,35.529998779296875,33.65999984741211,33.79999923706055,1018100,0,0.0
2006-03-10,33.630001068115234,34.34000015258789,33.0,33.93000030517578,795400,0,0.0
2006-03-13,33.93000030517578,34.400001525878906,33.75,33.849998474121094,979500,0,0.0
2006-03-14,33.709999084472656,34.20000076293945,32.849998474121094,34.0,1127500,0,0.0
2006-03-15,34.099998474121094,35.25,34.0,35.119998931884766,923500,0,0.0
2006-03-16,35.38999938964844,36.650001525878906,34.959999084472656,36.58000183105469,986900,0,0.0
2006-03-17,36.66999816894531,36.66999816894531,35.349998474121094,35.61000061035156,1568500,0,0.0
2006-03-20,35.61000061035156,36.61000061035156,35.09000015258789,35.29999923706055,927000,0,0.0
2006-03-21,34.65999984741211,35.95000076293945,34.529998779296875,34.65999984741211,539900,0,0.0
2006-03-22,34.9900016784668,35.470001220703125,33.75,35.130001068115234,794100,0,0.0
2006-03-23,34.9900016784668,36.349998474121094,34.9900016784668,36.22999954223633,861300,0,0.0
2006-03-24,35.79999923706055,36.79999923706055,35.65999984741211,36.33000183105469,469300,0,0.0
2006-03-27,36.4900016784668,36.54999923706055,35.439998626708984,36.150001525878906,495800,0,0.0
2006-03-28,36.029998779296875,37.599998474121094,35.630001068115234,37.58000183105469,936300,0,0.0
2006-03-29,37.47999954223633,37.93000030517578,36.650001525878906,37.90999984741211,640600,0,0.0
2006-03-30,37.599998474121094,38.529998779296875,36.86000061035156,37.290000915527344,1087800,0,0.0
2006-03-31,38.06999969482422,38.65999984741211,37.06999969482422,37.900001525878906,1579900,0,0.0
2006-04-03,38.189998626708984,39.279998779296875,37.84000015258789,37.93000030517578,977600,0,0.0
2006-04-04,37.75,39.34000015258789,37.56999969482422,39.20000076293945,1070600,0,0.0
2006-04-05,39.400001525878906,39.439998626708984,38.45000076293945,39.150001525878906,1057100,0,0.0
2006-04-06,39.33000183105469,39.630001068115234,38.75,38.900001525878906,773900,0,0.0
2006-04-07,39.20000076293945,39.209999084472656,37.54999923706055,37.90999984741211,923800,0,0.0
2006-04-10,38.2599983215332,38.97999954223633,38.02000045776367,38.40999984741211,652800,0,0.0
2006-04-11,38.40999984741211,38.650001525878906,37.06999969482422,37.68000030517578,664000,0,0.0
2006-04-12,37.439998626708984,38.02000045776367,37.33000183105469,37.439998626708984,656200,0,0.0
2006-04-13,37.38999938964844,37.40999984741211,36.5,36.869998931884766,776900,0,0.0
2006-04-17,37.0,37.43000030517578,36.45000076293945,37.36000061035156,1078500,0,0.0
2006-04-18,37.68000030517578,39.619998931884766,37.52000045776367,39.400001525878906,1113200,0,0.0
2006-04-19,39.72999954223633,40.970001220703125,38.939998626708984,40.93000030517578,1138600,0,0.0
2006-04-20,41.0,41.68000030517578,38.91999816894531,40.33000183105469,956600,0,0.0
2006-04-21,40.81999969482422,40.939998626708984,39.83000183105469,40.400001525878906,630200,0,0.0
2006-04-24,40.66999816894531,40.66999816894531,39.029998779296875,39.31999969482422,1189000,0,0.0
2006-04-25,39.41999816894531,40.130001068115234,38.0099983215332,39.040000915527344,794100,0,0.0
2006-04-26,39.040000915527344,39.959999084472656,38.869998931884766,39.119998931884766,688300,0,0.0
2006-04-27,38.5,39.31999969482422,37.220001220703125,38.61000061035156,1056000,0,0.0
2006-04-28,38.34000015258789,39.16999816894531,38.33000183105469,38.81999969482422,785800,0,0.0
2006-05-01,38.81999969482422,40.72999954223633,38.81999969482422,40.560001373291016,946800,0,0.0
2006-05-02,40.86000061035156,42.68000030517578,40.040000915527344,42.599998474121094,1393300,0,0.0
2006-05-03,43.33000183105469,43.86000061035156,39.619998931884766,40.290000915527344,1915800,0,0.0
2006-05-04,41.59000015258789,42.20000076293945,39.650001525878906,41.38999938964844,1956000,0,0.0
2006-05-05,41.59000015258789,44.0,41.5,42.90999984741211,2288100,0,0.0
2006-05-08,43.150001525878906,44.33000183105469,42.650001525878906,44.06999969482422,1430900,0,0.0
2006-05-09,44.0,44.7599983215332,43.25,43.90999984741211,1433200,0,0.0
2006-05-10,44.119998931884766,44.34000015258789,43.52000045776367,44.13999938964844,1007700,0,0.0
2006-05-11,44.61000061035156,45.0,42.33000183105469,42.72999954223633,1645600,0,0.0
2006-05-12,41.7599983215332,42.45000076293945,40.18000030517578,40.310001373291016,1716700,0,0.0
2006-05-15,39.810001373291016,40.43000030517578,37.869998931884766,39.060001373291016,1620600,0,0.0
2006-05-16,39.5,40.0,38.31999969482422,39.279998779296875,1352300,0,0.0
2006-05-17,39.0,39.84000015258789,38.900001525878906,39.11000061035156,1999400,0,0.0
2006-05-18,39.56999969482422,39.689998626708984,36.29999923706055,36.560001373291016,2105700,0,0.0
2006-05-19,36.43000030517578,37.130001068115234,35.63999938964844,36.439998626708984,2252900,0,0.0
2006-05-22,36.150001525878906,36.209999084472656,33.56999969482422,34.970001220703125,2667500,0,0.0
2006-05-23,36.040000915527344,37.0,35.79999923706055,35.880001068115234,2125700,0,0.0
2006-05-24,35.79999923706055,35.84000015258789,32.31999969482422,33.08000183105469,3970400,0,0.0
2006-05-25,33.54999923706055,33.90999984741211,32.79999923706055,33.7400016784668,2298100,0,0.0
2006-05-26,34.0,35.0,33.86000061035156,34.439998626708984,931300,0,0.0
2006-05-30,35.439998626708984,35.689998626708984,33.7400016784668,33.83000183105469,1269600,0,0.0
2006-05-31,34.029998779296875,35.459999084472656,34.029998779296875,35.459999084472656,2219900,0,0.0
2006-06-01,35.529998779296875,35.939998626708984,34.779998779296875,35.79999923706055,1162200,0,0.0
2006-06-02,36.34000015258789,36.56999969482422,35.529998779296875,36.040000915527344,1422600,0,0.0
2006-06-05,36.349998474121094,36.689998626708984,34.619998931884766,34.970001220703125,1862300,0,0.0
2006-06-06,35.209999084472656,35.279998779296875,33.31999969482422,34.02000045776367,1820100,0,0.0
2006-06-07,33.880001068115234,34.11000061035156,32.27000045776367,32.40999984741211,1873100,0,0.0
2006-06-08,32.15999984741211,32.279998779296875,30.290000915527344,32.13999938964844,3010000,0,0.0
2006-06-09,32.439998626708984,32.790000915527344,31.219999313354492,31.81999969482422,1765300,0,0.0
2006-06-12,31.75,32.060001373291016,30.610000610351562,30.950000762939453,1450100,0,0.0
2006-06-13,30.75,31.649999618530273,30.209999084472656,30.670000076293945,2121800,0,0.0
2006-06-14,30.260000228881836,30.950000762939453,29.770000457763672,30.43000030517578,1899800,0,0.0
2006-06-15,30.469999313354492,32.0,30.469999313354492,31.770000457763672,1886900,0,0.0
2006-06-16,31.790000915527344,32.099998474121094,30.530000686645508,31.420000076293945,1732900,0,0.0
2006-06-19,31.6200008392334,31.8799991607666,29.3799991607666,29.81999969482422,1445100,0,0.0
2006-06-20,29.760000228881836,30.329999923706055,29.139999389648438,29.139999389648438,904500,0,0.0
2006-06-21,29.229999542236328,31.649999618530273,29.229999542236328,31.0,1415500,0,0.0
2006-06-22,31.09000015258789,31.170000076293945,29.829999923706055,30.290000915527344,1235400,0,0.0
2006-06-23,30.649999618530273,33.08000183105469,30.479999542236328,32.900001525878906,1981500,0,0.0
2006-06-26,33.150001525878906,33.970001220703125,32.61000061035156,33.959999084472656,1183400,0,0.0
2006-06-27,33.97999954223633,34.70000076293945,33.189998626708984,33.36000061035156,1513000,0,0.0
2006-06-28,33.650001525878906,34.41999816894531,33.02000045776367,34.2599983215332,1112500,0,0.0
2006-06-29,34.52000045776367,36.220001220703125,34.33000183105469,35.91999816894531,1679800,0,0.0
2006-06-30,36.36000061035156,40.36000061035156,36.0099983215332,40.36000061035156,8176500,0,0.0
2006-07-03,39.93000030517578,40.02000045776367,38.59000015258789,39.880001068115234,1847900,0,0.0
2006-07-05,39.599998474121094,41.689998626708984,38.90999984741211,41.33000183105469,3586600,0,0.0
2006-07-06,41.20000076293945,41.91999816894531,39.63999938964844,40.130001068115234,3170300,0,0.0
2006-07-07,40.150001525878906,40.5,39.220001220703125,39.38999938964844,1596800,0,0.0
2006-07-10,39.400001525878906,39.97999954223633,38.470001220703125,38.59000015258789,1278200,0,0.0
2006-07-11,38.59000015258789,39.0099983215332,37.619998931884766,38.93000030517578,2514500,0,0.0
2006-07-12,39.36000061035156,39.68000030517578,38.88999938964844,39.29999923706055,1507600,0,0.0
2006-07-13,39.040000915527344,39.70000076293945,38.52000045776367,38.9900016784668,1988000,0,0.0
2006-07-14,39.09000015258789,39.43000030517578,38.09000015258789,38.79999923706055,1231400,0,0.0
2006-07-17,39.43000030517578,39.779998779296875,37.91999816894531,38.27000045776367,1953700,0,0.0
2006-07-18,38.29999923706055,39.36000061035156,36.79999923706055,37.79999923706055,920000,0,0.0
2006-07-19,37.79999923706055,38.88999938964844,37.540000915527344,38.779998779296875,689500,0,0.0
2006-07-20,39.0,39.04999923706055,37.29999923706055,37.529998779296875,903400,0,0.0
2006-07-21,37.599998474121094,37.599998474121094,35.79999923706055,36.349998474121094,1272300,0,0.0
2006-07-24,36.279998779296875,37.43000030517578,36.20000076293945,37.279998779296875,539000,0,0.0
2006-07-25,37.45000076293945,38.22999954223633,37.290000915527344,38.099998474121094,750400,0,0.0
2006-07-26,38.31999969482422,39.59000015258789,37.650001525878906,39.150001525878906,671800,0,0.0
2006-07-27,39.380001068115234,39.84000015258789,38.09000015258789,38.65999984741211,733900,0,0.0
2006-07-28,37.75,38.099998474121094,37.54999923706055,37.70000076293945,802200,0,0.0
2006-07-31,38.0,39.189998626708984,37.79999923706055,38.9900016784668,1158800,0,0.0
2006-08-01,39.16999816894531,40.18000030517578,38.56999969482422,40.119998931884766,1100100,0,0.0
2006-08-02,39.29999923706055,41.06999969482422,38.900001525878906,39.220001220703125,1585400,0,0.0
2006-08-03,38.29999923706055,39.25,38.0,38.58000183105469,796500,0,0.0
2006-08-04,38.95000076293945,39.130001068115234,37.189998626708984,37.630001068115234,796600,0,0.0
2006-08-07,37.7599983215332,38.380001068115234,37.349998474121094,37.849998474121094,948700,0,0.0
2006-08-08,37.900001525878906,37.939998626708984,36.58000183105469,36.849998474121094,937400,0,0.0
2006-08-09,37.20000076293945,37.349998474121094,36.470001220703125,36.61000061035156,759600,0,0.0
2006-08-10,36.54999923706055,36.54999923706055,35.720001220703125,36.27000045776367,662400,0,0.0
2006-08-11,36.52000045776367,36.650001525878906,35.349998474121094,35.70000076293945,677900,0,0.0
2006-08-14,35.599998474121094,35.599998474121094,34.75,34.970001220703125,956800,0,0.0
2006-08-15,34.79999923706055,35.689998626708984,34.79999923706055,35.599998474121094,427100,0,0.0
2006-08-16,36.04999923706055,37.0,35.849998474121094,36.54999923706055,1137500,0,0.0
2006-08-17,36.29999923706055,36.41999816894531,35.400001525878906,35.779998779296875,804100,0,0.0
2006-08-18,35.779998779296875,36.95000076293945,35.779998779296875,36.560001373291016,770500,0,0.0
2006-08-21,36.810001373291016,37.34000015258789,36.68000030517578,37.2400016784668,636000,0,0.0
2006-08-22,37.5,38.349998474121094,37.29999923706055,37.720001220703125,1069200,0,0.0
2006-08-23,38.45000076293945,38.5,37.06999969482422,37.349998474121094,654500,0,0.0
2006-08-24,37.369998931884766,37.70000076293945,37.04999923706055,37.45000076293945,429200,0,0.0
2006-08-25,37.900001525878906,38.619998931884766,37.869998931884766,38.5099983215332,644600,0,0.0
2006-08-28,38.0,38.470001220703125,37.599998474121094,37.90999984741211,630700,0,0.0
2006-08-29,37.709999084472656,38.900001525878906,37.650001525878906,38.65999984741211,827300,0,0.0
2006-08-30,38.5,38.65999984741211,37.79999923706055,38.45000076293945,1250700,0,0.0
2006-08-31,38.33000183105469,38.97999954223633,38.09000015258789,38.459999084472656,986700,0,0.0
2006-09-01,38.599998474121094,39.459999084472656,38.45000076293945,39.150001525878906,594900,0,0.0
2006-09-05,40.0,40.599998474121094,39.47999954223633,39.849998474121094,1326200,0,0.0
2006-09-06,40.04999923706055,40.04999923706055,38.31999969482422,38.52000045776367,1238100,0,0.0
2006-09-07,38.439998626708984,38.59000015258789,37.779998779296875,38.25,806900,0,0.0
2006-09-08,38.31999969482422,38.5,36.65999984741211,36.83000183105469,1143300,0,0.0
2006-09-11,35.5,35.86000061035156,34.380001068115234,34.380001068115234,2077200,0,0.0
2006-09-12,33.5,34.18000030517578,33.20000076293945,33.9900016784668,1804900,0,0.0
2006-09-13,34.349998474121094,34.93000030517578,34.0,34.45000076293945,830900,0,0.0
2006-09-14,34.54999923706055,34.75,32.77000045776367,33.11000061035156,1867900,0,0.0
2006-09-15,33.279998779296875,33.779998779296875,32.900001525878906,33.54999923706055,1203300,0,0.0
2006-09-18,33.900001525878906,34.279998779296875,33.349998474121094,34.0,907700,0,0.0
2006-09-19,34.400001525878906,34.400001525878906,33.369998931884766,33.400001525878906,1046500,0,0.0
2006-09-20,33.0,33.459999084472656,32.349998474121094,32.58000183105469,1330800,0,0.0
2006-09-21,32.650001525878906,33.95000076293945,32.630001068115234,33.29999923706055,1072400,0,0.0
2006-09-22,33.58000183105469,33.599998474121094,32.54999923706055,32.810001373291016,963500,0,0.0
2006-09-25,31.850000381469727,34.619998931884766,30.0,32.529998779296875,1605000,0,0.0
2006-09-26,32.33000183105469,33.4900016784668,32.060001373291016,33.16999816894531,902800,0,0.0
2006-09-27,33.45000076293945,33.79999923706055,33.0099983215332,33.599998474121094,1033000,0,0.0
2006-09-28,33.630001068115234,34.04999923706055,33.150001525878906,33.310001373291016,768900,0,0.0
2006-09-29,33.150001525878906,33.93000030517578,33.150001525878906,33.400001525878906,1191100,0,0.0
2006-10-02,33.0,33.2400016784668,31.209999084472656,31.309999465942383,1953100,0,0.0
2006-10-03,29.489999771118164,29.700000762939453,27.549999237060547,29.15999984741211,6550300,0,0.0
2006-10-04,29.0,29.399999618530273,28.15999984741211,28.530000686645508,2968700,0,0.0
2006-10-05,29.0,29.149999618530273,28.360000610351562,28.899999618530273,1774100,0,0.0
2006-10-06,29.0,29.450000762939453,28.459999084472656,29.049999237060547,1665500,0,0.0
2006-10-09,28.950000762939453,29.899999618530273,28.729999542236328,28.790000915527344,1398400,0,0.0
2006-10-10,28.549999237060547,29.780000686645508,28.530000686645508,29.65999984741211,1317500,0,0.0
2006-10-11,29.649999618530273,29.649999618530273,28.709999084472656,28.75,1373100,0,0.0
2006-10-12,28.950000762939453,30.049999237060547,28.899999618530273,30.0,1391100,0,0.0
2006-10-13,30.25,31.09000015258789,30.149999618530273,30.68000030517578,1233400,0,0.0
2006-10-16,30.6200008392334,31.75,30.6200008392334,31.670000076293945,1094400,0,0.0
2006-10-17,31.799999237060547,31.969999313354492,31.149999618530273,31.950000762939453,1999900,0,0.0
2006-10-18,31.950000762939453,32.20000076293945,31.600000381469727,32.18000030517578,2413600,0,0.0
2006-10-19,32.18000030517578,32.470001220703125,31.520000457763672,32.09000015258789,1719200,0,0.0
2006-10-20,31.850000381469727,31.959999084472656,31.049999237060547,31.450000762939453,1293100,0,0.0
2006-10-23,31.479999542236328,31.950000762939453,30.5,30.889999389648438,1603500,0,0.0
2006-10-24,30.700000762939453,32.349998474121094,30.700000762939453,32.18000030517578,1017800,0,0.0
2006-10-25,32.0,33.439998626708984,31.649999618530273,33.0,1429700,0,0.0
2006-10-26,33.099998474121094,33.45000076293945,32.5,33.13999938964844,1358500,0,0.0
2006-10-27,33.13999938964844,33.310001373291016,32.119998931884766,32.189998626708984,835500,0,0.0
2006-10-30,32.0,32.0099983215332,31.510000228881836,31.649999618530273,856400,0,0.0
2006-10-31,31.489999771118164,32.29999923706055,31.030000686645508,32.29999923706055,879300,0,0.0
2006-11-01,31.969999313354492,31.969999313354492,30.459999084472656,31.1200008392334,2602400,0,0.0
2006-11-02,30.600000381469727,31.56999969482422,30.549999237060547,31.399999618530273,2419700,0,0.0
2006-11-03,31.25,32.56999969482422,31.25,32.5,1539400,0,0.0
2006-11-06,32.599998474121094,32.599998474121094,31.5,32.04999923706055,1387900,0,0.0
2006-11-07,32.209999084472656,32.209999084472656,31.389999389648438,31.5,1498000,0,0.0
2006-11-08,31.299999237060547,32.31999969482422,31.299999237060547,32.25,2498300,0,0.0
2006-11-09,32.20000076293945,33.369998931884766,32.029998779296875,32.869998931884766,1619900,0,0.0
2006-11-10,32.20000076293945,32.5,31.739999771118164,31.920000076293945,951400,0,0.0
2006-11-13,31.5,31.600000381469727,30.899999618530273,31.059999465942383,1665800,0,0.0
2006-11-14,31.040000915527344,31.25,30.8799991607666,31.079999923706055,1670700,0,0.0
2006-11-15,30.829999923706055,31.549999237060547,30.829999923706055,31.280000686645508,1979900,0,0.0
2006-11-16,31.290000915527344,31.489999771118164,29.799999237060547,29.850000381469727,1888000,0,0.0
2006-11-17,29.350000381469727,30.309999465942383,29.100000381469727,29.899999618530273,3089100,0,0.0
2006-11-20,29.75,31.25,29.399999618530273,30.729999542236328,1874300,0,0.0
2006-11-21,31.5,32.189998626708984,31.229999542236328,32.11000061035156,2214800,0,0.0
2006-11-22,32.11000061035156,32.40999984741211,31.25,32.099998474121094,1474100,0,0.0
2006-11-24,32.099998474121094,32.4900016784668,31.940000534057617,32.209999084472656,480400,0,0.0
2006-11-27,32.47999954223633,33.08000183105469,31.959999084472656,32.099998474121094,2024800,0,0.0
2006-11-28,32.9900016784668,34.16999816894531,32.13999938964844,33.470001220703125,2391300,0,0.0
2006-11-29,34.59000015258789,35.43000030517578,34.150001525878906,35.279998779296875,1798900,0,0.0
2006-11-30,35.97999954223633,37.29999923706055,35.5,36.779998779296875,4132100,0,0.0
2006-12-01,36.63999938964844,37.029998779296875,35.84000015258789,36.88999938964844,2019500,0,0.0
2006-12-04,36.88999938964844,36.88999938964844,35.7400016784668,35.959999084472656,1475600,0,0.0
2006-12-05,36.15999984741211,36.40999984741211,35.540000915527344,35.599998474121094,3562400,0,0.0
2006-12-06,35.54999923706055,35.70000076293945,34.97999954223633,35.45000076293945,3299700,0,0.0
2006-12-07,35.5,35.599998474121094,34.849998474121094,35.279998779296875,1466600,0,0.0
2006-12-08,35.650001525878906,35.939998626708984,34.970001220703125,35.5099983215332,1707500,0,0.0
2006-12-11,35.04999923706055,35.84000015258789,34.90999984741211,35.650001525878906,1591300,0,0.0
2006-12-12,35.45000076293945,35.7400016784668,35.0099983215332,35.2400016784668,2010600,0,0.0
2006-12-13,35.220001220703125,35.79999923706055,34.7599983215332,35.619998931884766,2060700,0,0.0
2006-12-14,35.619998931884766,36.099998474121094,34.65999984741211,34.95000076293945,2509900,0,0.0
2006-12-15,34.88999938964844,35.470001220703125,34.099998474121094,35.27000045776367,3333000,0,0.0
2006-12-18,35.099998474121094,35.220001220703125,33.84000015258789,34.13999938964844,2158700,0,0.0
2006-12-19,33.56999969482422,34.68000030517578,33.43000030517578,34.220001220703125,1192800,0,0.0
2006-12-20,34.099998474121094,34.279998779296875,33.2400016784668,33.25,1059400,0,0.0
2006-12-21,33.150001525878906,33.869998931884766,32.79999923706055,32.900001525878906,893600,0,0.0
2006-12-22,32.650001525878906,32.959999084472656,31.959999084472656,32.06999969482422,1388100,0,0.0
2006-12-26,32.25,32.599998474121094,31.579999923706055,31.700000762939453,1194500,0,0.0
2006-12-27,32.150001525878906,32.16999816894531,31.649999618530273,31.84000015258789,1618400,0,0.0
2006-12-28,31.84000015258789,32.0,31.309999465942383,31.530000686645508,1328100,0,0.0
2006-12-29,31.31999969482422,31.6299991607666,31.190000534057617,31.3700008392334,1265100,0,0.0
2007-01-03,31.25,31.399999618530273,29.610000610351562,29.850000381469727,3435300,0,0.0
2007-01-04,29.829999923706055,30.209999084472656,29.440000534057617,29.65999984741211,2582300,0,0.0
2007-01-05,29.65999984741211,30.0,29.40999984741211,29.790000915527344,1535600,0,0.0
2007-01-08,30.200000762939453,30.670000076293945,29.43000030517578,29.530000686645508,1621400,0,0.0
2007-01-09,29.270000457763672,29.850000381469727,28.81999969482422,29.399999618530273,2583000,0,0.0
2007-01-10,29.049999237060547,29.25,28.600000381469727,28.739999771118164,2898700,0,0.0
2007-01-11,28.350000381469727,29.170000076293945,27.889999389648438,28.0,2587900,0,0.0
2007-01-12,27.889999389648438,30.030000686645508,27.889999389648438,29.889999389648438,3301400,0,0.0
2007-01-16,29.850000381469727,29.950000762939453,29.360000610351562,29.799999237060547,1808500,0,0.0
2007-01-17,29.600000381469727,30.90999984741211,29.520000457763672,30.729999542236328,1854000,0,0.0
2007-01-18,30.959999084472656,31.270000457763672,30.149999618530273,30.299999237060547,1618700,0,0.0
2007-01-19,30.770000457763672,31.15999984741211,30.34000015258789,31.110000610351562,896100,0,0.0
2007-01-22,31.5,31.760000228881836,31.010000228881836,31.139999389648438,989000,0,0.0
2007-01-23,31.200000762939453,32.06999969482422,31.200000762939453,31.770000457763672,1013700,0,0.0
2007-01-24,31.700000762939453,32.189998626708984,31.229999542236328,32.099998474121094,923300,0,0.0
2007-01-25,32.099998474121094,32.599998474121094,30.90999984741211,31.06999969482422,732800,0,0.0
2007-01-26,31.100000381469727,31.59000015258789,31.100000381469727,31.31999969482422,477900,0,0.0
2007-01-29,31.5,31.68000030517578,30.969999313354492,31.110000610351562,628000,0,0.0
2007-01-30,31.149999618530273,32.16999816894531,31.149999618530273,31.940000534057617,856400,0,0.0
2007-01-31,31.940000534057617,32.29999923706055,31.5,32.16999816894531,954200,0,0.0
2007-02-01,32.400001525878906,32.4900016784668,31.81999969482422,32.220001220703125,699200,0,0.0
2007-02-02,31.969999313354492,32.2400016784668,31.239999771118164,32.060001373291016,865500,0,0.0
2007-02-05,32.2400016784668,32.540000915527344,32.060001373291016,32.290000915527344,1045100,0,0.0
2007-02-06,32.45000076293945,32.72999954223633,32.2599983215332,32.70000076293945,1037700,0,0.0
2007-02-07,32.97999954223633,33.0,32.06999969482422,32.36000061035156,1173500,0,0.0
2007-02-08,32.29999923706055,32.90999984741211,32.2400016784668,32.880001068115234,1002700,0,0.0
2007-02-09,33.0,33.16999816894531,32.77000045776367,33.02000045776367,1091600,0,0.0
2007-02-12,33.0,33.0,32.349998474121094,32.52000045776367,707200,0,0.0
2007-02-13,32.5,32.7599983215332,32.400001525878906,32.720001220703125,881000,0,0.0
2007-02-14,32.79999923706055,33.09000015258789,32.5,32.880001068115234,898300,0,0.0
2007-02-15,32.68000030517578,32.709999084472656,32.220001220703125,32.470001220703125,751300,0,0.0
2007-02-16,32.56999969482422,33.040000915527344,32.439998626708984,32.79999923706055,835900,0,0.0
2007-02-20,32.70000076293945,33.0,32.43000030517578,32.599998474121094,785000,0,0.0
2007-02-21,32.5,32.880001068115234,32.04999923706055,32.81999969482422,1843300,0,0.0
2007-02-22,32.95000076293945,33.33000183105469,32.45000076293945,33.22999954223633,1271900,0,0.0
2007-02-23,33.349998474121094,34.18000030517578,33.279998779296875,34.04999923706055,1240600,0,0.0
2007-02-26,34.29999923706055,34.5,34.11000061035156,34.13999938964844,1449600,0,0.0
2007-02-27,34.0099983215332,34.59000015258789,32.900001525878906,33.38999938964844,2354300,0,0.0
2007-02-28,33.38999938964844,33.88999938964844,33.150001525878906,33.4900016784668,1459000,0,0.0
2007-03-01,33.20000076293945,33.9900016784668,32.75,33.54999923706055,1023500,0,0.0
2007-03-02,33.54999923706055,33.630001068115234,32.900001525878906,32.95000076293945,895400,0,0.0
2007-03-05,32.099998474121094,33.08000183105469,32.02000045776367,32.439998626708984,1692900,0,0.0
2007-03-06,32.95000076293945,33.119998931884766,32.720001220703125,32.959999084472656,1655600,0,0.0
2007-03-07,33.099998474121094,34.0099983215332,32.90999984741211,33.650001525878906,1501800,0,0.0
2007-03-08,33.939998626708984,34.02000045776367,33.380001068115234,33.650001525878906,873400,0,0.0
2007-03-09,33.63999938964844,34.040000915527344,33.290000915527344,33.650001525878906,2035200,0,0.0
2007-03-12,33.209999084472656,33.4900016784668,33.119998931884766,33.36000061035156,728300,0,0.0
2007-03-13,33.15999984741211,33.970001220703125,33.130001068115234,33.25,952200,0,0.0
2007-03-14,33.20000076293945,33.7400016784668,33.06999969482422,33.63999938964844,933300,0,0.0
2007-03-15,33.7599983215332,33.95000076293945,33.5099983215332,33.72999954223633,771200,0,0.0
2007-03-16,33.900001525878906,34.08000183105469,33.52000045776367,33.86000061035156,989200,0,0.0
2007-03-19,34.02000045776367,35.209999084472656,34.02000045776367,35.04999923706055,2676800,0,0.0
2007-03-20,35.20000076293945,35.20000076293945,34.38999938964844,35.13999938964844,1179700,0,0.0
2007-03-21,35.18000030517578,36.290000915527344,35.130001068115234,35.83000183105469,1783200,0,0.0
2007-03-22,36.0,36.36000061035156,35.779998779296875,36.279998779296875,1234300,0,0.0
2007-03-23,36.279998779296875,36.619998931884766,36.279998779296875,36.619998931884766,845300,0,0.0
2007-03-26,36.619998931884766,36.880001068115234,36.11000061035156,36.77000045776367,812700,0,0.0
2007-03-27,36.720001220703125,36.720001220703125,36.18000030517578,36.66999816894531,814800,0,0.0
2007-03-28,36.900001525878906,37.36000061035156,36.650001525878906,37.06999969482422,2003700,0,0.0
2007-03-29,37.06999969482422,37.52000045776367,36.54999923706055,37.45000076293945,1485000,0,0.0
2007-03-30,37.45000076293945,37.59000015258789,37.060001373291016,37.290000915527344,1141600,0,0.0
2007-04-02,37.349998474121094,38.290000915527344,37.349998474121094,38.25,1265400,0,0.0
2007-04-03,38.189998626708984,38.20000076293945,37.400001525878906,37.88999938964844,1335100,0,0.0
2007-04-04,37.650001525878906,37.70000076293945,36.88999938964844,37.599998474121094,1657200,0,0.0
2007-04-05,37.650001525878906,38.119998931884766,37.560001373291016,38.08000183105469,1119700,0,0.0
2007-04-09,38.04999923706055,38.5,37.84000015258789,38.18000030517578,1048200,0,0.0
2007-04-10,38.099998474121094,38.880001068115234,38.0,38.86000061035156,902600,0,0.0
2007-04-11,38.900001525878906,38.97999954223633,38.29999923706055,38.650001525878906,1366800,0,0.0
2007-04-12,38.70000076293945,39.529998779296875,38.52000045776367,39.38999938964844,1006100,0,0.0
2007-04-13,39.29999923706055,39.45000076293945,38.9900016784668,39.400001525878906,897600,0,0.0
2007-04-16,39.47999954223633,39.59000015258789,38.540000915527344,39.5099983215332,1418800,0,0.0
2007-04-17,39.650001525878906,39.849998474121094,38.959999084472656,39.189998626708984,686800,0,0.0
2007-04-18,38.70000076293945,38.88999938964844,38.119998931884766,38.20000076293945,1964500,0,0.0
2007-04-19,37.97999954223633,38.33000183105469,37.540000915527344,37.86000061035156,1385000,0,0.0
2007-04-20,38.0,38.689998626708984,38.0,38.63999938964844,929600,0,0.0
2007-04-23,38.5,39.06999969482422,38.31999969482422,38.66999816894531,899500,0,0.0
2007-04-24,38.81999969482422,38.90999984741211,38.38999938964844,38.52000045776367,671900,0,0.0
2007-04-25,38.58000183105469,39.209999084472656,38.58000183105469,39.06999969482422,1967100,0,0.0
2007-04-26,39.08000183105469,39.459999084472656,38.70000076293945,39.150001525878906,592600,0,0.0
2007-04-27,39.029998779296875,39.540000915527344,38.72999954223633,39.290000915527344,908100,0,0.0
2007-04-30,39.290000915527344,39.54999923706055,38.16999816894531,38.2599983215332,1170000,0,0.0
2007-05-01,38.279998779296875,39.119998931884766,38.25,38.79999923706055,857200,0,0.0
2007-05-02,39.04999923706055,39.93000030517578,38.81999969482422,39.79999923706055,937900,0,0.0
2007-05-03,37.68000030517578,37.84000015258789,35.54999923706055,36.849998474121094,5578300,0,0.0
2007-05-04,37.34000015258789,37.34000015258789,35.369998931884766,36.54999923706055,3427700,0,0.0
2007-05-07,36.150001525878906,36.630001068115234,35.95000076293945,36.29999923706055,1561400,0,0.0
2007-05-08,36.06999969482422,36.06999969482422,35.459999084472656,36.06999969482422,1950100,0,0.0
2007-05-09,35.849998474121094,36.029998779296875,35.279998779296875,35.95000076293945,1365500,0,0.0
2007-05-10,35.9900016784668,36.529998779296875,35.41999816894531,35.52000045776367,1126100,0,0.0
2007-05-11,35.560001373291016,36.56999969482422,35.560001373291016,36.380001068115234,1069500,0,0.0
2007-05-14,35.95000076293945,36.369998931884766,35.900001525878906,36.119998931884766,1238100,0,0.0
2007-05-15,36.20000076293945,36.869998931884766,36.04999923706055,36.61000061035156,1620000,0,0.0
2007-05-16,36.70000076293945,36.91999816894531,36.20000076293945,36.810001373291016,1116200,0,0.0
2007-05-17,36.810001373291016,38.25,36.56999969482422,38.18000030517578,1390400,0,0.0
2007-05-18,38.439998626708984,38.90999984741211,38.209999084472656,38.880001068115234,1163800,0,0.0
2007-05-21,38.95000076293945,39.93000030517578,38.7599983215332,39.52000045776367,1955800,0,0.0
2007-05-22,39.470001220703125,40.380001068115234,39.18000030517578,39.31999969482422,1683700,0,0.0
2007-05-23,39.27000045776367,40.81999969482422,39.27000045776367,40.540000915527344,3137800,0,0.0
2007-05-24,40.560001373291016,40.599998474121094,37.88999938964844,38.150001525878906,2554800,0,0.0
2007-05-25,38.650001525878906,39.38999938964844,38.61000061035156,39.290000915527344,898900,0,0.0
2007-05-29,39.2400016784668,39.95000076293945,39.02000045776367,39.380001068115234,1005800,0,0.0
2007-05-30,39.349998474121094,40.349998474121094,39.119998931884766,40.349998474121094,878300,0,0.0
2007-05-31,40.209999084472656,40.40999984741211,39.5,39.849998474121094,1241200,0,0.0
2007-06-01,40.290000915527344,40.4900016784668,40.02000045776367,40.40999984741211,1191500,0,0.0
2007-06-04,40.04999923706055,41.47999954223633,40.029998779296875,41.439998626708984,1554000,0,0.0
2007-06-05,41.5,41.5,40.880001068115234,41.119998931884766,1017500,0,0.0
2007-06-06,40.93000030517578,41.0099983215332,39.79999923706055,40.0099983215332,822300,0,0.0
2007-06-07,40.0,40.38999938964844,39.56999969482422,39.650001525878906,1632100,0,0.0
2007-06-08,39.5,39.599998474121094,38.790000915527344,39.5,1226200,0,0.0
2007-06-11,39.5,39.95000076293945,39.369998931884766,39.59000015258789,480700,0,0.0
2007-06-12,39.59000015258789,39.83000183105469,38.90999984741211,38.91999816894531,1056400,0,0.0
2007-06-13,39.34000015258789,39.939998626708984,38.970001220703125,39.849998474121094,1009700,0,0.0
2007-06-14,40.150001525878906,40.88999938964844,40.150001525878906,40.63999938964844,1302400,0,0.0
2007-06-15,40.79999923706055,41.02000045776367,40.61000061035156,40.849998474121094,955200,0,0.0
2007-06-18,40.79999923706055,41.02000045776367,40.310001373291016,41.0099983215332,978000,0,0.0
2007-06-19,40.900001525878906,41.08000183105469,40.189998626708984,41.06999969482422,648500,0,0.0
2007-06-20,41.06999969482422,41.13999938964844,40.06999969482422,40.2400016784668,1334300,0,0.0
2007-06-21,40.459999084472656,41.20000076293945,39.81999969482422,41.040000915527344,1182200,0,0.0
2007-06-22,41.13999938964844,41.2400016784668,40.400001525878906,41.08000183105469,1256200,0,0.0
2007-06-25,40.939998626708984,40.9900016784668,40.0099983215332,40.38999938964844,1301900,0,0.0
2007-06-26,40.18000030517578,40.310001373291016,38.529998779296875,38.529998779296875,1243000,0,0.0
2007-06-27,38.45000076293945,39.81999969482422,37.97999954223633,39.810001373291016,2465400,0,0.0
2007-06-28,39.939998626708984,40.15999984741211,39.04999923706055,39.400001525878906,1375100,0,0.0
2007-06-29,39.75,40.18000030517578,39.52000045776367,39.90999984741211,1326300,0,0.0
2007-07-02,40.0,40.27000045776367,39.68000030517578,40.08000183105469,1051500,0,0.0
2007-07-03,40.04999923706055,40.380001068115234,39.79999923706055,40.06999969482422,929700,0,0.0
2007-07-05,40.0,40.040000915527344,38.810001373291016,39.52000045776367,1317800,0,0.0
2007-07-06,39.70000076293945,40.349998474121094,39.63999938964844,39.900001525878906,915500,0,0.0
2007-07-09,40.720001220703125,40.720001220703125,39.75,40.119998931884766,694500,0,0.0
2007-07-10,40.189998626708984,40.189998626708984,39.619998931884766,39.900001525878906,930800,0,0.0
2007-07-11,39.849998474121094,40.25,39.68000030517578,40.150001525878906,1251500,0,0.0
2007-07-12,40.470001220703125,41.0,40.439998626708984,40.970001220703125,1108000,0,0.0
2007-07-13,40.900001525878906,41.439998626708984,40.40999984741211,40.779998779296875,1106200,0,0.0
2007-07-16,40.75,41.25,40.060001373291016,40.61000061035156,1315200,0,0.0
2007-07-17,41.45000076293945,42.189998626708984,41.099998474121094,41.18000030517578,1648000,0,0.0
2007-07-18,41.11000061035156,41.869998931884766,40.81999969482422,41.849998474121094,1443800,0,0.0
2007-07-19,41.91999816894531,42.52000045776367,41.90999984741211,42.4900016784668,975100,0,0.0
2007-07-20,42.599998474121094,43.209999084472656,42.43000030517578,42.95000076293945,1412000,0,0.0
2007-07-23,43.470001220703125,43.86000061035156,42.279998779296875,42.849998474121094,1739000,0,0.0
2007-07-24,42.29999923706055,42.310001373291016,40.56999969482422,40.939998626708984,2035800,0,0.0
2007-07-25,41.150001525878906,41.220001220703125,39.90999984741211,40.97999954223633,1403900,0,0.0
2007-07-26,40.70000076293945,40.77000045776367,38.70000076293945,39.29999923706055,2242800,0,0.0
2007-07-27,39.27000045776367,39.45000076293945,38.279998779296875,38.310001373291016,2013600,0,0.0
2007-07-30,38.650001525878906,39.349998474121094,38.06999969482422,38.95000076293945,1127000,0,0.0
2007-07-31,39.58000183105469,40.130001068115234,38.709999084472656,38.95000076293945,1091600,0,0.0
2007-08-01,39.25,39.540000915527344,37.61000061035156,38.68000030517578,1762700,0,0.0
2007-08-02,38.099998474121094,38.290000915527344,36.849998474121094,37.400001525878906,2337800,0,0.0
2007-08-03,37.599998474121094,37.79999923706055,36.13999938964844,36.29999923706055,1297800,0,0.0
2007-08-06,36.0,36.18000030517578,33.900001525878906,35.25,1992500,0,0.0
2007-08-07,35.29999923706055,36.650001525878906,35.02000045776367,36.52000045776367,2056700,0,0.0
2007-08-08,36.880001068115234,39.13999938964844,36.869998931884766,38.5,2457400,0,0.0
2007-08-09,38.0,40.31999969482422,37.93000030517578,39.54999923706055,2968900,0,0.0
2007-08-10,38.70000076293945,39.650001525878906,38.209999084472656,39.43000030517578,1603300,0,0.0
2007-08-13,39.75,40.0,38.0099983215332,38.439998626708984,900700,0,0.0
2007-08-14,38.439998626708984,38.63999938964844,37.599998474121094,37.77000045776367,910000,0,0.0
2007-08-15,37.70000076293945,38.16999816894531,36.63999938964844,36.83000183105469,1132600,0,0.0
2007-08-16,36.0,36.31999969482422,35.040000915527344,36.06999969482422,1724200,0,0.0
2007-08-17,36.630001068115234,37.540000915527344,35.650001525878906,36.45000076293945,1222800,0,0.0
2007-08-20,36.400001525878906,36.720001220703125,35.380001068115234,36.119998931884766,1246900,0,0.0
2007-08-21,35.93000030517578,36.22999954223633,35.20000076293945,35.34000015258789,982400,0,0.0
2007-08-22,35.29999923706055,35.869998931884766,35.0,35.689998626708984,1237800,0,0.0
2007-08-23,36.16999816894531,36.869998931884766,35.72999954223633,36.779998779296875,786000,0,0.0
2007-08-24,36.79999923706055,38.20000076293945,36.79999923706055,38.119998931884766,844300,0,0.0
2007-08-27,38.150001525878906,38.22999954223633,37.25,37.439998626708984,660700,0,0.0
2007-08-28,37.47999954223633,37.4900016784668,36.459999084472656,36.52000045776367,756200,0,0.0
2007-08-29,36.70000076293945,38.099998474121094,36.70000076293945,37.95000076293945,801000,0,0.0
2007-08-30,37.720001220703125,38.54999923706055,37.439998626708984,38.18000030517578,821900,0,0.0
2007-08-31,39.25,39.25,38.22999954223633,38.43000030517578,656600,0,0.0
2007-09-04,38.599998474121094,39.68000030517578,38.540000915527344,38.93000030517578,587900,0,0.0
2007-09-05,38.79999923706055,39.7400016784668,38.439998626708984,39.72999954223633,915600,0,0.0
2007-09-06,39.95000076293945,40.130001068115234,39.470001220703125,39.650001525878906,895500,0,0.0
2007-09-07,39.25,39.79999923706055,38.36000061035156,39.59000015258789,723200,0,0.0
2007-09-10,39.599998474121094,39.900001525878906,38.77000045776367,39.52000045776367,604500,0,0.0
2007-09-11,39.400001525878906,39.84000015258789,38.880001068115234,39.709999084472656,816000,0,0.0
2007-09-12,39.849998474121094,40.849998474121094,39.650001525878906,40.529998779296875,939400,0,0.0
2007-09-13,40.75,41.119998931884766,40.58000183105469,40.72999954223633,510000,0,0.0
2007-09-14,40.5,41.18000030517578,40.04999923706055,40.97999954223633,415100,0,0.0
2007-09-17,40.75,40.86000061035156,40.220001220703125,40.349998474121094,544600,0,0.0
2007-09-18,40.400001525878906,41.459999084472656,40.099998474121094,41.349998474121094,595500,0,0.0
2007-09-19,41.5,42.0,41.5,41.7599983215332,819700,0,0.0
2007-09-20,41.560001373291016,42.13999938964844,41.5,41.79999923706055,875700,0,0.0
2007-09-21,41.900001525878906,42.689998626708984,41.790000915527344,42.41999816894531,689600,0,0.0
2007-09-24,42.41999816894531,42.459999084472656,41.400001525878906,41.529998779296875,887700,0,0.0
2007-09-25,41.220001220703125,41.560001373291016,40.81999969482422,41.349998474121094,590500,0,0.0
2007-09-26,41.5,41.54999923706055,40.209999084472656,40.75,685100,0,0.0
2007-09-27,41.0,41.599998474121094,40.95000076293945,41.470001220703125,1160500,0,0.0
2007-09-28,41.54999923706055,42.83000183105469,41.38999938964844,42.459999084472656,1873400,0,0.0
2007-10-01,42.54999923706055,43.65999984741211,42.47999954223633,43.5,806700,0,0.0
2007-10-02,43.45000076293945,44.290000915527344,43.25,44.25,887200,0,0.0
2007-10-03,43.900001525878906,45.4900016784668,43.650001525878906,44.900001525878906,1761600,0,0.0
2007-10-04,44.900001525878906,45.310001373291016,44.869998931884766,45.13999938964844,1133000,0,0.0
2007-10-05,45.70000076293945,46.47999954223633,45.470001220703125,46.0,2597000,0,0.0
2007-10-08,45.5,45.709999084472656,44.65999984741211,45.029998779296875,665800,0,0.0
2007-10-09,45.0099983215332,45.599998474121094,44.959999084472656,45.599998474121094,1032100,0,0.0
2007-10-10,45.459999084472656,46.0,45.0099983215332,45.849998474121094,1262900,0,0.0
2007-10-11,45.95000076293945,46.79999923706055,45.81999969482422,46.29999923706055,1539300,0,0.0
2007-10-12,46.0,47.08000183105469,46.0,46.84000015258789,782700,0,0.0
2007-10-15,47.220001220703125,47.349998474121094,46.43000030517578,46.720001220703125,743800,0,0.0
2007-10-16,46.5,46.619998931884766,45.650001525878906,45.689998626708984,838800,0,0.0
2007-10-17,46.20000076293945,46.27000045776367,45.310001373291016,45.70000076293945,846000,0,0.0
2007-10-18,45.650001525878906,45.79999923706055,45.08000183105469,45.650001525878906,516000,0,0.0
2007-10-19,46.06999969482422,46.779998779296875,45.13999938964844,45.150001525878906,1460600,0,0.0
2007-10-22,44.22999954223633,44.59000015258789,43.27000045776367,44.09000015258789,962400,0,0.0
2007-10-23,44.540000915527344,45.290000915527344,43.939998626708984,45.22999954223633,1518300,0,0.0
2007-10-24,44.900001525878906,45.400001525878906,44.2599983215332,44.97999954223633,1591200,0,0.0
2007-10-25,45.25,45.59000015258789,44.880001068115234,45.20000076293945,791300,0,0.0
2007-10-26,45.650001525878906,45.93000030517578,45.189998626708984,45.380001068115234,1031200,0,0.0
2007-10-29,45.619998931884766,46.310001373291016,45.5099983215332,46.099998474121094,1434800,0,0.0
2007-10-30,45.7599983215332,45.7599983215332,44.630001068115234,44.630001068115234,585300,0,0.0
2007-10-31,44.880001068115234,46.25,44.880001068115234,46.25,1160600,0,0.0
2007-11-01,45.5,45.529998779296875,43.04999923706055,43.209999084472656,5172900,0,0.0
2007-11-02,43.63999938964844,44.099998474121094,42.56999969482422,43.7400016784668,2366200,0,0.0
2007-11-05,42.86000061035156,43.529998779296875,42.22999954223633,42.86000061035156,1860700,0,0.0
2007-11-06,43.11000061035156,45.0,43.11000061035156,44.88999938964844,1701700,0,0.0
2007-11-07,44.75,45.22999954223633,43.560001373291016,43.619998931884766,1782200,0,0.0
2007-11-08,44.060001373291016,45.02000045776367,43.40999984741211,43.900001525878906,1490900,0,0.0
2007-11-09,43.75,43.75,41.95000076293945,42.0,1345900,0,0.0
2007-11-12,41.650001525878906,41.86000061035156,40.5,40.61000061035156,1299000,0,0.0
2007-11-13,40.79999923706055,41.31999969482422,40.279998779296875,40.93000030517578,1570000,0,0.0
2007-11-14,41.5,41.91999816894531,41.06999969482422,41.150001525878906,788200,0,0.0
2007-11-15,41.22999954223633,41.349998474121094,39.95000076293945,40.349998474121094,926700,0,0.0
2007-11-16,41.040000915527344,41.189998626708984,40.380001068115234,41.0,776500,0,0.0
2007-11-19,41.15999984741211,41.15999984741211,39.54999923706055,39.619998931884766,830700,0,0.0
2007-11-20,39.75,40.70000076293945,39.630001068115234,40.459999084472656,1622300,0,0.0
2007-11-21,40.29999923706055,40.540000915527344,39.810001373291016,39.810001373291016,875100,0,0.0
2007-11-23,40.0,40.599998474121094,39.599998474121094,40.33000183105469,383500,0,0.0
2007-11-26,40.72999954223633,41.18000030517578,39.959999084472656,40.0,893600,0,0.0
2007-11-27,39.79999923706055,39.880001068115234,38.95000076293945,39.29999923706055,1081500,0,0.0
2007-11-28,39.29999923706055,39.97999954223633,39.119998931884766,39.7599983215332,907400,0,0.0
2007-11-29,39.4900016784668,40.70000076293945,39.4900016784668,40.439998626708984,978000,0,0.0
2007-11-30,40.20000076293945,41.04999923706055,40.029998779296875,40.59000015258789,912000,0,0.0
2007-12-03,40.79999923706055,41.029998779296875,38.959999084472656,39.08000183105469,3665900,0,0.0
2007-12-04,38.79999923706055,40.0099983215332,38.709999084472656,39.72999954223633,1413000,0,0.0
2007-12-05,39.93000030517578,41.0099983215332,39.93000030517578,40.77000045776367,1204800,0,0.0
2007-12-06,41.11000061035156,42.0,40.72999954223633,41.689998626708984,800300,0,0.0
2007-12-07,41.70000076293945,42.0,41.38999938964844,42.0,719200,0,0.0
2007-12-10,42.310001373291016,42.47999954223633,41.810001373291016,41.84000015258789,1199800,0,0.0
2007-12-11,42.0,42.459999084472656,41.16999816894531,41.31999969482422,638200,0,0.0
2007-12-12,42.52000045776367,42.75,41.83000183105469,42.650001525878906,825500,0,0.0
2007-12-13,42.5,42.54999923706055,41.33000183105469,42.15999984741211,845500,0,0.0
2007-12-14,41.849998474121094,41.849998474121094,40.970001220703125,41.0099983215332,462700,0,0.0
2007-12-17,41.43000030517578,41.43000030517578,40.27000045776367,40.540000915527344,663800,0,0.0
2007-12-18,41.36000061035156,41.36000061035156,39.59000015258789,40.2599983215332,833700,0,0.0
2007-12-19,40.20000076293945,40.70000076293945,39.709999084472656,40.279998779296875,968300,0,0.0
2007-12-20,40.27000045776367,40.970001220703125,40.11000061035156,40.880001068115234,569300,0,0.0
2007-12-21,41.04999923706055,41.63999938964844,40.939998626708984,41.4900016784668,1064700,0,0.0
2007-12-24,41.619998931884766,41.9900016784668,41.15999984741211,41.77000045776367,177400,0,0.0
2007-12-26,41.900001525878906,42.290000915527344,41.79999923706055,42.220001220703125,242100,0,0.0
2007-12-27,42.04999923706055,42.04999923706055,41.22999954223633,41.349998474121094,316100,0,0.0
2007-12-28,41.959999084472656,41.959999084472656,41.040000915527344,41.040000915527344,339900,0,0.0
2007-12-31,41.099998474121094,41.58000183105469,41.0,41.5,587800,0,0.0
2008-01-02,41.900001525878906,42.119998931884766,41.400001525878906,41.709999084472656,898600,0,0.0
2008-01-03,42.029998779296875,42.83000183105469,41.90999984741211,42.56999969482422,981500,0,0.0
2008-01-04,42.150001525878906,42.279998779296875,41.040000915527344,41.72999954223633,693400,0,0.0
2008-01-07,41.689998626708984,42.25,39.04999923706055,40.380001068115234,2878400,0,0.0
2008-01-08,40.779998779296875,41.400001525878906,40.209999084472656,40.209999084472656,1019700,0,0.0
2008-01-09,40.04999923706055,40.75,39.38999938964844,40.380001068115234,1036100,0,0.0
2008-01-10,40.279998779296875,40.59000015258789,38.970001220703125,40.31999969482422,763100,0,0.0
2008-01-11,40.0,40.2599983215332,39.779998779296875,39.95000076293945,826900,0,0.0
2008-01-14,40.65999984741211,40.939998626708984,40.2400016784668,40.849998474121094,421300,0,0.0
2008-01-15,40.560001373291016,40.560001373291016,39.900001525878906,39.959999084472656,998500,0,0.0
2008-01-16,39.470001220703125,39.84000015258789,37.40999984741211,38.560001373291016,1620200,0,0.0
2008-01-17,39.0099983215332,39.349998474121094,35.959999084472656,36.0,1384200,0,0.0
2008-01-18,36.06999969482422,36.34000015258789,35.220001220703125,36.029998779296875,1174700,0,0.0
2008-01-22,34.20000076293945,35.38999938964844,33.75,35.11000061035156,1915700,0,0.0
2008-01-23,34.349998474121094,35.849998474121094,33.54999923706055,35.619998931884766,1950300,0,0.0
2008-01-24,36.0,37.13999938964844,35.63999938964844,36.400001525878906,1112400,0,0.0
2008-01-25,36.720001220703125,37.75,36.0,36.27000045776367,574800,0,0.0
2008-01-28,36.209999084472656,37.45000076293945,36.099998474121094,37.29999923706055,494700,0,0.0
2008-01-29,37.650001525878906,37.7400016784668,36.869998931884766,37.33000183105469,856000,0,0.0
2008-01-30,36.91999816894531,37.939998626708984,36.400001525878906,36.70000076293945,835800,0,0.0
2008-01-31,36.5,37.630001068115234,35.810001373291016,36.970001220703125,1175500,0,0.0
2008-02-01,36.7400016784668,37.75,36.7400016784668,37.650001525878906,1365200,0,0.0
2008-02-04,37.5,37.540000915527344,33.959999084472656,36.33000183105469,4415300,0,0.0
2008-02-05,35.93000030517578,36.130001068115234,34.959999084472656,35.029998779296875,2007800,0,0.0
2008-02-06,34.959999084472656,35.11000061035156,33.060001373291016,33.2400016784668,1684300,0,0.0
2008-02-07,33.0,33.18000030517578,32.529998779296875,32.84000015258789,2203200,0,0.0
2008-02-08,32.45000076293945,33.43000030517578,32.45000076293945,33.220001220703125,1024700,0,0.0
2008-02-11,33.470001220703125,34.06999969482422,32.880001068115234,33.939998626708984,1214200,0,0.0
2008-02-12,34.18000030517578,34.31999969482422,33.04999923706055,33.36000061035156,1113100,0,0.0
2008-02-13,33.65999984741211,34.16999816894531,33.209999084472656,34.040000915527344,962500,0,0.0
2008-02-14,34.0,34.5,33.189998626708984,33.369998931884766,1197900,0,0.0
2008-02-15,33.439998626708984,33.439998626708984,31.540000915527344,32.91999816894531,3081800,0,0.0
2008-02-19,33.33000183105469,34.529998779296875,33.220001220703125,34.0099983215332,1839100,0,0.0
2008-02-20,33.790000915527344,33.790000915527344,33.099998474121094,33.68000030517578,2108500,0,0.0
2008-02-21,33.970001220703125,33.970001220703125,32.459999084472656,32.619998931884766,1125200,0,0.0
2008-02-22,32.84000015258789,32.97999954223633,31.940000534057617,32.52000045776367,1922100,0,0.0
2008-02-25,32.52000045776367,34.400001525878906,32.4900016784668,33.9900016784668,2588000,0,0.0
2008-02-26,34.0,35.22999954223633,33.540000915527344,34.630001068115234,2383000,0,0.0
2008-02-27,34.209999084472656,34.83000183105469,33.06999969482422,33.11000061035156,2049800,0,0.0
2008-02-28,33.43000030517578,34.25,33.189998626708984,33.599998474121094,3383700,0,0.0
2008-02-29,31.25,36.470001220703125,31.25,35.220001220703125,5772100,0,0.0
2008-03-03,34.970001220703125,35.40999984741211,33.459999084472656,34.650001525878906,2681100,0,0.0
2008-03-04,34.54999923706055,34.630001068115234,33.65999984741211,34.06999969482422,2181200,0,0.0
2008-03-05,34.439998626708984,35.119998931884766,34.18000030517578,34.9900016784668,1248600,0,0.0
2008-03-06,35.099998474121094,35.22999954223633,33.95000076293945,34.08000183105469,846900,0,0.0
2008-03-07,33.779998779296875,33.88999938964844,32.86000061035156,33.279998779296875,1525700,0,0.0
2008-03-10,33.18000030517578,33.2400016784668,32.33000183105469,32.47999954223633,1236600,0,0.0
2008-03-11,32.79999923706055,33.20000076293945,30.989999771118164,31.299999237060547,4575700,0,0.0
2008-03-12,31.030000686645508,31.75,31.030000686645508,31.31999969482422,3929500,0,0.0
2008-03-13,30.899999618530273,32.29999923706055,29.420000076293945,32.25,3685500,0,0.0
2008-03-14,32.369998931884766,32.380001068115234,30.59000015258789,31.219999313354492,2524500,0,0.0
2008-03-17,29.719999313354492,31.09000015258789,29.709999084472656,30.110000610351562,2262000,0,0.0
2008-03-18,30.5,31.639999389648438,30.5,31.440000534057617,3813500,0,0.0
2008-03-19,31.290000915527344,31.360000610351562,29.639999389648438,29.639999389648438,2028600,0,0.0
2008-03-20,29.5,29.639999389648438,28.260000228881836,29.209999084472656,2209300,0,0.0
2008-03-24,28.940000534057617,29.850000381469727,28.799999237060547,29.18000030517578,1856600,0,0.0
2008-03-25,29.399999618530273,29.969999313354492,29.31999969482422,29.790000915527344,1440600,0,0.0
2008-03-26,29.93000030517578,30.709999084472656,29.520000457763672,30.450000762939453,1870300,0,0.0
2008-03-27,30.290000915527344,30.639999389648438,29.209999084472656,29.209999084472656,1399000,0,0.0
2008-03-28,29.700000762939453,31.170000076293945,29.59000015258789,31.049999237060547,2510100,0,0.0
2008-03-31,31.440000534057617,32.290000915527344,31.100000381469727,31.5,2306900,0,0.0
2008-04-01,31.8799991607666,31.8799991607666,30.549999237060547,30.989999771118164,1618900,0,0.0
2008-04-02,31.149999618530273,31.5,30.540000915527344,31.420000076293945,1704100,0,0.0
2008-04-03,31.5,33.25,31.399999618530273,32.7599983215332,2954300,0,0.0
2008-04-04,33.11000061035156,34.25,32.45000076293945,33.810001373291016,2476600,0,0.0
2008-04-07,34.68000030517578,35.0,33.79999923706055,34.02000045776367,2057000,0,0.0
2008-04-08,33.2599983215332,34.04999923706055,33.209999084472656,33.54999923706055,1054200,0,0.0
2008-04-09,33.369998931884766,34.06999969482422,33.15999984741211,33.290000915527344,2272800,0,0.0
2008-04-10,33.349998474121094,33.5099983215332,32.810001373291016,33.36000061035156,1397500,0,0.0
2008-04-11,32.939998626708984,33.20000076293945,32.36000061035156,32.529998779296875,785800,0,0.0
2008-04-14,32.7599983215332,33.560001373291016,32.4900016784668,33.310001373291016,741100,0,0.0
2008-04-15,33.310001373291016,33.779998779296875,32.77000045776367,33.709999084472656,1290400,0,0.0
2008-04-16,34.0,34.810001373291016,33.400001525878906,34.77000045776367,1503600,0,0.0
2008-04-17,34.65999984741211,34.84000015258789,34.13999938964844,34.650001525878906,1247600,0,0.0
2008-04-18,34.84000015258789,36.06999969482422,34.310001373291016,35.77000045776367,1627300,0,0.0
2008-04-21,35.83000183105469,35.9900016784668,34.97999954223633,35.380001068115234,2082300,0,0.0
2008-04-22,35.5,35.810001373291016,34.86000061035156,35.77000045776367,1013400,0,0.0
2008-04-23,35.619998931884766,35.650001525878906,34.45000076293945,35.06999969482422,1074700,0,0.0
2008-04-24,34.70000076293945,34.880001068115234,33.4900016784668,34.310001373291016,1953100,0,0.0
2008-04-25,34.31999969482422,35.77000045776367,34.25,35.77000045776367,2354900,0,0.0
2008-04-28,36.119998931884766,36.119998931884766,35.209999084472656,35.459999084472656,1339200,0,0.0
2008-04-29,35.5099983215332,35.5099983215332,34.290000915527344,34.599998474121094,1275500,0,0.0
2008-04-30,34.79999923706055,34.97999954223633,33.529998779296875,34.54999923706055,1327000,0,0.0
2008-05-01,34.68000030517578,34.95000076293945,33.099998474121094,33.65999984741211,2120100,0,0.0
2008-05-02,34.119998931884766,34.5,33.560001373291016,34.2400016784668,1438000,0,0.0
2008-05-05,34.66999816894531,35.81999969482422,34.220001220703125,35.75,1596600,0,0.0
2008-05-06,35.81999969482422,37.36000061035156,35.72999954223633,36.95000076293945,1639800,0,0.0
2008-05-07,37.20000076293945,37.349998474121094,36.11000061035156,36.33000183105469,1119200,0,0.0
2008-05-08,36.25,36.970001220703125,36.09000015258789,36.970001220703125,816000,0,0.0
2008-05-09,36.81999969482422,37.040000915527344,36.15999984741211,36.90999984741211,574900,0,0.0
2008-05-12,36.86000061035156,36.86000061035156,35.84000015258789,36.43000030517578,796400,0,0.0
2008-05-13,36.34000015258789,37.52000045776367,36.04999923706055,37.41999816894531,782500,0,0.0
2008-05-14,37.56999969482422,37.84000015258789,36.75,36.91999816894531,854200,0,0.0
2008-05-15,37.290000915527344,37.369998931884766,36.380001068115234,37.130001068115234,1293600,0,0.0
2008-05-16,37.400001525878906,38.04999923706055,37.220001220703125,37.939998626708984,1124200,0,0.0
2008-05-19,37.88999938964844,39.040000915527344,37.709999084472656,38.75,1322700,0,0.0
2008-05-20,38.79999923706055,39.099998474121094,38.34000015258789,38.88999938964844,868700,0,0.0
2008-05-21,39.0,40.119998931884766,38.52000045776367,39.119998931884766,1913600,0,0.0
2008-05-22,39.040000915527344,39.90999984741211,38.439998626708984,38.66999816894531,1384700,0,0.0
2008-05-23,38.90999984741211,39.2599983215332,37.91999816894531,38.560001373291016,1052900,0,0.0
2008-05-27,38.38999938964844,38.459999084472656,37.77000045776367,37.81999969482422,817700,0,0.0
2008-05-28,37.41999816894531,38.11000061035156,37.02000045776367,38.04999923706055,1422100,0,0.0
2008-05-29,37.939998626708984,37.95000076293945,36.849998474121094,37.0,1079600,0,0.0
2008-05-30,37.279998779296875,38.7599983215332,37.16999816894531,38.630001068115234,1557200,0,0.0
2008-06-02,38.33000183105469,39.04999923706055,38.150001525878906,38.61000061035156,813800,0,0.0
2008-06-03,38.4900016784668,39.369998931884766,38.2599983215332,38.40999984741211,1545200,0,0.0
2008-06-04,38.4900016784668,38.529998779296875,37.81999969482422,38.06999969482422,1074700,0,0.0
2008-06-05,38.66999816894531,39.81999969482422,38.380001068115234,39.81999969482422,1140600,0,0.0
2008-06-06,39.810001373291016,40.439998626708984,38.65999984741211,38.689998626708984,1291700,0,0.0
2008-06-09,38.720001220703125,39.59000015258789,38.4900016784668,39.220001220703125,647200,0,0.0
2008-06-10,39.189998626708984,39.189998626708984,37.5,37.95000076293945,770400,0,0.0
2008-06-11,38.15999984741211,38.43000030517578,37.380001068115234,37.83000183105469,736600,0,0.0
2008-06-12,37.650001525878906,37.7400016784668,37.09000015258789,37.34000015258789,824100,0,0.0
2008-06-13,37.25,37.810001373291016,37.060001373291016,37.77000045776367,792500,0,0.0
2008-06-16,37.84000015258789,39.45000076293945,37.84000015258789,39.08000183105469,1241700,0,0.0
2008-06-17,39.20000076293945,39.970001220703125,39.06999969482422,39.779998779296875,993000,0,0.0
2008-06-18,39.91999816894531,40.5,39.189998626708984,40.40999984741211,1364800,0,0.0
2008-06-19,40.72999954223633,41.0,39.68000030517578,40.130001068115234,1774300,0,0.0
2008-06-20,40.130001068115234,40.84000015258789,39.72999954223633,40.02000045776367,1502500,0,0.0
2008-06-23,40.25,41.25,39.209999084472656,41.18000030517578,1610900,0,0.0
2008-06-24,40.970001220703125,41.40999984741211,40.349998474121094,40.63999938964844,4135500,0,0.0
2008-06-25,40.75,40.939998626708984,39.209999084472656,40.560001373291016,1105100,0,0.0
2008-06-26,40.84000015258789,41.439998626708984,40.33000183105469,41.0,1752500,0,0.0
2008-06-27,40.91999816894531,41.290000915527344,40.61000061035156,40.869998931884766,1948000,0,0.0
2008-06-30,41.0,41.810001373291016,40.400001525878906,41.63999938964844,1361300,0,0.0
2008-07-01,41.47999954223633,41.68000030517578,40.0099983215332,40.54999923706055,1063800,0,0.0
2008-07-02,40.41999816894531,41.0,39.25,39.310001373291016,1748900,0,0.0
2008-07-03,39.5099983215332,39.52000045776367,37.099998474121094,37.709999084472656,1475000,0,0.0
2008-07-07,37.52000045776367,38.209999084472656,36.25,36.7599983215332,1651100,0,0.0
2008-07-08,37.25,37.33000183105469,35.59000015258789,36.58000183105469,2369600,0,0.0
2008-07-09,36.720001220703125,37.5,36.31999969482422,36.75,7054400,0,0.0
2008-07-10,36.790000915527344,38.619998931884766,36.369998931884766,38.43000030517578,2124100,0,0.0
2008-07-11,38.720001220703125,39.529998779296875,38.04999923706055,38.38999938964844,1923400,0,0.0
2008-07-14,38.41999816894531,38.599998474121094,37.540000915527344,37.84000015258789,1683200,0,0.0
2008-07-15,37.5,37.72999954223633,36.2599983215332,36.68000030517578,3114800,0,0.0
2008-07-16,36.459999084472656,36.72999954223633,34.970001220703125,35.4900016784668,2049600,0,0.0
2008-07-17,35.650001525878906,36.790000915527344,34.25,35.0,1696000,0,0.0
2008-07-18,34.959999084472656,35.40999984741211,33.72999954223633,34.75,1496600,0,0.0
2008-07-21,35.0099983215332,36.31999969482422,34.7599983215332,36.31999969482422,1024800,0,0.0
2008-07-22,36.029998779296875,36.38999938964844,34.349998474121094,34.599998474121094,1500500,0,0.0
2008-07-23,34.43000030517578,34.650001525878906,32.529998779296875,32.68000030517578,2798900,0,0.0
2008-07-24,32.81999969482422,33.709999084472656,32.31999969482422,33.33000183105469,2331900,0,0.0
2008-07-25,33.400001525878906,34.06999969482422,32.959999084472656,33.68000030517578,1136100,0,0.0
2008-07-28,33.810001373291016,33.88999938964844,33.060001373291016,33.2400016784668,1061500,0,0.0
2008-07-29,33.40999984741211,33.40999984741211,32.04999923706055,32.04999923706055,1887100,0,0.0
2008-07-30,32.369998931884766,33.880001068115234,31.639999389648438,33.86000061035156,2839100,0,0.0
2008-07-31,32.54999923706055,32.779998779296875,31.229999542236328,31.93000030517578,3083700,0,0.0
2008-08-01,31.700000762939453,32.66999816894531,31.489999771118164,31.649999618530273,1827100,0,0.0
2008-08-04,31.309999465942383,31.790000915527344,29.40999984741211,29.809999465942383,2516400,0,0.0
2008-08-05,29.700000762939453,29.93000030517578,28.649999618530273,29.149999618530273,3092100,0,0.0
2008-08-06,29.059999465942383,30.309999465942383,29.059999465942383,30.260000228881836,2023000,0,0.0
2008-08-07,30.5,30.639999389648438,29.81999969482422,29.8799991607666,1431900,0,0.0
2008-08-08,29.780000686645508,29.90999984741211,29.09000015258789,29.459999084472656,1864300,0,0.0
2008-08-11,29.520000457763672,29.93000030517578,29.25,29.850000381469727,2631000,0,0.0
2008-08-12,29.850000381469727,30.25,29.469999313354492,29.469999313354492,1096300,0,0.0
2008-08-13,29.479999542236328,30.450000762939453,29.350000381469727,30.329999923706055,1264400,0,0.0
2008-08-14,30.530000686645508,30.530000686645508,29.280000686645508,29.719999313354492,1032800,0,0.0
2008-08-15,29.649999618530273,29.719999313354492,29.09000015258789,29.59000015258789,994700,0,0.0
2008-08-18,29.770000457763672,29.950000762939453,28.469999313354492,28.739999771118164,1599000,0,0.0
2008-08-19,28.520000457763672,29.299999237060547,28.520000457763672,28.989999771118164,1135100,0,0.0
2008-08-20,29.110000610351562,30.139999389648438,29.079999923706055,29.950000762939453,1689000,0,0.0
2008-08-21,30.200000762939453,31.469999313354492,30.040000915527344,31.219999313354492,2234300,0,0.0
2008-08-22,31.170000076293945,31.170000076293945,30.56999969482422,30.8700008392334,1140200,0,0.0
2008-08-25,30.809999465942383,31.200000762939453,30.450000762939453,30.709999084472656,916900,0,0.0
2008-08-26,30.790000915527344,31.31999969482422,30.540000915527344,31.079999923706055,889900,0,0.0
2008-08-27,31.579999923706055,32.0,31.209999084472656,31.600000381469727,787100,0,0.0
2008-08-28,31.989999771118164,31.989999771118164,30.610000610351562,31.40999984741211,682900,0,0.0
2008-08-29,31.59000015258789,31.59000015258789,30.709999084472656,30.770000457763672,621300,0,0.0
2008-09-02,29.450000762939453,30.450000762939453,28.93000030517578,28.93000030517578,1913100,0,0.0
2008-09-03,28.809999465942383,29.520000457763672,28.149999618530273,28.600000381469727,2683800,0,0.0
2008-09-04,28.600000381469727,29.270000457763672,28.25,28.81999969482422,2647200,0,0.0
2008-09-05,28.850000381469727,28.850000381469727,28.020000457763672,28.59000015258789,2110600,0,0.0
2008-09-08,29.149999618530273,29.6299991607666,28.3799991607666,28.770000457763672,2779800,0,0.0
2008-09-09,28.299999237060547,28.43000030517578,26.6200008392334,26.700000762939453,4602300,0,0.0
2008-09-10,27.31999969482422,27.75,26.5,27.200000762939453,3071800,0,0.0
2008-09-11,26.920000076293945,27.290000915527344,26.0,27.100000381469727,3045400,0,0.0
2008-09-12,27.239999771118164,28.510000228881836,27.09000015258789,28.260000228881836,3011700,0,0.0
2008-09-15,27.15999984741211,27.59000015258789,26.1200008392334,26.190000534057617,3000000,0,0.0
2008-09-16,24.989999771118164,27.350000381469727,24.8700008392334,27.31999969482422,2646000,0,0.0
2008-09-17,27.56999969482422,27.56999969482422,25.940000534057617,26.649999618530273,2427200,0,0.0
2008-09-18,27.489999771118164,27.889999389648438,25.969999313354492,27.15999984741211,2473900,0,0.0
2008-09-19,28.25,29.1299991607666,26.649999618530273,28.540000915527344,3344800,0,0.0
2008-09-22,28.670000076293945,29.43000030517578,28.59000015258789,28.6299991607666,2630500,0,0.0
2008-09-23,28.760000228881836,28.940000534057617,27.290000915527344,27.459999084472656,1448500,0,0.0
2008-09-24,26.559999465942383,27.239999771118164,26.450000762939453,26.860000610351562,2465400,0,0.0
2008-09-25,26.84000015258789,27.0,26.0,26.700000762939453,1361500,0,0.0
2008-09-26,25.93000030517578,26.260000228881836,25.1299991607666,25.850000381469727,1155500,0,0.0
2008-09-29,25.079999923706055,25.15999984741211,22.1299991607666,22.81999969482422,2957200,0,0.0
2008-09-30,23.1299991607666,24.350000381469727,22.899999618530273,24.280000686645508,1607300,0,0.0
2008-10-01,23.90999984741211,23.90999984741211,22.59000015258789,23.170000076293945,1516200,0,0.0
2008-10-02,22.799999237060547,22.850000381469727,20.6299991607666,20.850000381469727,2777100,0,0.0
2008-10-03,21.299999237060547,21.989999771118164,20.15999984741211,20.260000228881836,2771400,0,0.0
2008-10-06,19.56999969482422,19.799999237060547,16.81999969482422,18.649999618530273,3441500,0,0.0
2008-10-07,18.959999084472656,19.530000686645508,16.59000015258789,16.6200008392334,2550200,0,0.0
2008-10-08,16.09000015258789,17.329999923706055,14.399999618530273,16.43000030517578,5674700,0,0.0
2008-10-09,16.950000762939453,17.280000686645508,14.270000457763672,14.420000076293945,2545600,0,0.0
2008-10-10,13.430000305175781,13.949999809265137,9.850000381469727,10.800000190734863,6114300,0,0.0
2008-10-13,11.720000267028809,12.5600004196167,11.100000381469727,12.489999771118164,4586600,0,0.0
2008-10-14,13.119999885559082,14.149999618530273,12.5600004196167,13.369999885559082,5948400,0,0.0
2008-10-15,12.819999694824219,12.819999694824219,10.84000015258789,11.029999732971191,3107600,0,0.0
2008-10-16,11.229999542236328,11.729999542236328,10.0600004196167,11.479999542236328,3586200,0,0.0
2008-10-17,11.229999542236328,12.079999923706055,10.40999984741211,10.989999771118164,3493600,0,0.0
2008-10-20,11.420000076293945,12.039999961853027,11.109999656677246,11.739999771118164,2710800,0,0.0
2008-10-21,11.40999984741211,11.829999923706055,11.119999885559082,11.220000267028809,2278200,0,0.0
2008-10-22,10.739999771118164,10.84000015258789,9.270000457763672,9.640000343322754,2152500,0,0.0
2008-10-23,9.869999885559082,10.119999885559082,8.819999694824219,9.550000190734863,3396700,0,0.0
2008-10-24,8.760000228881836,9.369999885559082,8.289999961853027,9.010000228881836,3199900,0,0.0
2008-10-27,8.859999656677246,8.90999984741211,7.940000057220459,8.020000457763672,1706000,0,0.0
2008-10-28,8.359999656677246,8.550000190734863,7.429999828338623,7.989999771118164,4194900,0,0.0
2008-10-29,8.100000381469727,10.260000228881836,8.100000381469727,9.199999809265137,4505600,0,0.0
2008-10-30,9.510000228881836,10.319999694824219,9.380000114440918,10.270000457763672,2418700,0,0.0
2008-10-31,9.710000038146973,10.970000267028809,9.710000038146973,10.5600004196167,2588400,0,0.0
2008-11-03,10.430000305175781,10.65999984741211,9.899999618530273,10.029999732971191,1945900,0,0.0
2008-11-04,10.140000343322754,10.640000343322754,10.050000190734863,10.539999961853027,2381800,0,0.0
2008-11-05,10.279999732971191,10.979999542236328,10.140000343322754,10.479999542236328,2568100,0,0.0
2008-11-06,10.350000381469727,10.510000228881836,8.859999656677246,9.020000457763672,2541500,0,0.0
2008-11-07,9.09000015258789,10.0,9.039999961853027,10.0,2560400,0,0.0
2008-11-10,10.319999694824219,10.710000038146973,9.649999618530273,9.9399995803833,2518900,0,0.0
2008-11-11,9.6899995803833,10.0,9.369999885559082,9.619999885559082,2472000,0,0.0
2008-11-12,9.359999656677246,9.40999984741211,8.09000015258789,8.210000038146973,1613600,0,0.0
2008-11-13,8.3100004196167,9.140000343322754,7.440000057220459,9.119999885559082,2700100,0,0.0
2008-11-14,8.899999618530273,9.15999984741211,8.289999961853027,8.449999809265137,2463300,0,0.0
2008-11-17,8.40999984741211,8.859999656677246,8.220000267028809,8.289999961853027,1786100,0,0.0
2008-11-18,8.25,8.390000343322754,7.599999904632568,8.130000114440918,2481800,0,0.0
2008-11-19,8.079999923706055,8.140000343322754,7.25,7.329999923706055,2287000,0,0.0
2008-11-20,7.130000114440918,7.130000114440918,3.9100000858306885,4.0,8070800,0,0.0
2008-11-21,4.900000095367432,5.429999828338623,4.489999771118164,5.309999942779541,6621500,0,0.0
2008-11-24,5.659999847412109,5.659999847412109,5.03000020980835,5.409999847412109,3374400,0,0.0
2008-11-25,5.5,5.699999809265137,5.0,5.269999980926514,2679600,0,0.0
2008-11-26,5.239999771118164,6.269999980926514,5.099999904632568,6.269999980926514,2157400,0,0.0
2008-11-28,6.179999828338623,6.440000057220459,6.050000190734863,6.429999828338623,1002900,0,0.0
2008-12-01,6.199999809265137,6.199999809265137,5.199999809265137,5.210000038146973,1836400,0,0.0
2008-12-02,5.360000133514404,5.920000076293945,5.199999809265137,5.539999961853027,2544500,0,0.0
2008-12-03,5.349999904632568,5.849999904632568,5.079999923706055,5.809999942779541,2832800,0,0.0
2008-12-04,5.75,5.75,4.96999979019165,5.199999809265137,3016900,0,0.0
2008-12-05,5.050000190734863,5.269999980926514,4.760000228881836,5.21999979019165,1682400,0,0.0
2008-12-08,5.5,5.800000190734863,5.369999885559082,5.650000095367432,1664800,0,0.0
2008-12-09,5.579999923706055,6.230000019073486,5.550000190734863,5.829999923706055,1636400,0,0.0
2008-12-10,6.070000171661377,7.070000171661377,6.070000171661377,6.760000228881836,2004000,0,0.0
2008-12-11,6.960000038146973,7.289999961853027,6.5,6.690000057220459,2234800,0,0.0
2008-12-12,6.5,7.059999942779541,6.25,7.03000020980835,2157400,0,0.0
2008-12-15,7.21999979019165,7.519999980926514,6.570000171661377,6.760000228881836,1143500,0,0.0
2008-12-16,6.869999885559082,7.230000019073486,6.730000019073486,7.159999847412109,1317900,0,0.0
2008-12-17,7.21999979019165,7.519999980926514,6.900000095367432,7.380000114440918,1450400,0,0.0
2008-12-18,7.380000114440918,7.400000095367432,6.46999979019165,6.630000114440918,3290100,0,0.0
2008-12-19,6.659999847412109,6.909999847412109,6.440000057220459,6.570000171661377,1478200,0,0.0
2008-12-22,6.570000171661377,6.699999809265137,6.010000228881836,6.21999979019165,3293700,0,0.0
2008-12-23,6.230000019073486,6.360000133514404,5.880000114440918,6.039999961853027,1491000,0,0.0
2008-12-24,5.980000019073486,5.980000019073486,5.75,5.920000076293945,645100,0,0.0
2008-12-26,5.900000095367432,6.360000133514404,5.820000171661377,6.360000133514404,447500,0,0.0
2008-12-29,6.460000038146973,6.71999979019165,6.110000133514404,6.409999847412109,1333600,0,0.0
2008-12-30,6.5,6.869999885559082,6.269999980926514,6.869999885559082,929200,0,0.0
2008-12-31,6.820000171661377,7.340000152587891,6.760000228881836,7.239999771118164,1105700,0,0.0
2009-01-02,7.260000228881836,7.960000038146973,7.159999847412109,7.860000133514404,1023400,0,0.0
2009-01-05,7.820000171661377,8.65999984741211,7.599999904632568,8.65999984741211,2065200,0,0.0
2009-01-06,9.279999732971191,9.470000267028809,9.0,9.09000015258789,2592000,0,0.0
2009-01-07,8.960000038146973,8.960000038146973,8.050000190734863,8.260000228881836,2210800,0,0.0
2009-01-08,7.980000019073486,8.109999656677246,7.329999923706055,8.100000381469727,3265800,0,0.0
2009-01-09,8.119999885559082,8.149999618530273,7.25,7.449999809265137,1821000,0,0.0
2009-01-12,7.059999942779541,7.349999904632568,6.769999980926514,6.880000114440918,1422100,0,0.0
2009-01-13,6.849999904632568,7.289999961853027,6.75,7.139999866485596,1250100,0,0.0
2009-01-14,7.199999809265137,7.199999809265137,6.489999771118164,6.599999904632568,1312200,0,0.0
2009-01-15,6.590000152587891,6.670000076293945,6.0,6.559999942779541,1402200,0,0.0
2009-01-16,6.849999904632568,6.869999885559082,6.239999771118164,6.559999942779541,1139500,0,0.0
2009-01-20,6.360000133514404,6.46999979019165,5.420000076293945,5.460000038146973,2151500,0,0.0
2009-01-21,5.630000114440918,6.25,5.349999904632568,6.25,2450300,0,0.0
2009-01-22,6.119999885559082,6.119999885559082,5.460000038146973,5.610000133514404,2077500,0,0.0
2009-01-23,5.5,6.130000114440918,5.269999980926514,5.78000020980835,2453300,0,0.0
2009-01-26,5.860000133514404,6.239999771118164,5.46999979019165,5.5,2706900,0,0.0
2009-01-27,5.610000133514404,5.710000038146973,5.119999885559082,5.480000019073486,2339200,0,0.0
2009-01-28,5.550000190734863,5.769999980926514,5.420000076293945,5.670000076293945,1485800,0,0.0
2009-01-29,5.559999942779541,5.659999847412109,5.159999847412109,5.260000228881836,1361000,0,0.0
2009-01-30,5.420000076293945,5.510000228881836,5.03000020980835,5.150000095367432,1328400,0,0.0
2009-02-02,5.070000171661377,5.130000114440918,4.820000171661377,4.880000114440918,1381900,0,0.0
2009-02-03,4.920000076293945,4.920000076293945,4.679999828338623,4.889999866485596,1338300,0,0.0
2009-02-04,4.940000057220459,5.179999828338623,4.909999847412109,5.03000020980835,1357300,0,0.0
2009-02-05,5.03000020980835,5.25,4.840000152587891,5.21999979019165,1372700,0,0.0
2009-02-06,5.199999809265137,5.579999923706055,5.070000171661377,5.46999979019165,2005100,0,0.0
2009-02-09,5.599999904632568,5.809999942779541,5.489999771118164,5.5,1963900,0,0.0
2009-02-10,5.630000114440918,5.78000020980835,5.0,5.110000133514404,2373300,0,0.0
2009-02-11,5.159999847412109,5.429999828338623,4.710000038146973,4.900000095367432,1996800,0,0.0
2009-02-12,4.889999866485596,4.960000038146973,4.650000095367432,4.860000133514404,1768000,0,0.0
2009-02-13,4.949999809265137,5.070000171661377,4.760000228881836,4.78000020980835,1032500,0,0.0
2009-02-17,4.730000019073486,4.730000019073486,4.119999885559082,4.119999885559082,2616000,0,0.0
2009-02-18,4.130000114440918,4.25,3.940000057220459,4.039999961853027,2388700,0,0.0
2009-02-19,4.119999885559082,4.239999771118164,4.019999980926514,4.079999923706055,1934500,0,0.0
2009-02-20,3.9700000286102295,4.0,3.450000047683716,3.4700000286102295,4734100,0,0.0
2009-02-23,3.680000066757202,3.740000009536743,2.9100000858306885,2.930000066757202,4533800,0,0.0
2009-02-24,2.990000009536743,2.990000009536743,2.640000104904175,2.8499999046325684,5698100,0,0.0
2009-02-25,2.5999999046325684,3.0399999618530273,2.2100000381469727,2.700000047683716,8956700,0,0.0
2009-02-26,2.859999895095825,3.359999895095825,2.819999933242798,3.059999942779541,4117200,0,0.0
2009-02-27,2.9700000286102295,3.1500000953674316,2.7100000381469727,3.109999895095825,3105200,0,0.0
2009-03-02,2.8499999046325684,3.0899999141693115,2.5799999237060547,2.9600000381469727,5952400,0,0.0
2009-03-03,3.009999990463257,3.380000114440918,2.8499999046325684,3.2100000381469727,7957900,0,0.0
2009-03-04,3.3299999237060547,3.809999942779541,3.3299999237060547,3.7699999809265137,6685000,0,0.0
2009-03-05,3.7100000381469727,3.8399999141693115,3.3499999046325684,3.5299999713897705,4975600,0,0.0
2009-03-06,3.5299999713897705,3.7899999618530273,3.490000009536743,3.6600000858306885,3922400,0,0.0
2009-03-09,3.609999895095825,4.210000038146973,3.609999895095825,4.119999885559082,3417000,0,0.0
2009-03-10,4.480000019073486,4.789999961853027,4.239999771118164,4.519999980926514,4582000,0,0.0
2009-03-11,4.539999961853027,5.119999885559082,4.0,4.340000152587891,3646400,0,0.0
2009-03-12,4.340000152587891,4.659999847412109,4.03000020980835,4.510000228881836,2682400,0,0.0
2009-03-13,4.579999923706055,4.679999828338623,4.369999885559082,4.539999961853027,1088400,0,0.0
2009-03-16,4.619999885559082,4.889999866485596,4.510000228881836,4.610000133514404,1987500,0,0.0
2009-03-17,4.619999885559082,5.03000020980835,4.420000076293945,5.019999980926514,1753400,0,0.0
2009-03-18,5.0,5.320000171661377,4.679999828338623,5.230000019073486,2701000,0,0.0
2009-03-19,5.340000152587891,5.980000019073486,5.340000152587891,5.630000114440918,2546900,0,0.0
2009-03-20,5.670000076293945,5.699999809265137,4.949999809265137,5.21999979019165,2684600,0,0.0
2009-03-23,5.489999771118164,6.039999961853027,5.309999942779541,6.039999961853027,2254100,0,0.0
2009-03-24,5.829999923706055,6.059999942779541,5.559999942779541,5.809999942779541,2096900,0,0.0
2009-03-25,5.800000190734863,6.079999923706055,5.380000114440918,5.659999847412109,2089900,0,0.0
2009-03-26,5.75,6.099999904632568,5.699999809265137,5.849999904632568,1769200,0,0.0
2009-03-27,5.710000038146973,5.820000171661377,5.420000076293945,5.650000095367432,1368400,0,0.0
2009-03-30,5.420000076293945,5.420000076293945,5.0,5.070000171661377,2053200,0,0.0
2009-03-31,5.170000076293945,5.380000114440918,5.099999904632568,5.139999866485596,1827400,0,0.0
2009-04-01,4.989999771118164,5.389999866485596,4.800000190734863,5.320000171661377,1608500,0,0.0
2009-04-02,5.570000171661377,6.0,5.570000171661377,5.929999828338623,2282500,0,0.0
2009-04-03,5.940000057220459,6.190000057220459,5.909999847412109,6.159999847412109,2035700,0,0.0
2009-04-06,6.179999828338623,6.25,5.900000095367432,6.03000020980835,1610800,0,0.0
2009-04-07,5.699999809265137,6.03000020980835,5.679999828338623,5.909999847412109,1373400,0,0.0
2009-04-08,5.940000057220459,7.949999809265137,5.909999847412109,7.820000171661377,9982900,0,0.0
2009-04-09,7.829999923706055,8.890000343322754,7.789999961853027,8.569999694824219,4987900,0,0.0
2009-04-13,8.34000015258789,8.550000190734863,7.900000095367432,8.40999984741211,2420800,0,0.0
2009-04-14,8.289999961853027,8.869999885559082,8.069999694824219,8.350000381469727,2426100,0,0.0
2009-04-15,8.170000076293945,8.600000381469727,8.119999885559082,8.569999694824219,2994700,0,0.0
2009-04-16,8.460000038146973,8.609999656677246,8.029999732971191,8.25,4810700,0,0.0
2009-04-17,8.25,8.4399995803833,7.860000133514404,8.359999656677246,3811800,0,0.0
2009-04-20,8.119999885559082,8.229999542236328,7.309999942779541,7.5,2841100,0,0.0
2009-04-21,7.360000133514404,8.40999984741211,7.239999771118164,8.279999732971191,2723100,0,0.0
2009-04-22,8.170000076293945,8.600000381469727,7.960000038146973,8.239999771118164,2593500,0,0.0
2009-04-23,8.34000015258789,8.5,7.659999847412109,7.929999828338623,3415200,0,0.0
2009-04-24,8.050000190734863,9.0,8.050000190734863,8.920000076293945,3446100,0,0.0
2009-04-27,8.670000076293945,8.920000076293945,8.430000305175781,8.710000038146973,2318300,0,0.0
2009-04-28,8.5600004196167,9.0600004196167,8.449999809265137,8.789999961853027,2226100,0,0.0
2009-04-29,9.130000114440918,9.479999542236328,8.899999618530273,9.359999656677246,2036200,0,0.0
2009-04-30,9.600000381469727,9.649999618530273,8.869999885559082,9.09000015258789,2645100,0,0.0
2009-05-01,9.15999984741211,9.600000381469727,8.979999542236328,9.430000305175781,1792200,0,0.0
2009-05-04,9.539999961853027,10.050000190734863,9.489999771118164,9.979999542236328,2595200,0,0.0
2009-05-05,9.949999809265137,10.079999923706055,9.520000457763672,9.779999732971191,2513900,0,0.0
2009-05-06,10.979999542236328,11.579999923706055,10.369999885559082,11.039999961853027,6357600,0,0.0
2009-05-07,11.470000267028809,11.5,10.270000457763672,10.539999961853027,3752100,0,0.0
2009-05-08,10.739999771118164,11.359999656677246,10.649999618530273,11.300000190734863,3175800,0,0.0
2009-05-11,11.050000190734863,11.140000343322754,10.449999809265137,10.600000381469727,2344800,0,0.0
2009-05-12,10.65999984741211,10.949999809265137,10.1899995803833,10.569999694824219,2202900,0,0.0
2009-05-13,10.25,10.430000305175781,9.34000015258789,9.420000076293945,2485800,0,0.0
2009-05-14,9.350000381469727,9.84000015258789,8.920000076293945,9.710000038146973,2162900,0,0.0
2009-05-15,9.609999656677246,9.90999984741211,9.199999809265137,9.329999923706055,1830900,0,0.0
2009-05-18,9.380000114440918,10.199999809265137,9.380000114440918,10.1899995803833,2082500,0,0.0
2009-05-19,10.359999656677246,10.5,9.90999984741211,10.260000228881836,2291600,0,0.0
2009-05-20,10.390000343322754,10.720000267028809,10.180000305175781,10.25,2018200,0,0.0
2009-05-21,10.079999923706055,10.149999618530273,9.270000457763672,9.649999618530273,2335100,0,0.0
2009-05-22,9.6899995803833,10.119999885559082,9.6899995803833,9.829999923706055,2078100,0,0.0
2009-05-26,9.710000038146973,10.5600004196167,9.630000114440918,10.539999961853027,2068700,0,0.0
2009-05-27,10.579999923706055,11.069999694824219,10.479999542236328,10.789999961853027,3079400,0,0.0
2009-05-28,10.989999771118164,11.199999809265137,10.529999732971191,11.109999656677246,2147600,0,0.0
2009-05-29,11.3100004196167,11.649999618530273,10.899999618530273,11.25,2246000,0,0.0
2009-06-01,11.5,12.079999923706055,11.069999694824219,11.890000343322754,3754500,0,0.0
2009-06-02,11.890000343322754,11.90999984741211,11.3100004196167,11.699999809265137,3741200,0,0.0
2009-06-03,11.359999656677246,11.550000190734863,10.680000305175781,11.029999732971191,2259600,0,0.0
2009-06-04,11.1899995803833,11.489999771118164,11.0,11.399999618530273,2020200,0,0.0
2009-06-05,11.539999961853027,11.869999885559082,11.100000381469727,11.300000190734863,2075800,0,0.0
2009-06-08,11.1899995803833,11.40999984741211,10.899999618530273,11.260000228881836,1816900,0,0.0
2009-06-09,11.40999984741211,11.579999923706055,11.09000015258789,11.449999809265137,1033100,0,0.0
2009-06-10,11.6899995803833,11.819999694824219,11.270000457763672,11.819999694824219,1830400,0,0.0
2009-06-11,11.819999694824219,12.649999618530273,11.819999694824219,12.399999618530273,2045700,0,0.0
2009-06-12,12.25,12.390000343322754,11.779999732971191,12.119999885559082,1020400,0,0.0
2009-06-15,11.880000114440918,11.90999984741211,11.170000076293945,11.489999771118164,1432500,0,0.0
2009-06-16,11.640000343322754,11.649999618530273,11.079999923706055,11.369999885559082,2870300,0,0.0
2009-06-17,11.220000267028809,11.260000228881836,10.34000015258789,10.6899995803833,1883200,0,0.0
2009-06-18,10.630000114440918,10.84000015258789,10.319999694824219,10.510000228881836,1220800,0,0.0
2009-06-19,10.670000076293945,10.739999771118164,10.229999542236328,10.369999885559082,1659400,0,0.0
2009-06-22,10.15999984741211,10.229999542236328,9.25,9.279999732971191,2202300,0,0.0
2009-06-23,9.630000114440918,9.989999771118164,9.270000457763672,9.609999656677246,1785400,0,0.0
2009-06-24,9.6899995803833,10.229999542236328,9.5,9.670000076293945,1596700,0,0.0
2009-06-25,9.649999618530273,10.130000114440918,9.5600004196167,10.100000381469727,1472900,0,0.0
2009-06-26,10.149999618530273,10.960000038146973,10.100000381469727,10.84000015258789,3320200,0,0.0
2009-06-29,10.970000267028809,11.170000076293945,10.680000305175781,10.850000381469727,2267500,0,0.0
2009-06-30,11.029999732971191,11.4399995803833,10.640000343322754,10.869999885559082,1810300,0,0.0
2009-07-01,11.029999732971191,11.40999984741211,10.890000343322754,10.970000267028809,2851300,0,0.0
2009-07-02,10.739999771118164,10.819999694824219,9.930000305175781,9.930000305175781,2367100,0,0.0
2009-07-06,9.729999542236328,9.8100004196167,9.449999809265137,9.6899995803833,2053000,0,0.0
2009-07-07,9.680000305175781,9.729999542236328,9.300000190734863,9.380000114440918,2351300,0,0.0
2009-07-08,9.329999923706055,9.539999961853027,8.760000228881836,9.220000267028809,2426900,0,0.0
2009-07-09,9.270000457763672,9.729999542236328,9.1899995803833,9.489999771118164,2092700,0,0.0
2009-07-10,9.3100004196167,9.59000015258789,9.15999984741211,9.420000076293945,1896000,0,0.0
2009-07-13,9.449999809265137,9.710000038146973,9.039999961853027,9.680000305175781,1756000,0,0.0
2009-07-14,9.800000190734863,10.399999618530273,9.75,10.199999809265137,3565900,0,0.0
2009-07-15,10.460000038146973,10.84000015258789,10.449999809265137,10.699999809265137,5429800,0,0.0
2009-07-16,10.630000114440918,11.289999961853027,10.520000457763672,11.1899995803833,2152800,0,0.0
2009-07-17,11.199999809265137,11.289999961853027,10.899999618530273,11.140000343322754,1437900,0,0.0
2009-07-20,11.289999961853027,11.609999656677246,10.819999694824219,11.510000228881836,3215000,0,0.0
2009-07-21,11.609999656677246,11.829999923706055,11.199999809265137,11.329999923706055,2522000,0,0.0
2009-07-22,11.260000228881836,11.460000038146973,10.850000381469727,11.289999961853027,1987600,0,0.0
2009-07-23,11.25,11.779999732971191,11.140000343322754,11.569999694824219,2766700,0,0.0
2009-07-24,11.539999961853027,11.600000381469727,11.09000015258789,11.399999618530273,2650000,0,0.0
2009-07-27,11.449999809265137,11.75,11.149999618530273,11.300000190734863,2922700,0,0.0
2009-07-28,11.149999618530273,11.149999618530273,10.520000457763672,10.770000457763672,2725800,0,0.0
2009-07-29,10.600000381469727,10.600000381469727,10.170000076293945,10.229999542236328,2728900,0,0.0
2009-07-30,10.899999618530273,11.1899995803833,9.9399995803833,10.329999923706055,4665600,0,0.0
2009-07-31,10.229999542236328,10.59000015258789,10.069999694824219,10.489999771118164,3133000,0,0.0
2009-08-03,10.720000267028809,11.09000015258789,10.670000076293945,11.050000190734863,3266800,0,0.0
2009-08-04,10.920000076293945,11.380000114440918,10.760000228881836,11.220000267028809,4116400,0,0.0
2009-08-05,11.229999542236328,11.25,10.84000015258789,11.029999732971191,2518600,0,0.0
2009-08-06,11.069999694824219,11.239999771118164,10.90999984741211,11.15999984741211,2110300,0,0.0
2009-08-07,11.25,11.5,11.029999732971191,11.25,1262700,0,0.0
2009-08-10,11.15999984741211,11.640000343322754,11.050000190734863,11.59000015258789,2425800,0,0.0
2009-08-11,11.479999542236328,11.539999961853027,11.289999961853027,11.3100004196167,1646600,0,0.0
2009-08-12,11.34000015258789,11.899999618530273,11.260000228881836,11.75,1575400,0,0.0
2009-08-13,11.960000038146973,12.260000228881836,11.760000228881836,12.220000267028809,2109400,0,0.0
2009-08-14,12.220000267028809,12.300000190734863,11.850000381469727,12.029999732971191,1830000,0,0.0
2009-08-17,11.729999542236328,11.729999542236328,11.300000190734863,11.329999923706055,2927400,0,0.0
2009-08-18,11.399999618530273,11.5600004196167,11.300000190734863,11.510000228881836,2518100,0,0.0
2009-08-19,11.25,11.960000038146973,11.25,11.899999618530273,3341600,0,0.0
2009-08-20,11.819999694824219,12.390000343322754,11.819999694824219,12.350000381469727,2818000,0,0.0
2009-08-21,12.449999809265137,12.760000228881836,12.069999694824219,12.25,3895600,0,0.0
2009-08-24,12.34000015258789,12.640000343322754,12.260000228881836,12.579999923706055,2801200,0,0.0
2009-08-25,12.529999732971191,12.600000381469727,11.859999656677246,12.109999656677246,4037500,0,0.0
2009-08-26,12.029999732971191,12.0600004196167,11.720000267028809,11.880000114440918,1943900,0,0.0
2009-08-27,11.710000038146973,11.9399995803833,11.149999618530273,11.84000015258789,2097400,0,0.0
2009-08-28,11.989999771118164,12.210000038146973,11.8100004196167,12.140000343322754,2022400,0,0.0
2009-08-31,11.90999984741211,12.0,11.550000190734863,11.699999809265137,2281100,0,0.0
2009-09-01,11.5600004196167,12.079999923706055,11.25,11.300000190734863,2345500,0,0.0
2009-09-02,11.300000190734863,11.5600004196167,11.029999732971191,11.350000381469727,2998500,0,0.0
2009-09-03,11.489999771118164,11.8100004196167,11.350000381469727,11.789999961853027,2536500,0,0.0
2009-09-04,11.609999656677246,12.3100004196167,11.569999694824219,12.279999732971191,2098200,0,0.0
2009-09-08,12.449999809265137,12.979999542236328,12.449999809265137,12.890000343322754,2394200,0,0.0
2009-09-09,12.800000190734863,13.649999618530273,12.710000038146973,13.329999923706055,2607800,0,0.0
2009-09-10,13.350000381469727,13.979999542236328,13.260000228881836,13.949999809265137,2123700,0,0.0
2009-09-11,14.010000228881836,14.420000076293945,13.920000076293945,14.3100004196167,2892500,0,0.0
2009-09-14,13.979999542236328,14.859999656677246,13.84000015258789,14.739999771118164,2752000,0,0.0
2009-09-15,14.760000228881836,15.699999809265137,14.710000038146973,15.539999961853027,3322000,0,0.0
2009-09-16,15.8100004196167,16.110000610351562,15.529999732971191,15.989999771118164,2443200,0,0.0
2009-09-17,15.970000267028809,16.040000915527344,15.640000343322754,15.760000228881836,3016900,0,0.0
2009-09-18,15.880000114440918,15.979999542236328,15.319999694824219,15.430000305175781,4657900,0,0.0
2009-09-21,14.84000015258789,15.0,14.510000228881836,14.989999771118164,3145200,0,0.0
2009-09-22,15.199999809265137,15.289999961853027,14.899999618530273,15.220000267028809,1933400,0,0.0
2009-09-23,15.130000114440918,15.359999656677246,14.460000038146973,14.6899995803833,2544700,0,0.0
2009-09-24,14.6899995803833,14.6899995803833,13.949999809265137,14.239999771118164,1556700,0,0.0
2009-09-25,14.239999771118164,14.470000267028809,13.930000305175781,14.100000381469727,1430000,0,0.0
2009-09-28,14.15999984741211,15.020000457763672,13.979999542236328,14.9399995803833,2150000,0,0.0
2009-09-29,14.9399995803833,15.289999961853027,14.680000305175781,15.1899995803833,2879000,0,0.0
2009-09-30,15.34000015258789,15.5,14.770000457763672,14.979999542236328,3116900,0,0.0
2009-10-01,14.920000076293945,15.010000228881836,13.960000038146973,13.970000267028809,2727400,0,0.0
2009-10-02,13.720000267028809,14.0600004196167,13.270000457763672,13.859999656677246,1782100,0,0.0
2009-10-05,13.899999618530273,14.140000343322754,13.65999984741211,13.75,4237100,0,0.0
2009-10-06,14.010000228881836,14.260000228881836,13.8100004196167,14.029999732971191,3856900,0,0.0
2009-10-07,13.930000305175781,14.40999984741211,13.869999885559082,14.40999984741211,2105900,0,0.0
2009-10-08,14.489999771118164,15.1899995803833,14.430000305175781,15.069999694824219,1601500,0,0.0
2009-10-09,14.920000076293945,15.1899995803833,14.699999809265137,14.930000305175781,1693200,0,0.0
2009-10-12,15.09000015258789,15.6899995803833,15.09000015258789,15.3100004196167,1038600,0,0.0
2009-10-13,15.220000267028809,15.5,14.819999694824219,15.40999984741211,1354000,0,0.0
2009-10-14,15.680000305175781,15.989999771118164,15.59000015258789,15.960000038146973,2370600,0,0.0
2009-10-15,15.739999771118164,16.489999771118164,15.609999656677246,16.479999542236328,2767300,0,0.0
2009-10-16,16.280000686645508,16.3700008392334,15.729999542236328,16.219999313354492,1530800,0,0.0
2009-10-19,16.260000228881836,16.75,15.930000305175781,16.59000015258789,1403500,0,0.0
2009-10-20,16.56999969482422,16.670000076293945,15.760000228881836,16.100000381469727,1555000,0,0.0
2009-10-21,16.0,16.920000076293945,15.949999809265137,16.299999237060547,1526300,0,0.0
2009-10-22,16.25,16.440000534057617,15.65999984741211,16.389999389648438,1265300,0,0.0
2009-10-23,16.40999984741211,16.469999313354492,15.539999961853027,15.869999885559082,2759500,0,0.0
2009-10-26,15.90999984741211,16.520000457763672,15.449999809265137,15.489999771118164,1992000,0,0.0
2009-10-27,15.640000343322754,15.739999771118164,15.15999984741211,15.260000228881836,1854100,0,0.0
2009-10-28,15.199999809265137,15.220000267028809,14.220000267028809,14.34000015258789,2639900,0,0.0
2009-10-29,14.569999694824219,15.039999961853027,14.010000228881836,14.460000038146973,2864400,0,0.0
2009-10-30,14.329999923706055,14.380000114440918,13.399999618530273,13.729999542236328,3415600,0,0.0
2009-11-02,13.84000015258789,14.140000343322754,13.100000381469727,13.359999656677246,2134300,0,0.0
2009-11-03,13.09000015258789,14.239999771118164,12.960000038146973,14.15999984741211,2469100,0,0.0
2009-11-04,14.369999885559082,14.720000267028809,14.109999656677246,14.149999618530273,1871600,0,0.0
2009-11-05,14.3100004196167,14.539999961853027,14.079999923706055,14.5,1225700,0,0.0
2009-11-06,14.149999618530273,14.65999984741211,14.109999656677246,14.369999885559082,990600,0,0.0
2009-11-09,14.619999885559082,14.8100004196167,14.5,14.680000305175781,2390800,0,0.0
2009-11-10,14.569999694824219,14.829999923706055,14.359999656677246,14.640000343322754,682300,0,0.0
2009-11-11,14.779999732971191,14.930000305175781,14.510000228881836,14.710000038146973,1131300,0,0.0
2009-11-12,14.649999618530273,14.65999984741211,13.979999542236328,14.100000381469727,1077200,0,0.0
2009-11-13,14.130000114440918,14.130000114440918,13.239999771118164,13.479999542236328,2675600,0,0.0
2009-11-16,13.640000343322754,14.020000457763672,13.640000343322754,13.8100004196167,3021300,0,0.0
2009-11-17,13.720000267028809,13.869999885559082,13.479999542236328,13.5600004196167,1936700,0,0.0
2009-11-18,13.609999656677246,13.630000114440918,13.149999618530273,13.220000267028809,2055900,0,0.0
2009-11-19,13.050000190734863,13.130000114440918,12.479999542236328,12.720000267028809,1839100,0,0.0
2009-11-20,12.510000228881836,12.5600004196167,12.079999923706055,12.149999618530273,1473000,0,0.0
2009-11-23,12.399999618530273,12.760000228881836,12.25,12.270000457763672,1113500,0,0.0
2009-11-24,12.3100004196167,12.34000015258789,11.670000076293945,11.880000114440918,2199800,0,0.0
2009-11-25,11.920000076293945,12.09000015258789,11.640000343322754,12.0,1287200,0,0.0
2009-11-27,11.359999656677246,11.680000305175781,11.279999732971191,11.529999732971191,1168700,0,0.0
2009-11-30,11.430000305175781,11.779999732971191,11.279999732971191,11.760000228881836,2532900,0,0.0
2009-12-01,12.029999732971191,13.119999885559082,12.029999732971191,12.510000228881836,3856600,0,0.0
2009-12-02,12.550000190734863,12.75,12.369999885559082,12.619999885559082,2738400,0,0.0
2009-12-03,12.630000114440918,12.699999809265137,11.819999694824219,11.869999885559082,2692600,0,0.0
2009-12-04,12.149999618530273,12.380000114440918,11.489999771118164,11.739999771118164,2306800,0,0.0
2009-12-07,11.699999809265137,11.800000190734863,11.5,11.569999694824219,1141000,0,0.0
2009-12-08,11.489999771118164,11.489999771118164,10.90999984741211,10.979999542236328,1748600,0,0.0
2009-12-09,11.039999961853027,11.170000076293945,10.789999961853027,11.100000381469727,2242800,0,0.0
2009-12-10,11.260000228881836,11.449999809265137,11.15999984741211,11.279999732971191,1482600,0,0.0
2009-12-11,11.380000114440918,11.4399995803833,11.170000076293945,11.4399995803833,1294300,0,0.0
2009-12-14,11.619999885559082,11.670000076293945,11.4399995803833,11.5,797800,0,0.0
2009-12-15,11.380000114440918,11.479999542236328,11.289999961853027,11.4399995803833,2373200,0,0.0
2009-12-16,11.5,11.979999542236328,11.5,11.829999923706055,1740100,0,0.0
2009-12-17,11.75,11.899999618530273,11.5600004196167,11.640000343322754,1575400,0,0.0
2009-12-18,11.800000190734863,11.9399995803833,11.5,11.569999694824219,4130500,0,0.0
2009-12-21,11.699999809265137,12.09000015258789,11.699999809265137,12.039999961853027,1365100,0,0.0
2009-12-22,12.100000381469727,12.130000114440918,11.829999923706055,12.130000114440918,1205800,0,0.0
2009-12-23,12.300000190734863,12.300000190734863,11.869999885559082,12.0,951100,0,0.0
2009-12-24,11.989999771118164,12.1899995803833,11.949999809265137,12.069999694824219,273100,0,0.0
2009-12-28,12.09000015258789,12.229999542236328,11.800000190734863,11.960000038146973,1192100,0,0.0
2009-12-29,11.970000267028809,12.029999732971191,11.729999542236328,11.729999542236328,952800,0,0.0
2009-12-30,11.59000015258789,11.770000457763672,11.550000190734863,11.770000457763672,863100,0,0.0
2009-12-31,11.739999771118164,11.869999885559082,11.430000305175781,11.75,1668100,0,0.0
2010-01-04,11.949999809265137,12.539999961853027,11.949999809265137,12.399999618530273,2329800,0,0.0
2010-01-05,12.479999542236328,13.079999923706055,12.130000114440918,13.020000457763672,2492200,0,0.0
2010-01-06,13.010000228881836,13.369999885559082,12.930000305175781,13.3100004196167,2303500,0,0.0
2010-01-07,13.260000228881836,13.260000228881836,12.949999809265137,13.1899995803833,1772600,0,0.0
2010-01-08,13.079999923706055,13.380000114440918,12.960000038146973,13.279999732971191,1165500,0,0.0
2010-01-11,13.510000228881836,13.510000228881836,12.949999809265137,13.09000015258789,1248900,0,0.0
2010-01-12,12.899999618530273,13.0600004196167,12.539999961853027,12.619999885559082,1606900,0,0.0
2010-01-13,12.609999656677246,12.779999732971191,12.319999694824219,12.65999984741211,1585300,0,0.0
2010-01-14,12.649999618530273,13.0,12.59000015258789,12.90999984741211,1479200,0,0.0
2010-01-15,12.920000076293945,12.970000267028809,12.470000267028809,12.489999771118164,1711100,0,0.0
2010-01-19,12.359999656677246,12.75,12.329999923706055,12.699999809265137,1502400,0,0.0
2010-01-20,12.5,12.5,12.229999542236328,12.359999656677246,1501000,0,0.0
2010-01-21,12.350000381469727,12.579999923706055,11.930000305175781,11.9399995803833,1684600,0,0.0
2010-01-22,11.890000343322754,12.0600004196167,11.449999809265137,11.520000457763672,1320800,0,0.0
2010-01-25,11.649999618530273,11.859999656677246,11.489999771118164,11.579999923706055,1174500,0,0.0
2010-01-26,11.5,11.819999694824219,11.25,11.550000190734863,904500,0,0.0
2010-01-27,11.489999771118164,11.699999809265137,10.819999694824219,11.100000381469727,2437400,0,0.0
2010-01-28,11.15999984741211,11.210000038146973,10.59000015258789,10.84000015258789,1348500,0,0.0
2010-01-29,10.90999984741211,11.130000114440918,10.40999984741211,10.609999656677246,1586100,0,0.0
2010-02-01,10.649999618530273,10.920000076293945,10.649999618530273,10.899999618530273,1560000,0,0.0
2010-02-02,11.0,11.09000015258789,10.699999809265137,11.0,1632700,0,0.0
2010-02-03,10.970000267028809,11.279999732971191,10.920000076293945,11.079999923706055,1566100,0,0.0
2010-02-04,10.789999961853027,10.869999885559082,10.289999961853027,10.300000190734863,1635000,0,0.0
2010-02-05,10.270000457763672,10.600000381469727,9.979999542236328,10.539999961853027,2231800,0,0.0
2010-02-08,10.59000015258789,10.59000015258789,10.130000114440918,10.140000343322754,1602300,0,0.0
2010-02-09,10.390000343322754,10.729999542236328,10.25,10.630000114440918,1421500,0,0.0
2010-02-10,10.579999923706055,10.869999885559082,10.3100004196167,10.670000076293945,962500,0,0.0
2010-02-11,10.5600004196167,10.930000305175781,10.5,10.930000305175781,789200,0,0.0
2010-02-12,10.680000305175781,10.859999656677246,10.5600004196167,10.829999923706055,1211700,0,0.0
2010-02-16,11.029999732971191,11.130000114440918,10.9399995803833,11.100000381469727,1216100,0,0.0
2010-02-17,11.199999809265137,11.399999618530273,11.119999885559082,11.380000114440918,840300,0,0.0
2010-02-18,11.390000343322754,11.550000190734863,11.199999809265137,11.529999732971191,671100,0,0.0
2010-02-19,11.5,11.619999885559082,11.350000381469727,11.600000381469727,790000,0,0.0
2010-02-22,11.680000305175781,11.8100004196167,11.220000267028809,11.350000381469727,1276500,0,0.0
2010-02-23,11.289999961853027,11.319999694824219,10.979999542236328,10.979999542236328,1023400,0,0.0
2010-02-24,10.9399995803833,11.199999809265137,10.880000114440918,11.039999961853027,1183800,0,0.0
2010-02-25,10.359999656677246,11.15999984741211,10.100000381469727,11.109999656677246,2635200,0,0.0
2010-02-26,11.119999885559082,11.619999885559082,11.010000228881836,11.510000228881836,1982600,0,0.0
2010-03-01,11.520000457763672,11.680000305175781,10.989999771118164,11.109999656677246,2138800,0,0.0
2010-03-02,11.15999984741211,11.720000267028809,11.15999984741211,11.550000190734863,1748200,0,0.0
2010-03-03,11.569999694824219,11.869999885559082,11.5600004196167,11.609999656677246,1785500,0,0.0
2010-03-04,11.569999694824219,11.6899995803833,11.4399995803833,11.489999771118164,1537200,0,0.0
2010-03-05,11.609999656677246,11.970000267028809,11.609999656677246,11.859999656677246,1727900,0,0.0
2010-03-08,12.09000015258789,12.979999542236328,12.09000015258789,12.930000305175781,3888100,0,0.0
2010-03-09,12.819999694824219,13.140000343322754,12.710000038146973,13.100000381469727,2914900,0,0.0
2010-03-10,13.069999694824219,14.279999732971191,13.0,14.270000457763672,7384300,0,0.0
2010-03-11,14.15999984741211,14.550000190734863,14.050000190734863,14.5,4459200,0,0.0
2010-03-12,14.569999694824219,14.800000190734863,14.539999961853027,14.630000114440918,2531800,0,0.0
2010-03-15,14.550000190734863,14.550000190734863,13.75,13.84000015258789,2976000,0,0.0
2010-03-16,13.9399995803833,14.270000457763672,13.850000381469727,14.25,2437300,0,0.0
2010-03-17,14.359999656677246,14.460000038146973,14.289999961853027,14.380000114440918,1836300,0,0.0
2010-03-18,14.420000076293945,14.489999771118164,14.0600004196167,14.170000076293945,1625900,0,0.0
2010-03-19,13.329999923706055,14.170000076293945,13.220000267028809,13.329999923706055,2846700,0,0.0
2010-03-22,13.130000114440918,13.579999923706055,13.0,13.460000038146973,1442600,0,0.0
2010-03-23,13.510000228881836,13.699999809265137,13.369999885559082,13.489999771118164,1469000,0,0.0
2010-03-24,13.380000114440918,13.710000038146973,13.300000190734863,13.5,851000,0,0.0
2010-03-25,13.649999618530273,13.710000038146973,12.770000457763672,12.800000190734863,1494800,0,0.0
2010-03-26,12.75,12.90999984741211,12.369999885559082,12.390000343322754,1701800,0,0.0
2010-03-29,12.5,12.760000228881836,12.470000267028809,12.600000381469727,1458800,0,0.0
2010-03-30,12.670000076293945,12.930000305175781,12.5,12.859999656677246,2248500,0,0.0
2010-03-31,12.9399995803833,13.369999885559082,12.9399995803833,13.029999732971191,1877400,0,0.0
2010-04-01,13.199999809265137,13.84000015258789,13.15999984741211,13.84000015258789,1976200,0,0.0
2010-04-05,13.960000038146973,14.59000015258789,13.930000305175781,14.5600004196167,2095200,0,0.0
2010-04-06,14.550000190734863,15.149999618530273,14.529999732971191,15.0,3053200,0,0.0
2010-04-07,14.850000381469727,14.90999984741211,14.34000015258789,14.529999732971191,2038900,0,0.0
2010-04-08,14.40999984741211,14.65999984741211,14.170000076293945,14.59000015258789,1485200,0,0.0
2010-04-09,14.640000343322754,14.720000267028809,14.420000076293945,14.59000015258789,1169400,0,0.0
2010-04-12,14.670000076293945,15.34000015258789,14.569999694824219,15.25,2550000,0,0.0
2010-04-13,15.239999771118164,15.25,14.859999656677246,15.109999656677246,1695400,0,0.0
2010-04-14,15.289999961853027,15.880000114440918,15.289999961853027,15.819999694824219,2640100,0,0.0
2010-04-15,15.960000038146973,16.90999984741211,15.880000114440918,16.350000381469727,3796300,0,0.0
2010-04-16,16.100000381469727,16.3799991607666,15.680000305175781,16.149999618530273,2762300,0,0.0
2010-04-19,15.880000114440918,16.350000381469727,15.8100004196167,15.970000267028809,2125000,0,0.0
2010-04-20,16.1299991607666,16.75,16.1299991607666,16.719999313354492,2488900,0,0.0
2010-04-21,16.690000534057617,16.84000015258789,16.110000610351562,16.56999969482422,2315400,0,0.0
2010-04-22,16.360000610351562,16.729999542236328,16.1200008392334,16.639999389648438,1726900,0,0.0
2010-04-23,16.6299991607666,16.959999084472656,16.479999542236328,16.8700008392334,2306700,0,0.0
2010-04-26,16.8799991607666,17.0,16.600000381469727,16.709999084472656,2341700,0,0.0
2010-04-27,16.520000457763672,16.610000610351562,15.699999809265137,15.819999694824219,2705500,0,0.0
2010-04-28,15.890000343322754,16.239999771118164,15.430000305175781,16.1200008392334,2370000,0,0.0
2010-04-29,15.9399995803833,16.719999313354492,14.649999618530273,15.390000343322754,6088400,0,0.0
2010-04-30,15.399999618530273,16.049999237060547,14.539999961853027,14.579999923706055,4536800,0,0.0
2010-05-03,14.710000038146973,15.399999618530273,14.65999984741211,15.180000305175781,2640200,0,0.0
2010-05-04,14.84000015258789,14.84000015258789,13.890000343322754,14.09000015258789,3112000,0,0.0
2010-05-05,13.9399995803833,14.84000015258789,13.760000228881836,14.600000381469727,3594300,0,0.0
2010-05-06,14.529999732971191,14.770000457763672,12.899999618530273,13.90999984741211,3365500,0,0.0
2010-05-07,13.770000457763672,14.0,12.6899995803833,12.989999771118164,5213400,0,0.0
2010-05-10,13.800000190734863,14.350000381469727,13.680000305175781,14.319999694824219,3194900,0,0.0
2010-05-11,14.140000343322754,14.899999618530273,14.050000190734863,14.34000015258789,2509900,0,0.0
2010-05-12,14.4399995803833,15.09000015258789,14.420000076293945,15.010000228881836,2168800,0,0.0
2010-05-13,14.9399995803833,15.270000457763672,14.420000076293945,14.5,2721100,0,0.0
2010-05-14,14.34000015258789,14.369999885559082,13.609999656677246,13.859999656677246,2445700,0,0.0
2010-05-17,13.960000038146973,14.220000267028809,13.229999542236328,13.579999923706055,2392400,0,0.0
2010-05-18,13.869999885559082,14.0600004196167,13.010000228881836,13.119999885559082,1786700,0,0.0
2010-05-19,13.020000457763672,13.1899995803833,12.34000015258789,12.770000457763672,1991100,0,0.0
2010-05-20,12.220000267028809,12.220000267028809,11.319999694824219,11.569999694824219,3966500,0,0.0
2010-05-21,11.229999542236328,12.239999771118164,10.850000381469727,12.0,2416400,0,0.0
2010-05-24,11.960000038146973,12.050000190734863,11.199999809265137,11.199999809265137,2356700,0,0.0
2010-05-25,10.699999809265137,11.15999984741211,10.569999694824219,11.119999885559082,3430300,0,0.0
2010-05-26,11.350000381469727,11.850000381469727,11.3100004196167,11.350000381469727,1742100,0,0.0
2010-05-27,12.229999542236328,12.229999542236328,11.130000114440918,11.699999809265137,4785200,0,0.0
2010-05-28,11.630000114440918,11.630000114440918,10.65999984741211,10.890000343322754,4550000,0,0.0
2010-06-01,10.670000076293945,10.770000457763672,9.960000038146973,10.0,3599600,0,0.0
2010-06-02,10.140000343322754,10.829999923706055,10.109999656677246,10.739999771118164,2810400,0,0.0
2010-06-03,10.84000015258789,10.90999984741211,10.34000015258789,10.630000114440918,2773600,0,0.0
2010-06-04,10.239999771118164,10.800000190734863,10.0600004196167,10.09000015258789,2523200,0,0.0
2010-06-07,10.15999984741211,10.300000190734863,9.720000267028809,9.800000190734863,2102500,0,0.0
2010-06-08,10.34000015258789,10.34000015258789,9.699999809265137,10.039999961853027,2752300,0,0.0
2010-06-09,10.140000343322754,11.170000076293945,10.119999885559082,10.369999885559082,5396600,0,0.0
2010-06-10,10.720000267028809,10.880000114440918,10.3100004196167,10.630000114440918,2858900,0,0.0
2010-06-11,10.5600004196167,10.949999809265137,10.4399995803833,10.539999961853027,3002300,0,0.0
2010-06-14,10.960000038146973,12.100000381469727,10.90999984741211,11.59000015258789,5827300,0,0.0
2010-06-15,11.8100004196167,12.079999923706055,11.680000305175781,12.0,3543400,0,0.0
2010-06-16,11.880000114440918,12.270000457763672,11.65999984741211,11.989999771118164,2496500,0,0.0
2010-06-17,11.989999771118164,12.050000190734863,11.670000076293945,11.930000305175781,2138000,0,0.0
2010-06-18,11.949999809265137,12.350000381469727,11.869999885559082,12.260000228881836,2067900,0,0.0
2010-06-21,12.65999984741211,12.670000076293945,12.0,12.109999656677246,2085000,0,0.0
2010-06-22,12.119999885559082,12.270000457763672,11.510000228881836,11.579999923706055,2060700,0,0.0
2010-06-23,11.609999656677246,11.609999656677246,10.9399995803833,11.119999885559082,2076100,0,0.0
2010-06-24,10.949999809265137,11.09000015258789,10.710000038146973,11.0,2287300,0,0.0
2010-06-25,11.100000381469727,11.720000267028809,11.039999961853027,11.609999656677246,10930000,0,0.0
2010-06-28,11.510000228881836,11.65999984741211,11.220000267028809,11.239999771118164,1250900,0,0.0
2010-06-29,10.899999618530273,11.210000038146973,10.8100004196167,11.039999961853027,2550700,0,0.0
2010-06-30,11.050000190734863,11.40999984741211,10.710000038146973,10.770000457763672,1810700,0,0.0
2010-07-01,10.739999771118164,10.890000343322754,10.25,10.720000267028809,2553500,0,0.0
2010-07-02,9.920000076293945,10.390000343322754,9.710000038146973,9.930000305175781,4334300,0,0.0
2010-07-06,10.109999656677246,10.170000076293945,9.399999618530273,9.550000190734863,4136300,0,0.0
2010-07-07,9.569999694824219,9.960000038146973,9.470000267028809,9.949999809265137,2473200,0,0.0
2010-07-08,10.149999618530273,10.229999542236328,9.869999885559082,10.210000038146973,2014900,0,0.0
2010-07-09,10.149999618530273,10.460000038146973,10.0600004196167,10.40999984741211,1070000,0,0.0
2010-07-12,10.489999771118164,10.569999694824219,10.050000190734863,10.100000381469727,1353400,0,0.0
2010-07-13,10.34000015258789,10.399999618530273,10.180000305175781,10.279999732971191,1783500,0,0.0
2010-07-14,10.239999771118164,10.470000267028809,10.039999961853027,10.380000114440918,1138800,0,0.0
2010-07-15,10.380000114440918,10.399999618530273,10.020000457763672,10.199999809265137,2079000,0,0.0
2010-07-16,10.09000015258789,10.15999984741211,9.579999923706055,9.600000381469727,1907600,0,0.0
2010-07-19,9.720000267028809,9.720000267028809,9.300000190734863,9.5600004196167,1540100,0,0.0
2010-07-20,9.390000343322754,9.770000457763672,9.319999694824219,9.729999542236328,2180600,0,0.0
2010-07-21,9.850000381469727,9.850000381469727,9.40999984741211,9.4399995803833,2023400,0,0.0
2010-07-22,9.680000305175781,9.970000267028809,9.609999656677246,9.949999809265137,2157600,0,0.0
2010-07-23,9.84000015258789,10.319999694824219,9.770000457763672,10.319999694824219,2017100,0,0.0
2010-07-26,10.319999694824219,10.640000343322754,10.220000267028809,10.619999885559082,1691400,0,0.0
2010-07-27,10.770000457763672,10.869999885559082,10.59000015258789,10.6899995803833,2358600,0,0.0
2010-07-28,10.640000343322754,10.819999694824219,10.399999618530273,10.550000190734863,2220000,0,0.0
2010-07-29,10.399999618530273,10.600000381469727,9.630000114440918,9.680000305175781,3440600,0,0.0
2010-07-30,9.5,9.5600004196167,9.199999809265137,9.390000343322754,2740200,0,0.0
2010-08-02,9.670000076293945,9.720000267028809,9.460000038146973,9.609999656677246,1666800,0,0.0
2010-08-03,9.800000190734863,10.630000114440918,9.800000190734863,10.380000114440918,3267000,0,0.0
2010-08-04,10.479999542236328,11.0600004196167,10.359999656677246,11.0,3355500,0,0.0
2010-08-05,10.869999885559082,10.989999771118164,10.720000267028809,10.819999694824219,1906600,0,0.0
2010-08-06,10.529999732971191,10.779999732971191,10.390000343322754,10.640000343322754,1721000,0,0.0
2010-08-09,10.779999732971191,10.90999984741211,10.6899995803833,10.859999656677246,1161800,0,0.0
2010-08-10,10.539999961853027,10.640000343322754,10.300000190734863,10.529999732971191,1753800,0,0.0
2010-08-11,10.180000305175781,10.329999923706055,9.770000457763672,9.8100004196167,2065100,0,0.0
2010-08-12,9.710000038146973,9.880000114440918,9.550000190734863,9.59000015258789,1181400,0,0.0
2010-08-13,9.550000190734863,9.600000381469727,9.350000381469727,9.430000305175781,1250200,0,0.0
2010-08-16,9.329999923706055,9.510000228881836,9.239999771118164,9.479999542236328,1391300,0,0.0
2010-08-17,9.670000076293945,9.789999961853027,9.430000305175781,9.670000076293945,1069700,0,0.0
2010-08-18,9.579999923706055,9.619999885559082,9.300000190734863,9.539999961853027,1322700,0,0.0
2010-08-19,9.449999809265137,9.609999656677246,9.010000228881836,9.100000381469727,1965000,0,0.0
2010-08-20,9.029999732971191,9.109999656677246,8.800000190734863,9.100000381469727,1535000,0,0.0
2010-08-23,9.119999885559082,9.199999809265137,8.84000015258789,8.859999656677246,1341300,0,0.0
2010-08-24,8.739999771118164,8.970000267028809,8.460000038146973,8.699999809265137,1499000,0,0.0
2010-08-25,8.680000305175781,8.859999656677246,8.380000114440918,8.789999961853027,1926600,0,0.0
2010-08-26,8.880000114440918,9.180000305175781,8.859999656677246,8.9399995803833,2211500,0,0.0
2010-08-27,9.09000015258789,9.789999961853027,9.079999923706055,9.770000457763672,2678400,0,0.0
2010-08-30,9.75,9.84000015258789,9.550000190734863,9.550000190734863,1508700,0,0.0
2010-08-31,9.489999771118164,9.510000228881836,9.029999732971191,9.100000381469727,2431900,0,0.0
2010-09-01,9.380000114440918,9.819999694824219,9.3100004196167,9.739999771118164,1397600,0,0.0
2010-09-02,9.65999984741211,10.0600004196167,9.640000343322754,10.010000228881836,1179900,0,0.0
2010-09-03,10.220000267028809,10.369999885559082,10.09000015258789,10.220000267028809,1105200,0,0.0
2010-09-07,10.020000457763672,10.199999809265137,9.890000343322754,10.0,840400,0,0.0
2010-09-08,10.010000228881836,10.329999923706055,10.010000228881836,10.0600004196167,854000,0,0.0
2010-09-09,10.3100004196167,10.3100004196167,10.010000228881836,10.079999923706055,629100,0,0.0
2010-09-10,10.130000114440918,10.399999618530273,10.100000381469727,10.260000228881836,643600,0,0.0
2010-09-13,10.449999809265137,10.819999694824219,10.420000076293945,10.789999961853027,1220600,0,0.0
2010-09-14,10.739999771118164,10.920000076293945,10.390000343322754,10.59000015258789,1511000,0,0.0
2010-09-15,10.510000228881836,10.899999618530273,10.199999809265137,10.84000015258789,1816300,0,0.0
2010-09-16,10.779999732971191,10.84000015258789,10.050000190734863,10.09000015258789,2499900,0,0.0
2010-09-17,10.1899995803833,10.3100004196167,9.90999984741211,10.149999618530273,2434900,0,0.0
2010-09-20,10.1899995803833,10.550000190734863,10.020000457763672,10.529999732971191,1370300,0,0.0
2010-09-21,10.479999542236328,10.670000076293945,10.40999984741211,10.539999961853027,1387600,0,0.0
2010-09-22,10.489999771118164,10.640000343322754,9.979999542236328,10.0,1629300,0,0.0
2010-09-23,9.869999885559082,10.210000038146973,9.829999923706055,9.869999885559082,1495900,0,0.0
2010-09-24,10.0600004196167,10.170000076293945,9.979999542236328,10.140000343322754,1674700,0,0.0
2010-09-27,10.170000076293945,10.380000114440918,10.130000114440918,10.199999809265137,1059800,0,0.0
2010-09-28,10.270000457763672,10.59000015258789,10.050000190734863,10.569999694824219,1094700,0,0.0
2010-09-29,10.529999732971191,11.210000038146973,10.510000228881836,10.890000343322754,2460400,0,0.0
2010-09-30,11.029999732971191,11.319999694824219,10.890000343322754,11.140000343322754,1609300,0,0.0
2010-10-01,11.300000190734863,11.489999771118164,11.069999694824219,11.460000038146973,1869700,0,0.0
2010-10-04,11.430000305175781,11.430000305175781,10.880000114440918,11.069999694824219,1565500,0,0.0
2010-10-05,11.270000457763672,11.630000114440918,11.149999618530273,11.579999923706055,1348200,0,0.0
2010-10-06,11.569999694824219,11.850000381469727,11.569999694824219,11.729999542236328,1245400,0,0.0
2010-10-07,11.8100004196167,11.930000305175781,11.3100004196167,11.529999732971191,984100,0,0.0
2010-10-08,11.569999694824219,12.050000190734863,11.479999542236328,12.010000228881836,810600,0,0.0
2010-10-11,12.079999923706055,12.09000015258789,11.850000381469727,11.890000343322754,576900,0,0.0
2010-10-12,11.84000015258789,12.260000228881836,11.609999656677246,12.15999984741211,964300,0,0.0
2010-10-13,12.319999694824219,12.609999656677246,12.0600004196167,12.079999923706055,1718100,0,0.0
2010-10-14,12.069999694824219,12.210000038146973,11.789999961853027,11.970000267028809,1091900,0,0.0
2010-10-15,12.109999656677246,12.199999809265137,11.579999923706055,12.130000114440918,1650800,0,0.0
2010-10-18,12.140000343322754,12.350000381469727,12.140000343322754,12.329999923706055,1186900,0,0.0
2010-10-19,12.0,12.199999809265137,11.760000228881836,11.979999542236328,1353500,0,0.0
2010-10-20,12.079999923706055,12.399999618530273,12.0,12.3100004196167,1095400,0,0.0
2010-10-21,12.399999618530273,12.729999542236328,12.039999961853027,12.0600004196167,2119400,0,0.0
2010-10-22,12.149999618530273,12.350000381469727,12.069999694824219,12.300000190734863,654000,0,0.0
2010-10-25,12.489999771118164,12.640000343322754,12.279999732971191,12.479999542236328,981300,0,0.0
2010-10-26,12.34000015258789,12.880000114440918,12.279999732971191,12.789999961853027,1224800,0,0.0
2010-10-27,12.619999885559082,13.15999984741211,12.520000457763672,13.09000015258789,2021000,0,0.0
2010-10-28,13.289999961853027,13.399999618530273,12.100000381469727,12.399999618530273,2902400,0,0.0
2010-10-29,12.390000343322754,12.829999923706055,12.220000267028809,12.6899995803833,1143200,0,0.0
2010-11-01,12.84000015258789,13.0600004196167,12.470000267028809,12.680000305175781,1302900,0,0.0
2010-11-02,13.050000190734863,13.270000457763672,12.949999809265137,13.199999809265137,1681400,0,0.0
2010-11-03,13.229999542236328,13.289999961853027,12.770000457763672,13.1899995803833,1568200,0,0.0
2010-11-04,13.420000076293945,13.829999923706055,13.210000038146973,13.630000114440918,2375800,0,0.0
2010-11-05,13.65999984741211,14.039999961853027,13.59000015258789,13.670000076293945,2076400,0,0.0
2010-11-08,13.489999771118164,14.020000457763672,13.449999809265137,13.970000267028809,937700,0,0.0
2010-11-09,14.010000228881836,14.119999885559082,13.579999923706055,13.670000076293945,1494300,0,0.0
2010-11-10,13.729999542236328,14.149999618530273,13.59000015258789,14.149999618530273,1104100,0,0.0
2010-11-11,14.0,14.289999961853027,13.84000015258789,14.199999809265137,739500,0,0.0
2010-11-12,13.970000267028809,14.100000381469727,13.40999984741211,13.600000381469727,1249600,0,0.0
2010-11-15,13.680000305175781,14.0,13.600000381469727,13.600000381469727,1027000,0,0.0
2010-11-16,13.40999984741211,13.40999984741211,12.869999885559082,13.199999809265137,2112600,0,0.0
2010-11-17,13.210000038146973,13.619999885559082,13.199999809265137,13.529999732971191,1053400,0,0.0
2010-11-18,13.75,14.149999618530273,13.75,13.899999618530273,1496200,0,0.0
2010-11-19,13.8100004196167,14.010000228881836,13.579999923706055,13.970000267028809,868300,0,0.0
2010-11-22,13.890000343322754,13.970000267028809,13.420000076293945,13.90999984741211,1247200,0,0.0
2010-11-23,13.600000381469727,13.619999885559082,13.279999732971191,13.5,1186500,0,0.0
2010-11-24,13.579999923706055,14.100000381469727,13.579999923706055,14.069999694824219,765400,0,0.0
2010-11-26,13.890000343322754,13.930000305175781,13.800000190734863,13.880000114440918,364800,0,0.0
2010-11-29,13.779999732971191,14.170000076293945,13.600000381469727,14.109999656677246,1912800,0,0.0
2010-11-30,13.880000114440918,14.1899995803833,13.670000076293945,14.029999732971191,2328700,0,0.0
2010-12-01,14.350000381469727,14.479999542236328,13.930000305175781,13.989999771118164,4183300,0,0.0
2010-12-02,14.010000228881836,14.15999984741211,13.680000305175781,13.8100004196167,2908300,0,0.0
2010-12-03,13.6899995803833,13.930000305175781,13.65999984741211,13.850000381469727,2123300,0,0.0
2010-12-06,13.800000190734863,13.899999618530273,13.5600004196167,13.569999694824219,2392200,0,0.0
2010-12-07,13.75,13.859999656677246,13.09000015258789,13.140000343322754,2610300,0,0.0
2010-12-08,13.199999809265137,13.420000076293945,13.100000381469727,13.270000457763672,1255600,0,0.0
2010-12-09,13.359999656677246,13.399999618530273,13.010000228881836,13.199999809265137,1264300,0,0.0
2010-12-10,13.300000190734863,13.609999656677246,13.220000267028809,13.489999771118164,1266400,0,0.0
2010-12-13,13.59000015258789,13.710000038146973,13.319999694824219,13.329999923706055,1100300,0,0.0
2010-12-14,13.380000114440918,13.569999694824219,12.930000305175781,13.100000381469727,1904500,0,0.0
2010-12-15,13.0600004196167,13.300000190734863,12.880000114440918,12.880000114440918,1766800,0,0.0
2010-12-16,12.859999656677246,12.880000114440918,12.449999809265137,12.640000343322754,1976300,0,0.0
2010-12-17,12.600000381469727,12.619999885559082,12.270000457763672,12.270000457763672,2608700,0,0.0
2010-12-20,12.369999885559082,12.399999618530273,12.170000076293945,12.199999809265137,1630900,0,0.0
2010-12-21,12.25,12.649999618530273,12.180000305175781,12.630000114440918,1765100,0,0.0
2010-12-22,12.640000343322754,12.770000457763672,12.5,12.550000190734863,928700,0,0.0
2010-12-23,12.600000381469727,12.630000114440918,12.460000038146973,12.5,544300,0,0.0
2010-12-27,12.399999618530273,12.489999771118164,12.210000038146973,12.260000228881836,683300,0,0.0
2010-12-28,12.25,12.380000114440918,11.949999809265137,12.029999732971191,1199300,0,0.0
2010-12-29,12.069999694824219,12.15999984741211,12.010000228881836,12.0600004196167,1068900,0,0.0
2010-12-30,12.069999694824219,12.270000457763672,12.0600004196167,12.210000038146973,736900,0,0.0
2010-12-31,12.199999809265137,12.25,12.09000015258789,12.140000343322754,795800,0,0.0
2011-01-03,12.380000114440918,12.40999984741211,11.850000381469727,12.010000228881836,2002000,0,0.0
2011-01-04,12.050000190734863,12.15999984741211,11.829999923706055,12.020000457763672,3005100,0,0.0
2011-01-05,11.970000267028809,12.210000038146973,11.8100004196167,12.170000076293945,2142000,0,0.0
2011-01-06,12.199999809265137,12.300000190734863,11.859999656677246,11.920000076293945,1297100,0,0.0
2011-01-07,11.920000076293945,12.020000457763672,11.4399995803833,11.699999809265137,1493000,0,0.0
2011-01-10,11.739999771118164,11.930000305175781,11.5,11.90999984741211,1642700,0,0.0
2011-01-11,11.960000038146973,12.239999771118164,11.9399995803833,12.100000381469727,1234400,0,0.0
2011-01-12,12.239999771118164,12.289999961853027,11.949999809265137,12.010000228881836,1415400,0,0.0
2011-01-13,11.979999542236328,12.109999656677246,11.800000190734863,11.899999618530273,833000,0,0.0
2011-01-14,11.920000076293945,12.239999771118164,11.800000190734863,12.229999542236328,946900,0,0.0
2011-01-18,12.170000076293945,12.199999809265137,11.90999984741211,12.109999656677246,1442700,0,0.0
2011-01-19,12.130000114440918,12.239999771118164,11.770000457763672,11.859999656677246,1502000,0,0.0
2011-01-20,11.739999771118164,11.789999961853027,11.3100004196167,11.600000381469727,1439500,0,0.0
2011-01-21,11.789999961853027,11.789999961853027,11.289999961853027,11.319999694824219,1872500,0,0.0
2011-01-24,11.359999656677246,11.520000457763672,11.15999984741211,11.5,1090100,0,0.0
2011-01-25,11.460000038146973,11.510000228881836,10.920000076293945,11.300000190734863,1505200,0,0.0
2011-01-26,11.300000190734863,11.960000038146973,11.1899995803833,11.899999618530273,2253100,0,0.0
2011-01-27,11.930000305175781,12.520000457763672,11.729999542236328,12.329999923706055,2415000,0,0.0
2011-01-28,12.289999961853027,12.380000114440918,11.680000305175781,11.779999732971191,1591900,0,0.0
2011-01-31,11.869999885559082,12.470000267028809,11.800000190734863,12.399999618530273,1320400,0,0.0
2011-02-01,12.510000228881836,12.720000267028809,12.210000038146973,12.539999961853027,1840700,0,0.0
2011-02-02,13.649999618530273,13.699999809265137,13.010000228881836,13.260000228881836,3636400,0,0.0
2011-02-03,13.1899995803833,13.1899995803833,12.710000038146973,12.739999771118164,3012800,0,0.0
2011-02-04,12.670000076293945,12.779999732971191,12.390000343322754,12.609999656677246,1199400,0,0.0
2011-02-07,12.680000305175781,12.819999694824219,12.569999694824219,12.649999618530273,1148800,0,0.0
2011-02-08,12.670000076293945,12.720000267028809,12.369999885559082,12.550000190734863,877700,0,0.0
2011-02-09,12.460000038146973,12.529999732971191,12.010000228881836,12.1899995803833,1906800,0,0.0
2011-02-10,12.180000305175781,12.569999694824219,12.130000114440918,12.569999694824219,1646800,0,0.0
2011-02-11,12.460000038146973,12.920000076293945,12.270000457763672,12.84000015258789,1623700,0,0.0
2011-02-14,12.819999694824219,13.5,12.819999694824219,13.34000015258789,2383600,0,0.0
2011-02-15,13.350000381469727,13.539999961853027,13.119999885559082,13.1899995803833,986500,0,0.0
2011-02-16,13.260000228881836,13.680000305175781,13.140000343322754,13.550000190734863,1109100,0,0.0
2011-02-17,13.5,14.739999771118164,13.430000305175781,14.59000015258789,3000000,0,0.0
2011-02-18,14.609999656677246,14.6899995803833,14.039999961853027,14.350000381469727,1602400,0,0.0
2011-02-22,14.069999694824219,14.5,13.670000076293945,13.819999694824219,2262500,0,0.0
2011-02-23,13.8100004196167,14.09000015258789,13.630000114440918,13.729999542236328,2030100,0,0.0
2011-02-24,13.399999618530273,14.90999984741211,13.369999885559082,14.199999809265137,4280100,0,0.0
2011-02-25,14.25,14.90999984741211,14.0,14.90999984741211,2374700,0,0.0
2011-02-28,14.920000076293945,15.5,14.869999885559082,15.399999618530273,3001100,0,0.0
2011-03-01,15.920000076293945,16.200000762939453,15.020000457763672,15.1899995803833,3775000,0,0.0
2011-03-02,15.220000267028809,15.34000015258789,14.8100004196167,14.949999809265137,2763200,0,0.0
2011-03-03,15.220000267028809,15.65999984741211,15.09000015258789,15.600000381469727,1635400,0,0.0
2011-03-04,15.630000114440918,15.680000305175781,15.270000457763672,15.619999885559082,1375600,0,0.0
2011-03-07,15.65999984741211,15.930000305175781,15.09000015258789,15.399999618530273,1557700,0,0.0
2011-03-08,15.4399995803833,15.619999885559082,14.90999984741211,15.300000190734863,1676700,0,0.0
2011-03-09,15.550000190734863,15.859999656677246,15.270000457763672,15.289999961853027,1211900,0,0.0
2011-03-10,14.930000305175781,14.960000038146973,14.420000076293945,14.520000457763672,2188900,0,0.0
2011-03-11,14.529999732971191,14.869999885559082,14.369999885559082,14.720000267028809,2058200,0,0.0
2011-03-14,14.489999771118164,14.899999618530273,14.40999984741211,14.789999961853027,1673100,0,0.0
2011-03-15,13.239999771118164,15.010000228881836,13.1899995803833,14.819999694824219,2961800,0,0.0
2011-03-16,14.710000038146973,14.949999809265137,14.220000267028809,14.380000114440918,1888500,0,0.0
2011-03-17,14.6899995803833,14.960000038146973,14.5600004196167,14.710000038146973,1444900,0,0.0
2011-03-18,14.930000305175781,15.649999618530273,14.829999923706055,15.390000343322754,5217800,0,0.0
2011-03-21,15.6899995803833,16.290000915527344,15.600000381469727,16.25,2342000,0,0.0
2011-03-22,16.25,16.549999237060547,16.139999389648438,16.450000762939453,1891800,0,0.0
2011-03-23,16.399999618530273,16.799999237060547,16.200000762939453,16.739999771118164,2523400,0,0.0
2011-03-24,16.799999237060547,17.100000381469727,16.739999771118164,16.920000076293945,2621200,0,0.0
2011-03-25,16.959999084472656,17.15999984741211,16.610000610351562,16.68000030517578,2341900,0,0.0
2011-03-28,16.719999313354492,17.040000915527344,16.68000030517578,16.8700008392334,1594300,0,0.0
2011-03-29,16.84000015258789,17.56999969482422,16.809999465942383,17.530000686645508,1543000,0,0.0
2011-03-30,17.690000534057617,17.690000534057617,17.100000381469727,17.1200008392334,2012800,0,0.0
2011-03-31,17.18000030517578,17.690000534057617,17.15999984741211,17.200000762939453,2019300,0,0.0
2011-04-01,17.520000457763672,17.56999969482422,17.170000076293945,17.260000228881836,1068300,0,0.0
2011-04-04,17.270000457763672,17.450000762939453,16.969999313354492,17.100000381469727,1388700,0,0.0
2011-04-05,17.049999237060547,17.5,17.0,17.459999084472656,1014300,0,0.0
2011-04-06,17.600000381469727,17.65999984741211,17.079999923706055,17.270000457763672,1477400,0,0.0
2011-04-07,17.270000457763672,17.579999923706055,17.15999984741211,17.260000228881836,977900,0,0.0
2011-04-08,17.440000534057617,17.75,16.969999313354492,17.06999969482422,968200,0,0.0
2011-04-11,16.940000534057617,17.15999984741211,16.520000457763672,16.709999084472656,1115200,0,0.0
2011-04-12,16.5,16.59000015258789,15.779999732971191,15.930000305175781,1263300,0,0.0
2011-04-13,16.09000015258789,16.15999984741211,15.630000114440918,15.890000343322754,1008800,0,0.0
2011-04-14,15.6899995803833,16.110000610351562,15.569999694824219,16.110000610351562,1239700,0,0.0
2011-04-15,16.079999923706055,16.59000015258789,16.010000228881836,16.540000915527344,1460400,0,0.0
2011-04-18,16.1299991607666,16.270000457763672,15.8100004196167,15.920000076293945,1273300,0,0.0
2011-04-19,15.979999542236328,16.309999465942383,15.819999694824219,16.059999465942383,942000,0,0.0
2011-04-20,16.389999389648438,16.5,16.209999084472656,16.290000915527344,1037200,0,0.0
2011-04-21,16.40999984741211,16.84000015258789,16.3799991607666,16.790000915527344,730700,0,0.0
2011-04-25,16.719999313354492,16.809999465942383,16.459999084472656,16.559999465942383,1330700,0,0.0
2011-04-26,17.139999389648438,18.299999237060547,16.959999084472656,18.219999313354492,4500000,0,0.0
2011-04-27,17.8700008392334,18.020000457763672,17.059999465942383,17.739999771118164,2576500,0,0.0
2011-04-28,17.739999771118164,18.399999618530273,17.649999618530273,17.959999084472656,2165400,0,0.0
2011-04-29,18.040000915527344,19.200000762939453,18.010000228881836,18.93000030517578,2350700,0,0.0
2011-05-02,19.059999465942383,19.06999969482422,17.989999771118164,18.09000015258789,1827500,0,0.0
2011-05-03,17.940000534057617,18.3700008392334,17.469999313354492,17.729999542236328,1662700,0,0.0
2011-05-04,17.700000762939453,17.739999771118164,16.700000762939453,16.959999084472656,1799100,0,0.0
2011-05-05,16.6200008392334,17.110000610351562,16.25,16.420000076293945,2036800,0,0.0
2011-05-06,16.610000610351562,17.15999984741211,16.229999542236328,16.540000915527344,1862300,0,0.0
2011-05-09,16.59000015258789,17.290000915527344,16.510000228881836,17.15999984741211,1253000,0,0.0
2011-05-10,17.18000030517578,17.549999237060547,16.969999313354492,17.149999618530273,1739200,0,0.0
2011-05-11,17.059999465942383,17.059999465942383,16.1200008392334,16.139999389648438,2329200,0,0.0
2011-05-12,16.049999237060547,16.31999969482422,15.65999984741211,16.059999465942383,3043300,0,0.0
2011-05-13,16.0,16.43000030517578,15.619999885559082,15.710000038146973,2345000,0,0.0
2011-05-16,15.710000038146973,16.110000610351562,15.4399995803833,15.489999771118164,1833600,0,0.0
2011-05-17,15.34000015258789,15.600000381469727,15.050000190734863,15.420000076293945,2174700,0,0.0
2011-05-18,15.529999732971191,16.139999389648438,15.529999732971191,16.079999923706055,1801100,0,0.0
2011-05-19,16.030000686645508,16.209999084472656,15.550000190734863,15.75,1669800,0,0.0
2011-05-20,15.510000228881836,16.229999542236328,15.470000267028809,15.960000038146973,1401000,0,0.0
2011-05-23,15.649999618530273,15.699999809265137,15.470000267028809,15.510000228881836,936700,0,0.0
2011-05-24,15.680000305175781,16.239999771118164,15.609999656677246,15.779999732971191,1094500,0,0.0
2011-05-25,15.670000076293945,16.389999389648438,15.649999618530273,16.34000015258789,2203400,0,0.0
2011-05-26,16.219999313354492,16.8700008392334,16.010000228881836,16.860000610351562,1940700,0,0.0
2011-05-27,16.889999389648438,17.350000381469727,16.889999389648438,17.309999465942383,1778900,0,0.0
2011-05-31,17.559999465942383,17.6200008392334,17.209999084472656,17.520000457763672,2222700,0,0.0
2011-06-01,17.489999771118164,17.489999771118164,16.329999923706055,16.389999389648438,2563600,0,0.0
2011-06-02,16.440000534057617,16.719999313354492,16.219999313354492,16.479999542236328,1241400,0,0.0
2011-06-03,16.15999984741211,16.75,15.970000267028809,16.389999389648438,1686100,0,0.0
2011-06-06,16.3700008392334,16.520000457763672,15.649999618530273,15.699999809265137,1479800,0,0.0
2011-06-07,15.859999656677246,16.079999923706055,15.600000381469727,15.649999618530273,1217400,0,0.0
2011-06-08,15.619999885559082,16.0,15.5,15.550000190734863,3015300,0,0.0
2011-06-09,15.649999618530273,16.139999389648438,15.390000343322754,16.010000228881836,1456900,0,0.0
2011-06-10,15.819999694824219,15.960000038146973,15.520000457763672,15.720000267028809,1865800,0,0.0
2011-06-13,15.770000457763672,15.789999961853027,14.630000114440918,15.020000457763672,1539200,0,0.0
2011-06-14,15.279999732971191,15.960000038146973,15.260000228881836,15.770000457763672,1165800,0,0.0
2011-06-15,15.529999732971191,15.890000343322754,15.010000228881836,15.109999656677246,1292100,0,0.0
2011-06-16,15.119999885559082,15.300000190734863,14.59000015258789,14.850000381469727,1214300,0,0.0
2011-06-17,15.029999732971191,15.039999961853027,14.640000343322754,14.829999923706055,1685500,0,0.0
2011-06-20,14.729999542236328,15.390000343322754,14.569999694824219,15.380000114440918,2296900,0,0.0
2011-06-21,15.59000015258789,16.760000228881836,15.550000190734863,16.389999389648438,3278100,0,0.0
2011-06-22,16.399999618530273,17.290000915527344,16.389999389648438,16.700000762939453,3556600,0,0.0
2011-06-23,16.3799991607666,16.420000076293945,15.779999732971191,16.399999618530273,3503700,0,0.0
2011-06-24,16.469999313354492,16.5,15.880000114440918,15.970000267028809,1662200,0,0.0
2011-06-27,15.979999542236328,16.09000015258789,15.520000457763672,15.739999771118164,1557900,0,0.0
2011-06-28,15.930000305175781,16.25,15.850000381469727,16.190000534057617,2024200,0,0.0
2011-06-29,16.25,16.520000457763672,15.970000267028809,16.469999313354492,2118800,0,0.0
2011-06-30,16.5,16.770000457763672,16.469999313354492,16.559999465942383,1714300,0,0.0
2011-07-01,16.540000915527344,16.780000686645508,16.270000457763672,16.690000534057617,1798100,0,0.0
2011-07-05,16.770000457763672,17.09000015258789,16.700000762939453,16.809999465942383,1305800,0,0.0
2011-07-06,16.829999923706055,16.969999313354492,16.520000457763672,16.90999984741211,1509400,0,0.0
2011-07-07,17.170000076293945,17.5,17.059999465942383,17.350000381469727,1509800,0,0.0
2011-07-08,16.950000762939453,17.290000915527344,16.760000228881836,17.200000762939453,1776000,0,0.0
2011-07-11,16.850000381469727,17.1299991607666,16.479999542236328,16.700000762939453,1811000,0,0.0
2011-07-12,16.649999618530273,16.979999542236328,16.56999969482422,16.68000030517578,1271600,0,0.0
2011-07-13,16.790000915527344,17.260000228881836,16.65999984741211,16.719999313354492,1183300,0,0.0
2011-07-14,16.889999389648438,17.09000015258789,16.299999237060547,16.489999771118164,1022400,0,0.0
2011-07-15,16.65999984741211,17.440000534057617,16.649999618530273,17.420000076293945,1437700,0,0.0
2011-07-18,17.270000457763672,17.549999237060547,16.959999084472656,17.31999969482422,1254300,0,0.0
2011-07-19,17.5,17.969999313354492,17.479999542236328,17.920000076293945,1375700,0,0.0
2011-07-20,17.920000076293945,17.979999542236328,17.639999389648438,17.889999389648438,1317100,0,0.0
2011-07-21,17.959999084472656,18.270000457763672,17.850000381469727,18.170000076293945,1223000,0,0.0
2011-07-22,18.149999618530273,18.6200008392334,18.100000381469727,18.56999969482422,1203200,0,0.0
2011-07-25,18.290000915527344,18.8799991607666,18.149999618530273,18.43000030517578,2568400,0,0.0
2011-07-26,19.719999313354492,21.649999618530273,19.389999389648438,20.760000228881836,7625400,0,0.0
2011-07-27,20.440000534057617,20.5,19.610000610351562,19.700000762939453,4110100,0,0.0
2011-07-28,19.68000030517578,20.239999771118164,19.600000381469727,19.690000534057617,3482600,0,0.0
2011-07-29,19.5,19.969999313354492,19.31999969482422,19.579999923706055,2213600,0,0.0
2011-08-01,20.0,20.1299991607666,18.690000534057617,19.059999465942383,2844600,0,0.0
2011-08-02,18.920000076293945,19.559999465942383,18.549999237060547,18.549999237060547,2453000,0,0.0
2011-08-03,18.649999618530273,18.75,17.850000381469727,18.68000030517578,3193000,0,0.0
2011-08-04,18.260000228881836,18.260000228881836,16.59000015258789,16.600000381469727,2796400,0,0.0
2011-08-05,16.65999984741211,16.81999969482422,14.880000114440918,15.470000267028809,3442400,0,0.0
2011-08-08,14.960000038146973,15.220000267028809,13.369999885559082,13.550000190734863,3898300,0,0.0
2011-08-09,14.109999656677246,14.699999809265137,13.180000305175781,14.649999618530273,4006000,0,0.0
2011-08-10,14.25,15.229999542236328,13.979999542236328,14.3100004196167,4115400,0,0.0
2011-08-11,14.4399995803833,16.450000762939453,14.149999618530273,16.149999618530273,3854800,0,0.0
2011-08-12,16.420000076293945,16.600000381469727,15.970000267028809,16.229999542236328,1901100,0,0.0
2011-08-15,16.389999389648438,16.889999389648438,16.389999389648438,16.8799991607666,1342800,0,0.0
2011-08-16,16.579999923706055,16.90999984741211,16.219999313354492,16.43000030517578,1559500,0,0.0
2011-08-17,16.690000534057617,16.93000030517578,16.260000228881836,16.459999084472656,1293300,0,0.0
2011-08-18,15.6899995803833,15.6899995803833,14.800000190734863,15.100000381469727,2314000,0,0.0
2011-08-19,14.600000381469727,15.270000457763672,14.430000305175781,14.449999809265137,1713500,0,0.0
2011-08-22,15.039999961853027,15.180000305175781,14.029999732971191,14.15999984741211,1398900,0,0.0
2011-08-23,14.210000038146973,15.380000114440918,14.039999961853027,15.369999885559082,2003400,0,0.0
2011-08-24,15.270000457763672,15.989999771118164,15.029999732971191,15.979999542236328,1874300,0,0.0
2011-08-25,16.219999313354492,16.309999465942383,15.210000038146973,15.25,2005700,0,0.0
2011-08-26,15.029999732971191,16.040000915527344,14.880000114440918,15.899999618530273,1463200,0,0.0
2011-08-29,16.25,16.979999542236328,16.149999618530273,16.969999313354492,1237400,0,0.0
2011-08-30,16.799999237060547,17.149999618530273,16.489999771118164,16.969999313354492,1548400,0,0.0
2011-08-31,17.239999771118164,17.520000457763672,16.610000610351562,16.889999389648438,1345700,0,0.0
2011-09-01,16.790000915527344,17.239999771118164,16.600000381469727,16.6299991607666,1093000,0,0.0
2011-09-02,16.010000228881836,16.219999313354492,15.420000076293945,15.619999885559082,1487600,0,0.0
2011-09-06,14.949999809265137,15.479999542236328,14.75,15.430000305175781,1423900,0,0.0
2011-09-07,15.800000190734863,16.5,15.75,16.489999771118164,1177700,0,0.0
2011-09-08,16.25,16.790000915527344,16.149999618530273,16.3700008392334,976200,0,0.0
2011-09-09,16.040000915527344,16.600000381469727,15.539999961853027,15.729999542236328,1669200,0,0.0
2011-09-12,15.319999694824219,16.219999313354492,15.319999694824219,16.200000762939453,1289700,0,0.0
2011-09-13,16.360000610351562,16.709999084472656,15.90999984741211,16.479999542236328,1304000,0,0.0
2011-09-14,16.600000381469727,16.899999618530273,15.979999542236328,16.459999084472656,1456100,0,0.0
2011-09-15,16.729999542236328,16.860000610351562,16.309999465942383,16.790000915527344,955000,0,0.0
2011-09-16,16.850000381469727,17.0,16.459999084472656,16.559999465942383,1510700,0,0.0
2011-09-19,16.110000610351562,16.59000015258789,15.720000267028809,16.399999618530273,1009800,0,0.0
2011-09-20,16.489999771118164,16.920000076293945,16.18000030517578,16.260000228881836,1443700,0,0.0
2011-09-21,16.229999542236328,16.309999465942383,14.829999923706055,14.859999656677246,1478100,0,0.0
2011-09-22,14.1899995803833,14.470000267028809,13.279999732971191,13.5600004196167,2483900,0,0.0
2011-09-23,13.399999618530273,13.710000038146973,13.0600004196167,13.229999542236328,1467500,0,0.0
2011-09-26,13.289999961853027,14.350000381469727,12.649999618530273,14.34000015258789,2201200,0,0.0
2011-09-27,14.979999542236328,15.479999542236328,14.399999618530273,14.569999694824219,1887900,0,0.0
2011-09-28,14.569999694824219,14.680000305175781,13.350000381469727,13.369999885559082,1519400,0,0.0
2011-09-29,13.899999618530273,13.9399995803833,13.029999732971191,13.65999984741211,1489900,0,0.0
2011-09-30,13.25,13.670000076293945,13.09000015258789,13.100000381469727,1668100,0,0.0
2011-10-03,12.90999984741211,13.170000076293945,11.9399995803833,11.949999809265137,2187800,0,0.0
2011-10-04,11.800000190734863,13.020000457763672,11.569999694824219,12.960000038146973,3000000,0,0.0
2011-10-05,12.970000267028809,13.760000228881836,12.569999694824219,13.640000343322754,1902000,0,0.0
2011-10-06,13.5600004196167,14.079999923706055,13.270000457763672,13.880000114440918,2751500,0,0.0
2011-10-07,14.029999732971191,14.0600004196167,12.920000076293945,13.430000305175781,2152400,0,0.0
2011-10-10,13.829999923706055,15.0,13.829999923706055,14.989999771118164,2249100,0,0.0
2011-10-11,14.75,15.300000190734863,14.680000305175781,15.050000190734863,1206800,0,0.0
2011-10-12,15.34000015258789,15.550000190734863,15.039999961853027,15.1899995803833,1781600,0,0.0
2011-10-13,14.9399995803833,15.569999694824219,14.760000228881836,15.449999809265137,877000,0,0.0
2011-10-14,15.8100004196167,16.239999771118164,15.6899995803833,16.100000381469727,1338000,0,0.0
2011-10-17,16.0,16.100000381469727,15.460000038146973,15.65999984741211,1683400,0,0.0
2011-10-18,15.720000267028809,16.600000381469727,15.319999694824219,16.469999313354492,2163400,0,0.0
2011-10-19,16.559999465942383,17.239999771118164,16.299999237060547,16.610000610351562,2436400,0,0.0
2011-10-20,16.5,16.920000076293945,16.040000915527344,16.700000762939453,1258000,0,0.0
2011-10-21,17.15999984741211,17.3799991607666,16.6200008392334,17.040000915527344,1025500,0,0.0
2011-10-24,17.239999771118164,17.950000762939453,17.239999771118164,17.889999389648438,2326200,0,0.0
2011-10-25,17.600000381469727,17.84000015258789,17.020000457763672,17.450000762939453,2829900,0,0.0
2011-10-26,17.940000534057617,17.940000534057617,16.899999618530273,17.440000534057617,2113100,0,0.0
2011-10-27,17.959999084472656,18.979999542236328,17.950000762939453,18.770000457763672,2506400,0,0.0
2011-10-28,18.700000762939453,19.420000076293945,18.530000686645508,19.280000686645508,1805300,0,0.0
2011-10-31,19.049999237060547,19.209999084472656,18.059999465942383,18.059999465942383,2364700,0,0.0
2011-11-01,16.780000686645508,17.799999237060547,16.610000610351562,17.290000915527344,2273300,0,0.0
2011-11-02,17.75,18.200000762939453,17.579999923706055,18.149999618530273,1140300,0,0.0
2011-11-03,18.5,18.739999771118164,17.93000030517578,18.639999389648438,1702300,0,0.0
2011-11-04,18.440000534057617,18.809999465942383,18.190000534057617,18.600000381469727,774000,0,0.0
2011-11-07,18.520000457763672,18.920000076293945,17.979999542236328,18.5,1057100,0,0.0
2011-11-08,18.760000228881836,18.959999084472656,18.229999542236328,18.670000076293945,2184300,0,0.0
2011-11-09,17.90999984741211,18.030000686645508,17.06999969482422,17.100000381469727,2007400,0,0.0
2011-11-10,17.65999984741211,17.68000030517578,17.040000915527344,17.309999465942383,1826300,0,0.0
2011-11-11,17.719999313354492,17.93000030517578,17.440000534057617,17.489999771118164,1869700,0,0.0
2011-11-14,17.43000030517578,17.639999389648438,17.100000381469727,17.389999389648438,2102200,0,0.0
2011-11-15,17.270000457763672,17.799999237060547,16.979999542236328,17.610000610351562,1178100,0,0.0
2011-11-16,17.3700008392334,17.860000610351562,17.059999465942383,17.1200008392334,2449700,0,0.0
2011-11-17,17.170000076293945,17.6299991607666,16.610000610351562,16.93000030517578,2446300,0,0.0
2011-11-18,16.979999542236328,17.100000381469727,16.399999618530273,16.65999984741211,1003100,0,0.0
2011-11-21,16.18000030517578,16.469999313354492,15.739999771118164,16.299999237060547,1531500,0,0.0
2011-11-22,16.299999237060547,16.520000457763672,15.970000267028809,15.989999771118164,938500,0,0.0
2011-11-23,15.670000076293945,15.729999542236328,15.239999771118164,15.239999771118164,1105300,0,0.0
2011-11-25,15.140000343322754,15.5600004196167,14.989999771118164,14.989999771118164,482600,0,0.0
2011-11-28,15.949999809265137,16.3799991607666,15.800000190734863,16.040000915527344,1345800,0,0.0
2011-11-29,16.15999984741211,16.399999618530273,15.819999694824219,16.190000534057617,890500,0,0.0
2011-11-30,17.15999984741211,17.75,16.899999618530273,17.739999771118164,1908900,0,0.0
2011-12-01,17.600000381469727,18.0,17.459999084472656,17.770000457763672,1394100,0,0.0
2011-12-02,18.049999237060547,18.200000762939453,17.489999771118164,17.530000686645508,811000,0,0.0
2011-12-05,18.040000915527344,18.06999969482422,17.170000076293945,17.450000762939453,2103600,0,0.0
2011-12-06,17.59000015258789,17.59000015258789,17.030000686645508,17.219999313354492,1806600,0,0.0
2011-12-07,17.09000015258789,17.110000610351562,16.5,16.700000762939453,1324600,0,0.0
2011-12-08,16.5,16.829999923706055,16.100000381469727,16.139999389648438,1209700,0,0.0
2011-12-09,16.260000228881836,17.0,16.200000762939453,16.90999984741211,1203300,0,0.0
2011-12-12,16.530000686645508,16.530000686645508,16.06999969482422,16.3799991607666,1074800,0,0.0
2011-12-13,16.600000381469727,16.899999618530273,15.729999542236328,15.859999656677246,985100,0,0.0
2011-12-14,15.59000015258789,15.600000381469727,14.960000038146973,15.010000228881836,1682000,0,0.0
2011-12-15,15.40999984741211,15.460000038146973,14.949999809265137,15.079999923706055,1649700,0,0.0
2011-12-16,15.300000190734863,15.84000015258789,15.229999542236328,15.4399995803833,1855800,0,0.0
2011-12-19,15.5600004196167,15.680000305175781,14.609999656677246,14.670000076293945,1145700,0,0.0
2011-12-20,15.210000038146973,15.850000381469727,15.100000381469727,15.600000381469727,1260000,0,0.0
2011-12-21,15.510000228881836,15.779999732971191,15.140000343322754,15.699999809265137,811700,0,0.0
2011-12-22,15.84000015258789,16.290000915527344,15.8100004196167,16.1200008392334,1022100,0,0.0
2011-12-23,16.139999389648438,16.209999084472656,15.8100004196167,16.06999969482422,592900,0,0.0
2011-12-27,16.010000228881836,16.079999923706055,15.640000343322754,15.720000267028809,871600,0,0.0
2011-12-28,15.789999961853027,15.859999656677246,15.34000015258789,15.359999656677246,1038500,0,0.0
2011-12-29,15.449999809265137,16.0,15.350000381469727,15.729999542236328,842000,0,0.0
2011-12-30,15.649999618530273,16.110000610351562,15.649999618530273,15.800000190734863,587000,0,0.0
2012-01-03,16.25,16.760000228881836,16.25,16.690000534057617,1186200,0,0.0
2012-01-04,16.559999465942383,16.940000534057617,16.440000534057617,16.450000762939453,917900,0,0.0
2012-01-05,16.31999969482422,16.600000381469727,15.90999984741211,16.389999389648438,759900,0,0.0
2012-01-06,16.43000030517578,16.649999618530273,16.1200008392334,16.34000015258789,825700,0,0.0
2012-01-09,16.34000015258789,16.649999618530273,16.209999084472656,16.450000762939453,724800,0,0.0
2012-01-10,16.760000228881836,17.34000015258789,16.690000534057617,17.329999923706055,1112100,0,0.0
2012-01-11,17.280000686645508,17.450000762939453,17.059999465942383,17.1299991607666,1466400,0,0.0
2012-01-12,17.15999984741211,17.270000457763672,16.829999923706055,16.899999618530273,711600,0,0.0
2012-01-13,16.65999984741211,16.729999542236328,16.1200008392334,16.170000076293945,929000,0,0.0
2012-01-17,16.3799991607666,16.610000610351562,15.90999984741211,15.979999542236328,1534300,0,0.0
2012-01-18,15.729999542236328,16.270000457763672,15.550000190734863,16.219999313354492,1359900,0,0.0
2012-01-19,16.299999237060547,16.329999923706055,15.960000038146973,16.100000381469727,858200,0,0.0
2012-01-20,16.030000686645508,16.280000686645508,15.859999656677246,16.1299991607666,766100,0,0.0
2012-01-23,16.18000030517578,16.389999389648438,15.979999542236328,16.260000228881836,875100,0,0.0
2012-01-24,16.049999237060547,16.389999389648438,15.850000381469727,16.329999923706055,698900,0,0.0
2012-01-25,16.329999923706055,16.8700008392334,16.049999237060547,16.75,1108200,0,0.0
2012-01-26,16.90999984741211,16.950000762939453,16.1299991607666,16.31999969482422,958500,0,0.0
2012-01-27,16.190000534057617,16.690000534057617,16.09000015258789,16.6200008392334,500300,0,0.0
2012-01-30,16.360000610351562,16.579999923706055,16.049999237060547,16.469999313354492,486300,0,0.0
2012-01-31,16.68000030517578,16.760000228881836,16.190000534057617,16.450000762939453,873200,0,0.0
2012-02-01,16.59000015258789,17.0,16.350000381469727,16.829999923706055,904500,0,0.0
2012-02-02,16.889999389648438,17.510000228881836,16.799999237060547,17.239999771118164,1038600,0,0.0
2012-02-03,17.68000030517578,18.360000610351562,17.5,18.149999618530273,1581400,0,0.0
2012-02-06,17.940000534057617,18.40999984741211,17.90999984741211,18.360000610351562,999900,0,0.0
2012-02-07,18.3700008392334,18.489999771118164,18.100000381469727,18.299999237060547,1026800,0,0.0
2012-02-08,18.420000076293945,18.700000762939453,18.190000534057617,18.639999389648438,1048200,0,0.0
2012-02-09,18.690000534057617,18.739999771118164,18.110000610351562,18.3700008392334,1053000,0,0.0
2012-02-10,18.030000686645508,18.260000228881836,17.8799991607666,18.040000915527344,712000,0,0.0
2012-02-13,18.309999465942383,18.43000030517578,18.010000228881836,18.40999984741211,428800,0,0.0
2012-02-14,18.34000015258789,18.520000457763672,18.079999923706055,18.420000076293945,517100,0,0.0
2012-02-15,18.489999771118164,18.510000228881836,17.989999771118164,18.149999618530273,618500,0,0.0
2012-02-16,18.229999542236328,18.799999237060547,18.010000228881836,18.649999618530273,586900,0,0.0
2012-02-17,18.75,18.889999389648438,18.450000762939453,18.6299991607666,547600,0,0.0
2012-02-21,19.290000915527344,19.690000534057617,19.040000915527344,19.280000686645508,1160900,0,0.0
2012-02-22,19.229999542236328,19.530000686645508,18.729999542236328,18.959999084472656,1433600,0,0.0
2012-02-23,18.729999542236328,18.959999084472656,18.030000686645508,18.90999984741211,1331900,0,0.0
2012-02-24,19.0,19.3799991607666,18.850000381469727,19.270000457763672,994600,0,0.0
2012-02-27,19.020000457763672,19.709999084472656,18.790000915527344,19.579999923706055,1928300,0,0.0
2012-02-28,19.600000381469727,19.979999542236328,19.290000915527344,19.559999465942383,1897000,0,0.0
2012-02-29,19.639999389648438,19.850000381469727,19.139999389648438,19.239999771118164,1175500,0,0.0
2012-03-01,19.190000534057617,19.549999237060547,19.170000076293945,19.3799991607666,1135300,0,0.0
2012-03-02,19.360000610351562,19.389999389648438,18.639999389648438,18.889999389648438,879900,0,0.0
2012-03-05,18.84000015258789,18.959999084472656,18.489999771118164,18.93000030517578,890800,0,0.0
2012-03-06,18.639999389648438,18.68000030517578,18.290000915527344,18.530000686645508,843200,0,0.0
2012-03-07,17.760000228881836,17.940000534057617,17.59000015258789,17.889999389648438,3482800,0,0.0
2012-03-08,18.0,18.489999771118164,17.799999237060547,18.149999618530273,2029200,0,0.0
2012-03-09,18.190000534057617,18.719999313354492,18.030000686645508,18.479999542236328,2267100,0,0.0
2012-03-12,18.520000457763672,18.530000686645508,18.049999237060547,18.170000076293945,1021200,0,0.0
2012-03-13,18.43000030517578,18.790000915527344,18.25,18.760000228881836,1057200,0,0.0
2012-03-14,18.790000915527344,18.799999237060547,18.229999542236328,18.360000610351562,1071400,0,0.0
2012-03-15,18.40999984741211,18.729999542236328,18.110000610351562,18.649999618530273,1018500,0,0.0
2012-03-16,18.729999542236328,19.0,18.6200008392334,18.770000457763672,1280100,0,0.0
2012-03-19,18.790000915527344,18.959999084472656,18.549999237060547,18.649999618530273,931900,0,0.0
2012-03-20,18.43000030517578,18.450000762939453,18.15999984741211,18.329999923706055,599000,0,0.0
2012-03-21,18.3700008392334,18.40999984741211,18.010000228881836,18.209999084472656,757600,0,0.0
2012-03-22,17.93000030517578,17.93000030517578,17.440000534057617,17.670000076293945,937000,0,0.0
2012-03-23,17.65999984741211,18.270000457763672,17.579999923706055,18.09000015258789,621600,0,0.0
2012-03-26,18.329999923706055,18.440000534057617,18.1200008392334,18.350000381469727,852700,0,0.0
2012-03-27,18.440000534057617,18.440000534057617,17.979999542236328,17.989999771118164,505100,0,0.0
2012-03-28,17.940000534057617,18.100000381469727,17.649999618530273,17.950000762939453,737700,0,0.0
2012-03-29,17.760000228881836,17.950000762939453,17.56999969482422,17.8799991607666,538000,0,0.0
2012-03-30,18.049999237060547,18.100000381469727,17.59000015258789,17.799999237060547,643800,0,0.0
2012-04-02,17.780000686645508,18.229999542236328,17.670000076293945,18.06999969482422,920300,0,0.0
2012-04-03,18.079999923706055,18.18000030517578,17.75,18.06999969482422,999200,0,0.0
2012-04-04,17.780000686645508,18.020000457763672,17.389999389648438,17.489999771118164,977100,0,0.0
2012-04-05,17.450000762939453,17.829999923706055,17.3700008392334,17.59000015258789,1064500,0,0.0
2012-04-09,17.1200008392334,17.610000610351562,17.079999923706055,17.219999313354492,807100,0,0.0
2012-04-10,17.229999542236328,17.360000610351562,16.459999084472656,16.6299991607666,1135600,0,0.0
2012-04-11,16.899999618530273,17.040000915527344,16.690000534057617,16.75,619500,0,0.0
2012-04-12,16.799999237060547,17.399999618530273,16.799999237060547,17.34000015258789,666200,0,0.0
2012-04-13,17.25,17.290000915527344,16.770000457763672,16.860000610351562,604800,0,0.0
2012-04-16,16.950000762939453,17.18000030517578,16.200000762939453,16.559999465942383,951900,0,0.0
2012-04-17,16.780000686645508,17.40999984741211,16.780000686645508,17.139999389648438,719000,0,0.0
2012-04-18,17.059999465942383,17.399999618530273,16.8700008392334,16.969999313354492,650900,0,0.0
2012-04-19,16.979999542236328,17.299999237060547,16.780000686645508,16.899999618530273,756800,0,0.0
2012-04-20,17.239999771118164,17.690000534057617,17.170000076293945,17.360000610351562,1561600,0,0.0
2012-04-23,17.469999313354492,19.0,17.299999237060547,18.530000686645508,2590000,0,0.0
2012-04-24,18.530000686645508,19.469999313354492,18.450000762939453,19.31999969482422,2236300,0,0.0
2012-04-25,19.84000015258789,19.899999618530273,19.440000534057617,19.809999465942383,1539400,0,0.0
2012-04-26,19.770000457763672,20.440000534057617,19.610000610351562,20.100000381469727,1242200,0,0.0
2012-04-27,20.049999237060547,20.489999771118164,20.049999237060547,20.290000915527344,1776000,0,0.0
2012-04-30,20.309999465942383,20.68000030517578,20.030000686645508,20.40999984741211,1234900,0,0.0
2012-05-01,20.479999542236328,21.09000015258789,20.139999389648438,20.75,1692200,0,0.0
2012-05-02,20.510000228881836,20.760000228881836,20.350000381469727,20.75,873700,0,0.0
2012-05-03,20.75,20.850000381469727,20.059999465942383,20.1299991607666,1179700,0,0.0
2012-05-04,20.010000228881836,20.030000686645508,19.389999389648438,19.559999465942383,917900,0,0.0
2012-05-07,19.450000762939453,19.719999313354492,18.989999771118164,19.670000076293945,1584200,0,0.0
2012-05-08,19.479999542236328,19.579999923706055,18.84000015258789,19.559999465942383,1018900,0,0.0
2012-05-09,19.229999542236328,19.809999465942383,19.049999237060547,19.510000228881836,1173300,0,0.0
2012-05-10,19.75,19.8799991607666,19.479999542236328,19.670000076293945,633700,0,0.0
2012-05-11,19.450000762939453,19.889999389648438,19.270000457763672,19.440000534057617,780000,0,0.0
2012-05-14,19.18000030517578,19.190000534057617,18.6200008392334,18.899999618530273,882000,0,0.0
2012-05-15,18.959999084472656,19.059999465942383,18.6200008392334,18.760000228881836,1091100,0,0.0
2012-05-16,18.809999465942383,19.25,18.34000015258789,18.350000381469727,784800,0,0.0
2012-05-17,18.43000030517578,18.469999313354492,17.84000015258789,17.90999984741211,1194300,0,0.0
2012-05-18,17.979999542236328,18.329999923706055,17.6200008392334,17.700000762939453,871300,0,0.0
2012-05-21,17.75,18.06999969482422,17.6200008392334,18.040000915527344,2290200,0,0.0
2012-05-22,18.1200008392334,18.420000076293945,17.649999618530273,17.829999923706055,1193500,0,0.0
2012-05-23,17.6299991607666,18.290000915527344,17.299999237060547,18.239999771118164,1119900,0,0.0
2012-05-24,18.309999465942383,18.43000030517578,17.559999465942383,17.860000610351562,857000,0,0.0
2012-05-25,17.860000610351562,18.06999969482422,17.649999618530273,17.790000915527344,428800,0,0.0
2012-05-29,18.079999923706055,18.649999618530273,18.020000457763672,18.540000915527344,1146200,0,0.0
2012-05-30,18.229999542236328,18.229999542236328,17.709999084472656,17.790000915527344,1318500,0,0.0
2012-05-31,17.829999923706055,17.899999618530273,16.969999313354492,17.1299991607666,1564900,0,0.0
2012-06-01,16.610000610351562,16.700000762939453,15.859999656677246,15.899999618530273,2661500,0,0.0
2012-06-04,15.9399995803833,16.0,15.3100004196167,15.829999923706055,1796400,0,0.0
2012-06-05,15.710000038146973,16.34000015258789,15.609999656677246,16.18000030517578,1034800,0,0.0
2012-06-06,16.43000030517578,16.790000915527344,16.360000610351562,16.579999923706055,1138900,0,0.0
2012-06-07,16.950000762939453,17.299999237060547,16.360000610351562,16.459999084472656,1089700,0,0.0
2012-06-08,16.34000015258789,16.610000610351562,15.8100004196167,16.25,1202900,0,0.0
2012-06-11,16.459999084472656,16.530000686645508,15.579999923706055,15.600000381469727,1365300,0,0.0
2012-06-12,15.770000457763672,15.869999885559082,15.300000190734863,15.8100004196167,1562400,0,0.0
2012-06-13,15.710000038146973,15.970000267028809,15.34000015258789,15.399999618530273,1009200,0,0.0
2012-06-14,15.470000267028809,15.949999809265137,15.40999984741211,15.859999656677246,959100,0,0.0
2012-06-15,15.930000305175781,16.15999984741211,15.770000457763672,16.030000686645508,1369900,0,0.0
2012-06-18,15.760000228881836,15.899999618530273,15.199999809265137,15.279999732971191,1228100,0,0.0
2012-06-19,15.430000305175781,16.190000534057617,15.40999984741211,16.100000381469727,1437100,0,0.0
2012-06-20,16.100000381469727,16.3700008392334,15.890000343322754,16.15999984741211,1015400,0,0.0
2012-06-21,16.110000610351562,16.110000610351562,15.289999961853027,15.380000114440918,1288800,0,0.0
2012-06-22,15.5,15.710000038146973,15.1899995803833,15.640000343322754,1838200,0,0.0
2012-06-25,15.25,15.369999885559082,14.90999984741211,15.34000015258789,1109700,0,0.0
2012-06-26,15.369999885559082,15.420000076293945,14.899999618530273,15.069999694824219,1499800,0,0.0
2012-06-27,15.220000267028809,15.640000343322754,15.15999984741211,15.619999885559082,927700,0,0.0
2012-06-28,15.399999618530273,15.920000076293945,15.359999656677246,15.899999618530273,1066300,0,0.0
2012-06-29,16.450000762939453,16.75,16.209999084472656,16.40999984741211,1803100,0,0.0
2012-07-02,16.489999771118164,16.84000015258789,16.450000762939453,16.84000015258789,918400,0,0.0
2012-07-03,16.950000762939453,17.5,16.8799991607666,17.3799991607666,542600,0,0.0
2012-07-05,17.299999237060547,17.450000762939453,16.959999084472656,17.190000534057617,780500,0,0.0
2012-07-06,16.850000381469727,16.93000030517578,16.6200008392334,16.8799991607666,879100,0,0.0
2012-07-09,16.790000915527344,17.079999923706055,16.59000015258789,16.940000534057617,921000,0,0.0
2012-07-10,17.139999389648438,17.270000457763672,16.639999389648438,16.809999465942383,1008800,0,0.0
2012-07-11,16.799999237060547,17.229999542236328,16.760000228881836,17.010000228881836,667800,0,0.0
2012-07-12,16.75,17.0,16.459999084472656,16.84000015258789,914300,0,0.0
2012-07-13,16.93000030517578,17.31999969482422,16.8799991607666,17.079999923706055,825000,0,0.0
2012-07-16,17.030000686645508,17.139999389648438,16.690000534057617,17.0,662200,0,0.0
2012-07-17,17.5,17.510000228881836,16.770000457763672,17.229999542236328,799400,0,0.0
2012-07-18,17.170000076293945,17.760000228881836,17.170000076293945,17.56999969482422,708000,0,0.0
2012-07-19,17.739999771118164,17.809999465942383,17.459999084472656,17.510000228881836,570200,0,0.0
2012-07-20,17.389999389648438,17.65999984741211,17.280000686645508,17.489999771118164,570300,0,0.0
2012-07-23,16.829999923706055,17.100000381469727,16.649999618530273,17.0,1149800,0,0.0
2012-07-24,16.979999542236328,16.989999771118164,16.200000762939453,16.420000076293945,1369800,0,0.0
2012-07-25,16.420000076293945,16.610000610351562,16.34000015258789,16.420000076293945,1567600,0,0.0
2012-07-26,16.8799991607666,17.139999389648438,16.360000610351562,16.790000915527344,1041600,0,0.0
2012-07-27,16.940000534057617,18.149999618530273,16.850000381469727,17.799999237060547,1295300,0,0.0
2012-07-30,17.850000381469727,18.100000381469727,17.639999389648438,18.059999465942383,589000,0,0.0
2012-07-31,17.959999084472656,18.139999389648438,17.84000015258789,17.8799991607666,1086500,0,0.0
2012-08-01,18.0,18.010000228881836,17.690000534057617,17.760000228881836,887900,0,0.0
2012-08-02,17.5,17.600000381469727,16.489999771118164,16.799999237060547,1213500,0,0.0
2012-08-03,17.239999771118164,17.65999984741211,17.049999237060547,17.450000762939453,890500,0,0.0
2012-08-06,17.520000457763672,17.93000030517578,17.450000762939453,17.860000610351562,530200,0,0.0
2012-08-07,17.950000762939453,18.450000762939453,17.84000015258789,18.290000915527344,1077200,0,0.0
2012-08-08,18.200000762939453,18.600000381469727,18.059999465942383,18.290000915527344,680000,0,0.0
2012-08-09,18.239999771118164,18.889999389648438,18.079999923706055,18.829999923706055,939300,0,0.0
2012-08-10,18.6299991607666,18.90999984741211,18.450000762939453,18.850000381469727,618700,0,0.0
2012-08-13,18.8700008392334,18.8700008392334,18.329999923706055,18.579999923706055,634600,0,0.0
2012-08-14,18.729999542236328,18.979999542236328,18.559999465942383,18.65999984741211,732900,0,0.0
2012-08-15,18.559999465942383,18.760000228881836,18.440000534057617,18.760000228881836,385400,0,0.0
2012-08-16,18.790000915527344,18.989999771118164,18.479999542236328,18.940000534057617,464400,0,0.0
2012-08-17,18.889999389648438,19.020000457763672,18.600000381469727,18.989999771118164,601400,0,0.0
2012-08-20,18.93000030517578,19.200000762939453,18.65999984741211,19.09000015258789,718500,0,0.0
2012-08-21,19.1299991607666,19.549999237060547,19.100000381469727,19.25,678700,0,0.0
2012-08-22,19.15999984741211,19.219999313354492,18.6299991607666,18.84000015258789,910200,0,0.0
2012-08-23,18.739999771118164,18.809999465942383,18.010000228881836,18.229999542236328,665400,0,0.0
2012-08-24,18.170000076293945,18.309999465942383,17.760000228881836,18.06999969482422,885900,0,0.0
2012-08-27,18.170000076293945,18.25,17.850000381469727,18.040000915527344,767900,0,0.0
2012-08-28,17.979999542236328,18.219999313354492,17.790000915527344,17.989999771118164,697600,0,0.0
2012-08-29,18.049999237060547,18.110000610351562,17.649999618530273,17.920000076293945,484900,0,0.0
2012-08-30,17.75,17.799999237060547,17.25,17.389999389648438,665700,0,0.0
2012-08-31,17.6200008392334,17.770000457763672,17.309999465942383,17.6200008392334,497300,0,0.0
2012-09-04,17.6200008392334,17.8700008392334,17.239999771118164,17.760000228881836,981400,0,0.0
2012-09-05,17.790000915527344,17.8700008392334,17.479999542236328,17.56999969482422,1465900,0,0.0
2012-09-06,17.739999771118164,18.309999465942383,17.68000030517578,17.979999542236328,1008600,0,0.0
2012-09-07,18.110000610351562,18.860000610351562,18.020000457763672,18.6299991607666,597800,0,0.0
2012-09-10,18.649999618530273,18.799999237060547,18.540000915527344,18.59000015258789,644100,0,0.0
2012-09-11,18.670000076293945,19.079999923706055,18.670000076293945,18.790000915527344,599900,0,0.0
2012-09-12,18.950000762939453,19.09000015258789,18.809999465942383,19.0,383100,0,0.0
2012-09-13,19.0,19.59000015258789,18.610000610351562,19.520000457763672,722900,0,0.0
2012-09-14,19.600000381469727,20.809999465942383,19.559999465942383,20.559999465942383,1349200,0,0.0
2012-09-17,20.3700008392334,20.440000534057617,19.84000015258789,20.0,1044000,0,0.0
2012-09-18,19.93000030517578,20.100000381469727,19.56999969482422,19.700000762939453,989400,0,0.0
2012-09-19,19.760000228881836,19.799999237060547,19.1200008392334,19.469999313354492,899900,0,0.0
2012-09-20,19.260000228881836,19.649999618530273,19.110000610351562,19.469999313354492,772100,0,0.0
2012-09-21,19.739999771118164,19.8700008392334,19.280000686645508,19.579999923706055,2047200,0,0.0
2012-09-24,19.3799991607666,19.649999618530273,19.1200008392334,19.450000762939453,698900,0,0.0
2012-09-25,19.510000228881836,19.549999237060547,18.670000076293945,18.690000534057617,960400,0,0.0
2012-09-26,18.68000030517578,18.760000228881836,18.31999969482422,18.399999618530273,609900,0,0.0
2012-09-27,18.6200008392334,18.920000076293945,18.31999969482422,18.81999969482422,537800,0,0.0
2012-09-28,18.670000076293945,18.770000457763672,18.270000457763672,18.270000457763672,798800,0,0.0
2012-10-01,18.489999771118164,18.68000030517578,18.1299991607666,18.350000381469727,1113100,0,0.0
2012-10-02,18.479999542236328,18.56999969482422,18.170000076293945,18.5,868400,0,0.0
2012-10-03,18.510000228881836,18.549999237060547,18.139999389648438,18.239999771118164,889600,0,0.0
2012-10-04,18.34000015258789,18.43000030517578,18.170000076293945,18.350000381469727,456800,0,0.0
2012-10-05,18.549999237060547,18.989999771118164,18.450000762939453,18.770000457763672,823800,0,0.0
2012-10-08,18.65999984741211,18.93000030517578,18.549999237060547,18.8799991607666,633400,0,0.0
2012-10-09,18.84000015258789,19.149999618530273,18.6299991607666,18.729999542236328,783200,0,0.0
2012-10-10,18.670000076293945,18.780000686645508,18.15999984741211,18.399999618530273,627500,0,0.0
2012-10-11,18.690000534057617,18.829999923706055,18.469999313354492,18.670000076293945,426700,0,0.0
2012-10-12,18.610000610351562,18.790000915527344,18.469999313354492,18.520000457763672,455400,0,0.0
2012-10-15,18.489999771118164,18.540000915527344,18.06999969482422,18.399999618530273,500800,0,0.0
2012-10-16,18.520000457763672,18.780000686645508,18.489999771118164,18.75,526000,0,0.0
2012-10-17,18.709999084472656,19.469999313354492,18.559999465942383,19.399999618530273,610000,0,0.0
2012-10-18,19.299999237060547,19.639999389648438,19.200000762939453,19.600000381469727,521800,0,0.0
2012-10-19,19.399999618530273,19.75,18.809999465942383,18.950000762939453,938300,0,0.0
2012-10-22,18.860000610351562,19.020000457763672,18.559999465942383,18.889999389648438,679200,0,0.0
2012-10-23,18.510000228881836,18.559999465942383,17.3700008392334,17.469999313354492,1689500,0,0.0
2012-10-24,17.850000381469727,18.0,17.09000015258789,17.270000457763672,1183200,0,0.0
2012-10-25,17.450000762939453,17.719999313354492,17.34000015258789,17.68000030517578,745300,0,0.0
2012-10-26,17.700000762939453,17.979999542236328,17.34000015258789,17.510000228881836,951900,0,0.0
2012-10-31,17.510000228881836,17.559999465942383,16.68000030517578,17.290000915527344,898900,0,0.0
2012-11-01,17.110000610351562,17.93000030517578,16.75,17.860000610351562,1090400,0,0.0
2012-11-02,18.0,18.0,17.450000762939453,17.549999237060547,1072300,0,0.0
2012-11-05,17.56999969482422,18.030000686645508,17.450000762939453,17.969999313354492,764000,0,0.0
2012-11-06,18.030000686645508,18.15999984741211,17.610000610351562,17.649999618530273,1147600,0,0.0
2012-11-07,17.290000915527344,17.290000915527344,16.809999465942383,17.049999237060547,843400,0,0.0
2012-11-08,16.989999771118164,17.079999923706055,16.139999389648438,16.149999618530273,1072800,0,0.0
2012-11-09,16.020000457763672,16.739999771118164,15.899999618530273,16.530000686645508,1297600,0,0.0
2012-11-12,16.549999237060547,16.81999969482422,16.459999084472656,16.700000762939453,701100,0,0.0
2012-11-13,16.479999542236328,16.799999237060547,16.3700008392334,16.489999771118164,671800,0,0.0
2012-11-14,16.540000915527344,16.579999923706055,16.059999465942383,16.079999923706055,839400,0,0.0
2012-11-15,16.110000610351562,16.420000076293945,15.859999656677246,16.059999465942383,629800,0,0.0
2012-11-16,16.049999237060547,16.049999237060547,15.539999961853027,15.890000343322754,1048700,0,0.0
2012-11-19,16.209999084472656,16.65999984741211,16.1299991607666,16.649999618530273,1049300,0,0.0
2012-11-20,16.549999237060547,16.760000228881836,16.43000030517578,16.670000076293945,696400,0,0.0
2012-11-21,16.670000076293945,16.84000015258789,16.510000228881836,16.770000457763672,419100,0,0.0
2012-11-23,16.93000030517578,17.0,16.719999313354492,16.950000762939453,185500,0,0.0
2012-11-26,16.81999969482422,17.010000228881836,16.719999313354492,16.899999618530273,492300,0,0.0
2012-11-27,16.860000610351562,17.079999923706055,16.719999313354492,16.760000228881836,788900,0,0.0
2012-11-28,16.579999923706055,16.959999084472656,16.360000610351562,16.950000762939453,453400,0,0.0
2012-11-29,17.170000076293945,17.649999618530273,17.15999984741211,17.6200008392334,527500,0,0.0
2012-11-30,17.68000030517578,17.719999313354492,17.270000457763672,17.510000228881836,1005400,0,0.0
2012-12-03,17.729999542236328,17.790000915527344,17.31999969482422,17.59000015258789,439100,0,0.0
2012-12-04,17.56999969482422,17.8700008392334,17.459999084472656,17.610000610351562,611300,0,0.0
2012-12-05,17.729999542236328,18.18000030517578,17.6200008392334,18.1299991607666,872200,0,0.0
2012-12-06,18.030000686645508,18.229999542236328,17.809999465942383,18.18000030517578,730600,0,0.0
2012-12-07,18.200000762939453,18.31999969482422,18.049999237060547,18.200000762939453,775100,0,0.0
2012-12-10,18.229999542236328,18.530000686645508,18.110000610351562,18.489999771118164,486000,0,0.0
2012-12-11,18.670000076293945,18.799999237060547,18.600000381469727,18.690000534057617,674900,0,0.0
2012-12-12,18.729999542236328,19.18000030517578,18.690000534057617,18.950000762939453,1276200,0,0.0
2012-12-13,18.899999618530273,19.639999389648438,17.989999771118164,18.56999969482422,3129600,0,0.0
2012-12-14,18.549999237060547,19.530000686645508,18.270000457763672,18.989999771118164,2318900,0,0.0
2012-12-17,19.0,19.239999771118164,18.940000534057617,19.139999389648438,1316900,0,0.0
2012-12-18,19.059999465942383,19.850000381469727,18.920000076293945,19.84000015258789,1065400,0,0.0
2012-12-19,20.260000228881836,20.43000030517578,19.81999969482422,19.889999389648438,1854900,0,0.0
2012-12-20,19.899999618530273,20.540000915527344,19.729999542236328,20.459999084472656,1399500,0,0.0
2012-12-21,20.100000381469727,20.510000228881836,20.06999969482422,20.399999618530273,1892900,0,0.0
2012-12-24,19.989999771118164,20.450000762939453,19.989999771118164,20.299999237060547,446200,0,0.0
2012-12-26,20.3700008392334,20.829999923706055,20.31999969482422,20.350000381469727,970500,0,0.0
2012-12-27,20.360000610351562,20.469999313354492,19.790000915527344,20.209999084472656,855900,0,0.0
2012-12-28,20.059999465942383,20.3799991607666,19.899999618530273,20.049999237060547,698200,0,0.0
2012-12-31,20.0,20.649999618530273,19.979999542236328,20.639999389648438,1332000,0,0.0
2013-01-02,21.290000915527344,21.309999465942383,20.760000228881836,21.229999542236328,1704300,0,0.0
2013-01-03,21.18000030517578,21.440000534057617,20.780000686645508,20.860000610351562,1127600,0,0.0
2013-01-04,21.049999237060547,21.8799991607666,20.850000381469727,21.84000015258789,1503700,0,0.0
2013-01-07,21.700000762939453,21.959999084472656,21.56999969482422,21.65999984741211,1226800,0,0.0
2013-01-08,21.549999237060547,21.600000381469727,21.049999237060547,21.09000015258789,1727700,0,0.0
2013-01-09,21.149999618530273,21.149999618530273,20.709999084472656,20.950000762939453,2035600,0,0.0
2013-01-10,21.1299991607666,21.239999771118164,20.8799991607666,21.0,1565300,0,0.0
2013-01-11,21.049999237060547,21.110000610351562,20.670000076293945,20.850000381469727,1650100,0,0.0
2013-01-14,20.809999465942383,20.93000030517578,20.59000015258789,20.719999313354492,802500,0,0.0
2013-01-15,20.920000076293945,21.600000381469727,20.75,21.510000228881836,2736700,0,0.0
2013-01-16,21.389999389648438,21.84000015258789,21.309999465942383,21.760000228881836,1860000,0,0.0
2013-01-17,21.920000076293945,22.239999771118164,21.639999389648438,22.1200008392334,1622100,0,0.0
2013-01-18,22.1200008392334,22.739999771118164,22.110000610351562,22.649999618530273,1168000,0,0.0
2013-01-22,22.709999084472656,22.950000762939453,22.649999618530273,22.940000534057617,1505300,0,0.0
2013-01-23,22.969999313354492,23.0,22.540000915527344,22.760000228881836,1530000,0,0.0
2013-01-24,22.770000457763672,23.049999237060547,22.479999542236328,22.610000610351562,1077500,0,0.0
2013-01-25,22.84000015258789,22.950000762939453,22.469999313354492,22.729999542236328,1501700,0,0.0
2013-01-28,22.729999542236328,23.110000610351562,22.6299991607666,22.850000381469727,1415300,0,0.0
2013-01-29,22.850000381469727,23.530000686645508,22.760000228881836,23.489999771118164,1609700,0,0.0
2013-01-30,23.43000030517578,23.770000457763672,23.1200008392334,23.360000610351562,2366100,0,0.0
2013-01-31,23.229999542236328,23.790000915527344,23.149999618530273,23.719999313354492,1319700,0,0.0
2013-02-01,23.84000015258789,24.309999465942383,23.43000030517578,24.06999969482422,1518000,0,0.0
2013-02-04,23.829999923706055,24.030000686645508,23.75,23.8700008392334,899300,0,0.0
2013-02-05,23.959999084472656,24.3700008392334,23.770000457763672,24.270000457763672,1240200,0,0.0
2013-02-06,24.100000381469727,24.59000015258789,24.049999237060547,24.59000015258789,1547200,0,0.0
2013-02-07,24.540000915527344,24.790000915527344,24.3700008392334,24.610000610351562,1450700,0,0.0
2013-02-08,24.6299991607666,24.90999984741211,24.610000610351562,24.799999237060547,1027100,0,0.0
2013-02-11,24.75,24.81999969482422,24.31999969482422,24.5,930500,0,0.0
2013-02-12,24.520000457763672,24.559999465942383,24.260000228881836,24.34000015258789,1331600,0,0.0
2013-02-13,24.440000534057617,24.75,24.389999389648438,24.75,823600,0,0.0
2013-02-14,24.739999771118164,25.489999771118164,24.559999465942383,25.3700008392334,699000,0,0.0
2013-02-15,24.959999084472656,25.239999771118164,23.799999237060547,24.149999618530273,1534000,0,0.0
2013-02-19,24.239999771118164,24.68000030517578,24.18000030517578,24.670000076293945,1065300,0,0.0
2013-02-20,24.600000381469727,24.739999771118164,23.670000076293945,23.75,1444600,0,0.0
2013-02-21,23.290000915527344,23.860000610351562,22.139999389648438,23.139999389648438,2646900,0,0.0
2013-02-22,23.3700008392334,24.440000534057617,22.920000076293945,24.06999969482422,2279700,0,0.0
2013-02-25,24.190000534057617,24.290000915527344,22.5,22.5,1559300,0,0.0
2013-02-26,22.68000030517578,22.75,22.110000610351562,22.6200008392334,859200,0,0.0
2013-02-27,22.579999923706055,23.549999237060547,22.579999923706055,23.389999389648438,1057400,0,0.0
2013-02-28,23.389999389648438,23.670000076293945,23.149999618530273,23.40999984741211,962800,0,0.0
2013-03-01,23.100000381469727,23.270000457763672,22.6200008392334,22.979999542236328,1481600,0,0.0
2013-03-04,22.93000030517578,23.209999084472656,22.43000030517578,22.790000915527344,710000,0,0.0
2013-03-05,23.010000228881836,23.329999923706055,22.90999984741211,23.239999771118164,856100,0,0.0
2013-03-06,23.350000381469727,23.479999542236328,22.969999313354492,23.239999771118164,1746600,0,0.0
2013-03-07,23.280000686645508,23.450000762939453,23.1200008392334,23.34000015258789,920600,0,0.0
2013-03-08,23.559999465942383,23.809999465942383,23.280000686645508,23.700000762939453,1444800,0,0.0
2013-03-11,23.6200008392334,23.799999237060547,23.290000915527344,23.799999237060547,871600,0,0.0
2013-03-12,23.75,23.860000610351562,23.170000076293945,23.5,1054000,0,0.0
2013-03-13,23.530000686645508,23.84000015258789,23.469999313354492,23.6200008392334,720200,0,0.0
2013-03-14,23.670000076293945,24.0,23.670000076293945,23.850000381469727,869000,0,0.0
2013-03-15,23.84000015258789,23.959999084472656,23.610000610351562,23.809999465942383,1230000,0,0.0
2013-03-18,23.329999923706055,23.59000015258789,23.049999237060547,23.15999984741211,588200,0,0.0
2013-03-19,23.270000457763672,23.350000381469727,22.3700008392334,22.760000228881836,874000,0,0.0
2013-03-20,22.989999771118164,23.110000610351562,22.6299991607666,22.920000076293945,555500,0,0.0
2013-03-21,22.670000076293945,22.989999771118164,22.43000030517578,22.610000610351562,513600,0,0.0
2013-03-22,22.729999542236328,22.809999465942383,22.290000915527344,22.5,598800,0,0.0
2013-03-25,22.65999984741211,22.899999618530273,22.520000457763672,22.760000228881836,1087700,0,0.0
2013-03-26,22.959999084472656,23.540000915527344,22.920000076293945,23.510000228881836,755500,0,0.0
2013-03-27,23.260000228881836,23.280000686645508,22.860000610351562,23.149999618530273,634700,0,0.0
2013-03-28,23.229999542236328,23.31999969482422,22.8799991607666,22.8799991607666,873600,0,0.0
2013-04-01,22.809999465942383,23.040000915527344,22.239999771118164,22.440000534057617,860600,0,0.0
2013-04-02,22.530000686645508,22.549999237060547,21.6200008392334,21.719999313354492,1050800,0,0.0
2013-04-03,21.81999969482422,21.940000534057617,20.959999084472656,21.170000076293945,791100,0,0.0
2013-04-04,21.15999984741211,21.459999084472656,20.920000076293945,21.450000762939453,882900,0,0.0
2013-04-05,20.950000762939453,22.510000228881836,20.850000381469727,22.059999465942383,1725500,0,0.0
2013-04-08,22.209999084472656,22.799999237060547,22.079999923706055,22.790000915527344,1027200,0,0.0
2013-04-09,22.84000015258789,23.459999084472656,22.6299991607666,23.3700008392334,1070500,0,0.0
2013-04-10,23.420000076293945,24.389999389648438,23.420000076293945,23.889999389648438,1651300,0,0.0
2013-04-11,23.899999618530273,23.899999618530273,23.260000228881836,23.540000915527344,1216100,0,0.0
2013-04-12,23.290000915527344,23.43000030517578,22.600000381469727,22.889999389648438,741800,0,0.0
2013-04-15,22.5,22.5,21.139999389648438,21.329999923706055,1771900,0,0.0
2013-04-16,21.639999389648438,21.860000610351562,21.149999618530273,21.75,815200,0,0.0
2013-04-17,21.40999984741211,21.440000534057617,20.399999618530273,20.690000534057617,1440700,0,0.0
2013-04-18,20.81999969482422,21.25,20.329999923706055,21.15999984741211,1669700,0,0.0
2013-04-19,21.329999923706055,21.40999984741211,20.81999969482422,21.31999969482422,1231400,0,0.0
2013-04-22,21.209999084472656,21.729999542236328,20.709999084472656,21.549999237060547,1267000,0,0.0
2013-04-23,21.700000762939453,22.5,21.639999389648438,22.329999923706055,1286300,0,0.0
2013-04-24,22.40999984741211,23.489999771118164,22.40999984741211,23.100000381469727,1198100,0,0.0
2013-04-25,23.280000686645508,23.309999465942383,22.15999984741211,22.18000030517578,1369900,0,0.0
2013-04-26,22.06999969482422,22.440000534057617,21.770000457763672,22.329999923706055,967400,0,0.0
2013-04-29,22.5,22.93000030517578,22.280000686645508,22.719999313354492,676900,0,0.0
2013-04-30,22.739999771118164,23.040000915527344,22.5,23.040000915527344,767500,0,0.0
2013-05-01,22.739999771118164,22.889999389648438,22.190000534057617,22.260000228881836,1310100,0,0.0
2013-05-02,22.40999984741211,23.59000015258789,22.280000686645508,23.40999984741211,1152500,0,0.0
2013-05-03,23.760000228881836,24.389999389648438,23.719999313354492,23.8799991607666,907200,0,0.0
2013-05-06,23.809999465942383,24.06999969482422,23.510000228881836,23.950000762939453,952700,0,0.0
2013-05-07,24.030000686645508,24.459999084472656,23.989999771118164,24.420000076293945,765700,0,0.0
2013-05-08,24.5,24.59000015258789,24.110000610351562,24.459999084472656,741900,0,0.0
2013-05-09,24.469999313354492,24.579999923706055,24.010000228881836,24.420000076293945,936300,0,0.0
2013-05-10,24.270000457763672,24.540000915527344,23.829999923706055,24.520000457763672,709500,0,0.0
2013-05-13,24.479999542236328,24.690000534057617,24.170000076293945,24.389999389648438,680900,0,0.0
2013-05-14,24.389999389648438,25.020000457763672,24.280000686645508,24.950000762939453,960900,0,0.0
2013-05-15,24.790000915527344,25.09000015258789,24.65999984741211,25.010000228881836,755400,0,0.0
2013-05-16,24.8700008392334,25.09000015258789,24.6299991607666,24.690000534057617,826000,0,0.0
2013-05-17,24.899999618530273,25.600000381469727,24.899999618530273,25.5,637200,0,0.0
2013-05-20,25.489999771118164,25.989999771118164,25.3799991607666,25.84000015258789,549100,0,0.0
2013-05-21,25.780000686645508,25.81999969482422,25.3799991607666,25.530000686645508,568000,0,0.0
2013-05-22,25.59000015258789,25.68000030517578,24.280000686645508,24.3799991607666,1229700,0,0.0
2013-05-23,23.93000030517578,24.670000076293945,23.59000015258789,24.6299991607666,1353800,0,0.0
2013-05-24,24.450000762939453,24.5,24.06999969482422,24.350000381469727,585500,0,0.0
2013-05-28,24.969999313354492,24.979999542236328,24.260000228881836,24.459999084472656,842700,0,0.0
2013-05-29,24.299999237060547,24.719999313354492,24.09000015258789,24.3799991607666,622600,0,0.0
2013-05-30,24.280000686645508,24.399999618530273,24.030000686645508,24.329999923706055,447800,0,0.0
2013-05-31,24.149999618530273,24.40999984741211,23.860000610351562,23.860000610351562,493100,0,0.0
2013-06-03,23.959999084472656,24.260000228881836,23.3799991607666,23.889999389648438,913400,0,0.0
2013-06-04,23.81999969482422,24.290000915527344,23.309999465942383,23.40999984741211,657300,0,0.0
2013-06-05,23.40999984741211,23.540000915527344,23.149999618530273,23.149999618530273,457100,0,0.0
2013-06-06,23.170000076293945,23.459999084472656,22.8700008392334,23.459999084472656,591000,0,0.0
2013-06-07,23.690000534057617,23.90999984741211,23.40999984741211,23.8799991607666,403800,0,0.0
2013-06-10,24.059999465942383,24.100000381469727,23.649999618530273,23.93000030517578,268400,0,0.0
2013-06-11,23.43000030517578,23.950000762939453,23.1200008392334,23.649999618530273,545000,0,0.0
2013-06-12,23.950000762939453,23.950000762939453,23.020000457763672,23.100000381469727,276900,0,0.0
2013-06-13,23.040000915527344,23.81999969482422,23.030000686645508,23.760000228881836,319300,0,0.0
2013-06-14,23.75,23.75,23.0,23.139999389648438,529700,0,0.0
2013-06-17,23.5,23.68000030517578,23.1299991607666,23.469999313354492,737300,0,0.0
2013-06-18,23.540000915527344,24.530000686645508,23.5,24.40999984741211,905400,0,0.0
2013-06-19,24.3799991607666,24.549999237060547,23.81999969482422,23.8799991607666,729600,0,0.0
2013-06-20,23.420000076293945,23.420000076293945,22.829999923706055,23.059999465942383,846000,0,0.0
2013-06-21,23.149999618530273,23.200000762939453,22.6299991607666,23.020000457763672,1275500,0,0.0
2013-06-24,22.59000015258789,22.780000686645508,22.0,22.329999923706055,894500,0,0.0
2013-06-25,22.649999618530273,23.020000457763672,22.139999389648438,22.809999465942383,817700,0,0.0
2013-06-26,23.049999237060547,23.18000030517578,22.770000457763672,22.969999313354492,691300,0,0.0
2013-06-27,23.15999984741211,23.3700008392334,22.979999542236328,23.209999084472656,929400,0,0.0
2013-06-28,23.1200008392334,23.559999465942383,23.020000457763672,23.040000915527344,910000,0,0.0
2013-07-01,23.18000030517578,23.719999313354492,23.1200008392334,23.440000534057617,1213000,0,0.0
2013-07-02,23.43000030517578,23.950000762939453,23.3799991607666,23.530000686645508,788200,0,0.0
2013-07-03,23.399999618530273,23.649999618530273,23.219999313354492,23.6200008392334,197500,0,0.0
2013-07-05,23.950000762939453,24.309999465942383,23.709999084472656,24.299999237060547,479000,0,0.0
2013-07-08,24.43000030517578,24.6200008392334,24.239999771118164,24.25,655200,0,0.0
2013-07-09,24.43000030517578,24.6200008392334,24.31999969482422,24.489999771118164,814800,0,0.0
2013-07-10,24.549999237060547,24.600000381469727,24.299999237060547,24.5,884100,0,0.0
2013-07-11,24.920000076293945,25.030000686645508,24.600000381469727,25.0,556500,0,0.0
2013-07-12,24.940000534057617,25.559999465942383,24.93000030517578,25.450000762939453,545300,0,0.0
2013-07-15,25.530000686645508,25.700000762939453,25.15999984741211,25.280000686645508,492200,0,0.0
2013-07-16,25.290000915527344,25.459999084472656,24.8700008392334,25.270000457763672,515800,0,0.0
2013-07-17,25.31999969482422,25.6299991607666,25.170000076293945,25.479999542236328,419200,0,0.0
2013-07-18,25.639999389648438,26.100000381469727,25.549999237060547,25.969999313354492,483000,0,0.0
2013-07-19,25.93000030517578,26.110000610351562,25.790000915527344,26.059999465942383,463600,0,0.0
2013-07-22,26.110000610351562,26.270000457763672,25.860000610351562,25.940000534057617,691100,0,0.0
2013-07-23,26.3700008392334,26.3700008392334,25.200000762939453,26.030000686645508,995700,0,0.0
2013-07-24,25.950000762939453,26.040000915527344,25.360000610351562,25.84000015258789,623600,0,0.0
2013-07-25,25.649999618530273,26.06999969482422,25.459999084472656,25.770000457763672,981800,0,0.0
2013-07-26,25.579999923706055,25.610000610351562,25.18000030517578,25.399999618530273,603100,0,0.0
2013-07-29,25.31999969482422,25.389999389648438,24.850000381469727,24.93000030517578,833400,0,0.0
2013-07-30,25.0,25.149999618530273,24.719999313354492,24.799999237060547,577300,0,0.0
2013-07-31,24.940000534057617,25.600000381469727,24.889999389648438,25.3700008392334,606500,0,0.0
2013-08-01,25.850000381469727,26.559999465942383,25.75,26.399999618530273,1001400,0,0.0
2013-08-02,26.34000015258789,26.540000915527344,25.799999237060547,26.489999771118164,518300,0,0.0
2013-08-05,26.450000762939453,26.760000228881836,26.18000030517578,26.510000228881836,473200,0,0.0
2013-08-06,26.40999984741211,26.559999465942383,25.739999771118164,25.850000381469727,655600,0,0.0
2013-08-07,25.760000228881836,26.200000762939453,25.520000457763672,26.149999618530273,748200,0,0.0
2013-08-08,26.40999984741211,26.59000015258789,26.1299991607666,26.290000915527344,581600,0,0.0
2013-08-09,26.219999313354492,26.639999389648438,26.1200008392334,26.459999084472656,532200,0,0.0
2013-08-12,26.25,26.75,26.1299991607666,26.399999618530273,1880600,0,0.0
2013-08-13,26.5,26.510000228881836,26.079999923706055,26.15999984741211,1366600,0,0.0
2013-08-14,26.239999771118164,26.25,25.90999984741211,25.959999084472656,750100,0,0.0
2013-08-15,25.700000762939453,26.049999237060547,25.559999465942383,25.8799991607666,968000,0,0.0
2013-08-16,25.75,25.8799991607666,25.479999542236328,25.6200008392334,464800,0,0.0
2013-08-19,25.6200008392334,25.6200008392334,25.170000076293945,25.329999923706055,765700,0,0.0
2013-08-20,25.299999237060547,26.020000457763672,25.25,25.90999984741211,625200,0,0.0
2013-08-21,25.84000015258789,25.90999984741211,25.399999618530273,25.549999237060547,499900,0,0.0
2013-08-22,25.68000030517578,26.18000030517578,25.639999389648438,26.09000015258789,583900,0,0.0
2013-08-23,26.15999984741211,26.540000915527344,25.969999313354492,26.290000915527344,956800,0,0.0
2013-08-26,26.399999618530273,26.469999313354492,26.049999237060547,26.260000228881836,735700,0,0.0
2013-08-27,25.860000610351562,26.510000228881836,25.850000381469727,25.979999542236328,956300,0,0.0
2013-08-28,26.030000686645508,26.34000015258789,25.8799991607666,26.0,543000,0,0.0
2013-08-29,25.940000534057617,26.1299991607666,25.6299991607666,25.739999771118164,298900,0,0.0
2013-08-30,25.729999542236328,25.799999237060547,24.950000762939453,25.030000686645508,689100,0,0.0
2013-09-03,25.549999237060547,25.670000076293945,24.8700008392334,25.260000228881836,917100,0,0.0
2013-09-04,25.309999465942383,25.690000534057617,25.190000534057617,25.540000915527344,418500,0,0.0
2013-09-05,25.59000015258789,26.100000381469727,25.56999969482422,25.670000076293945,392300,0,0.0
2013-09-06,25.860000610351562,26.06999969482422,25.239999771118164,25.809999465942383,731300,0,0.0
2013-09-09,25.809999465942383,26.5,25.809999465942383,26.360000610351562,370700,0,0.0
2013-09-10,26.489999771118164,26.489999771118164,26.06999969482422,26.260000228881836,501500,0,0.0
2013-09-11,26.25,26.440000534057617,25.8799991607666,26.270000457763672,817200,0,0.0
2013-09-12,26.25,26.56999969482422,25.989999771118164,26.450000762939453,996400,0,0.0
2013-09-13,26.540000915527344,26.770000457763672,26.450000762939453,26.770000457763672,733700,0,0.0
2013-09-16,27.0,27.149999618530273,26.6299991607666,26.81999969482422,1071900,0,0.0
2013-09-17,26.81999969482422,27.149999618530273,26.65999984741211,26.989999771118164,591000,0,0.0
2013-09-18,27.010000228881836,27.530000686645508,26.670000076293945,27.360000610351562,455000,0,0.0
2013-09-19,27.420000076293945,27.579999923706055,26.829999923706055,26.860000610351562,663100,0,0.0
2013-09-20,26.8799991607666,26.940000534057617,26.100000381469727,26.110000610351562,1217100,0,0.0
2013-09-23,26.030000686645508,26.059999465942383,25.700000762939453,25.700000762939453,691700,0,0.0
2013-09-24,25.729999542236328,25.940000534057617,25.3700008392334,25.59000015258789,548400,0,0.0
2013-09-25,25.65999984741211,25.899999618530273,25.520000457763672,25.530000686645508,472800,0,0.0
2013-09-26,25.530000686645508,25.729999542236328,25.15999984741211,25.479999542236328,606300,0,0.0
2013-09-27,25.219999313354492,25.579999923706055,25.18000030517578,25.5,609100,0,0.0
2013-09-30,25.09000015258789,25.530000686645508,24.950000762939453,25.3700008392334,645300,0,0.0
2013-10-01,25.3700008392334,25.850000381469727,25.31999969482422,25.610000610351562,914000,0,0.0
2013-10-02,25.43000030517578,25.579999923706055,25.010000228881836,25.440000534057617,454000,0,0.0
2013-10-03,25.31999969482422,25.3700008392334,24.90999984741211,25.0,614800,0,0.0
2013-10-04,24.979999542236328,25.239999771118164,24.979999542236328,25.079999923706055,546300,0,0.0
2013-10-07,24.780000686645508,25.110000610351562,24.350000381469727,24.719999313354492,679800,0,0.0
2013-10-08,24.799999237060547,24.899999618530273,24.139999389648438,24.149999618530273,959600,0,0.0
2013-10-09,24.209999084472656,24.329999923706055,23.6200008392334,23.700000762939453,824300,0,0.0
2013-10-10,24.09000015258789,24.40999984741211,23.979999542236328,24.209999084472656,800600,0,0.0
2013-10-11,24.020000457763672,24.760000228881836,23.989999771118164,24.43000030517578,981500,0,0.0
2013-10-14,24.200000762939453,24.719999313354492,24.15999984741211,24.719999313354492,861100,0,0.0
2013-10-15,24.670000076293945,24.670000076293945,24.139999389648438,24.350000381469727,1045700,0,0.0
2013-10-16,24.5,24.579999923706055,24.09000015258789,24.229999542236328,967900,0,0.0
2013-10-17,24.209999084472656,24.260000228881836,23.93000030517578,24.15999984741211,1035200,0,0.0
2013-10-18,24.420000076293945,24.700000762939453,24.360000610351562,24.670000076293945,1137900,0,0.0
2013-10-21,24.709999084472656,25.0,24.309999465942383,24.31999969482422,925200,0,0.0
2013-10-22,24.579999923706055,25.149999618530273,23.799999237060547,24.0,2342000,0,0.0
2013-10-23,23.719999313354492,23.739999771118164,22.459999084472656,23.190000534057617,1905500,0,0.0
2013-10-24,23.18000030517578,23.290000915527344,22.81999969482422,23.010000228881836,1015200,0,0.0
2013-10-25,23.18000030517578,24.100000381469727,23.010000228881836,24.040000915527344,1394300,0,0.0
2013-10-28,24.149999618530273,24.3799991607666,23.899999618530273,24.020000457763672,1110400,0,0.0
2013-10-29,24.040000915527344,24.350000381469727,24.040000915527344,24.25,945700,0,0.0
2013-10-30,24.280000686645508,24.479999542236328,23.799999237060547,23.950000762939453,1069200,0,0.0
2013-10-31,23.989999771118164,24.049999237060547,23.649999618530273,23.65999984741211,752600,0,0.0
2013-11-01,23.610000610351562,23.719999313354492,23.0,23.190000534057617,902700,0,0.0
2013-11-04,23.219999313354492,23.540000915527344,23.079999923706055,23.520000457763672,679600,0,0.0
2013-11-05,23.40999984741211,23.43000030517578,22.979999542236328,22.979999542236328,877200,0,0.0
2013-11-06,23.18000030517578,23.219999313354492,22.510000228881836,22.799999237060547,826000,0,0.0
2013-11-07,22.959999084472656,22.969999313354492,22.219999313354492,22.350000381469727,853200,0,0.0
2013-11-08,22.31999969482422,22.989999771118164,22.299999237060547,22.920000076293945,1050300,0,0.0
2013-11-11,22.899999618530273,23.280000686645508,22.760000228881836,22.989999771118164,661100,0,0.0
2013-11-12,22.8799991607666,22.8799991607666,22.34000015258789,22.610000610351562,989300,0,0.0
2013-11-13,22.479999542236328,22.940000534057617,22.299999237060547,22.93000030517578,456500,0,0.0
2013-11-14,22.899999618530273,23.3799991607666,22.899999618530273,23.350000381469727,899200,0,0.0
2013-11-15,23.450000762939453,24.139999389648438,23.389999389648438,24.040000915527344,1068500,0,0.0
2013-11-18,24.1299991607666,24.1299991607666,23.18000030517578,23.25,1137700,0,0.0
2013-11-19,23.209999084472656,23.290000915527344,22.329999923706055,22.540000915527344,875100,0,0.0
2013-11-20,22.610000610351562,22.68000030517578,22.059999465942383,22.219999313354492,899600,0,0.0
2013-11-21,22.219999313354492,22.479999542236328,22.200000762939453,22.360000610351562,634900,0,0.0
2013-11-22,22.3799991607666,22.459999084472656,22.139999389648438,22.3700008392334,357600,0,0.0
2013-11-25,22.360000610351562,22.360000610351562,21.459999084472656,21.530000686645508,870300,0,0.0
2013-11-26,21.440000534057617,21.729999542236328,21.329999923706055,21.719999313354492,746300,0,0.0
2013-11-27,21.610000610351562,22.389999389648438,21.530000686645508,22.139999389648438,1026700,0,0.0
2013-11-29,22.18000030517578,22.440000534057617,22.040000915527344,22.209999084472656,322000,0,0.0
2013-12-02,22.229999542236328,22.549999237060547,21.959999084472656,22.020000457763672,651800,0,0.0
2013-12-03,21.8700008392334,22.520000457763672,21.829999923706055,22.030000686645508,847600,0,0.0
2013-12-04,21.93000030517578,22.559999465942383,21.829999923706055,22.489999771118164,977100,0,0.0
2013-12-05,22.489999771118164,22.829999923706055,22.25,22.610000610351562,914000,0,0.0
2013-12-06,23.0,23.06999969482422,22.420000076293945,22.559999465942383,769400,0,0.0
2013-12-09,22.440000534057617,22.739999771118164,22.399999618530273,22.59000015258789,713900,0,0.0
2013-12-10,22.610000610351562,23.100000381469727,22.459999084472656,22.510000228881836,875800,0,0.0
2013-12-11,22.540000915527344,22.540000915527344,21.530000686645508,21.6200008392334,645400,0,0.0
2013-12-12,21.59000015258789,21.979999542236328,21.510000228881836,21.829999923706055,584700,0,0.0
2013-12-13,22.43000030517578,23.5,22.219999313354492,23.389999389648438,1380100,0,0.0
2013-12-16,23.350000381469727,23.829999923706055,23.219999313354492,23.469999313354492,913300,0,0.0
2013-12-17,23.43000030517578,23.559999465942383,23.219999313354492,23.479999542236328,611400,0,0.0
2013-12-18,23.489999771118164,23.540000915527344,22.979999542236328,23.3700008392334,544200,0,0.0
2013-12-19,23.239999771118164,23.440000534057617,22.940000534057617,23.110000610351562,505300,0,0.0
2013-12-20,23.15999984741211,23.479999542236328,23.0,23.100000381469727,958500,0,0.0
2013-12-23,23.25,23.34000015258789,22.84000015258789,22.889999389648438,448000,0,0.0
2013-12-24,22.90999984741211,23.510000228881836,22.889999389648438,23.450000762939453,246400,0,0.0
2013-12-26,23.540000915527344,23.649999618530273,23.18000030517578,23.200000762939453,482800,0,0.0
2013-12-27,23.34000015258789,23.540000915527344,23.229999542236328,23.360000610351562,320000,0,0.0
2013-12-30,23.43000030517578,23.639999389648438,23.049999237060547,23.209999084472656,538300,0,0.0
2013-12-31,23.229999542236328,23.489999771118164,22.959999084472656,23.18000030517578,723400,0,0.0
2014-01-02,23.0,23.1299991607666,22.479999542236328,22.84000015258789,668500,0,0.0
2014-01-03,22.809999465942383,22.950000762939453,22.440000534057617,22.770000457763672,593200,0,0.0
2014-01-06,22.81999969482422,23.040000915527344,22.5,22.65999984741211,756500,0,0.0
2014-01-07,22.670000076293945,22.81999969482422,22.469999313354492,22.799999237060547,434900,0,0.0
2014-01-08,22.770000457763672,22.799999237060547,21.950000762939453,22.209999084472656,590300,0,0.0
2014-01-09,22.239999771118164,22.6299991607666,22.110000610351562,22.530000686645508,773600,0,0.0
2014-01-10,22.559999465942383,22.950000762939453,22.360000610351562,22.770000457763672,549900,0,0.0
2014-01-13,22.65999984741211,22.760000228881836,22.010000228881836,22.079999923706055,655300,0,0.0
2014-01-14,22.1299991607666,22.40999984741211,22.059999465942383,22.1200008392334,692700,0,0.0
2014-01-15,22.100000381469727,22.389999389648438,21.84000015258789,22.209999084472656,1078600,0,0.0
2014-01-16,22.209999084472656,22.309999465942383,21.6299991607666,21.93000030517578,855900,0,0.0
2014-01-17,21.899999618530273,22.190000534057617,21.899999618530273,22.059999465942383,488500,0,0.0
2014-01-21,22.360000610351562,22.700000762939453,22.190000534057617,22.600000381469727,531700,0,0.0
2014-01-22,22.719999313354492,23.010000228881836,22.6200008392334,22.899999618530273,625000,0,0.0
2014-01-23,22.760000228881836,22.8700008392334,22.030000686645508,22.110000610351562,980300,0,0.0
2014-01-24,21.860000610351562,21.860000610351562,20.899999618530273,21.100000381469727,1701300,0,0.0
2014-01-27,21.049999237060547,21.18000030517578,20.700000762939453,20.770000457763672,923500,0,0.0
2014-01-28,20.770000457763672,21.09000015258789,20.670000076293945,21.09000015258789,692200,0,0.0
2014-01-29,20.969999313354492,21.0,20.420000076293945,20.520000457763672,703100,0,0.0
2014-01-30,20.709999084472656,20.829999923706055,20.40999984741211,20.690000534057617,723900,0,0.0
2014-01-31,20.239999771118164,20.799999237060547,20.139999389648438,20.389999389648438,568200,0,0.0
2014-02-03,20.329999923706055,20.40999984741211,19.440000534057617,19.75,1321000,0,0.0
2014-02-04,19.8700008392334,20.170000076293945,19.739999771118164,20.020000457763672,1061700,0,0.0
2014-02-05,20.020000457763672,20.170000076293945,19.540000915527344,20.100000381469727,1233500,0,0.0
2014-02-06,20.18000030517578,20.610000610351562,20.079999923706055,20.440000534057617,507200,0,0.0
2014-02-07,20.59000015258789,20.920000076293945,20.459999084472656,20.90999984741211,714500,0,0.0
2014-02-10,20.8700008392334,21.100000381469727,20.520000457763672,21.030000686645508,936100,0,0.0
2014-02-11,21.040000915527344,21.780000686645508,21.020000457763672,21.68000030517578,645700,0,0.0
2014-02-12,22.010000228881836,22.3700008392334,21.56999969482422,21.68000030517578,1161300,0,0.0
2014-02-13,21.81999969482422,22.43000030517578,21.709999084472656,22.149999618530273,948900,0,0.0
2014-02-14,22.18000030517578,22.280000686645508,21.829999923706055,22.270000457763672,377100,0,0.0
2014-02-18,22.3799991607666,22.3799991607666,21.959999084472656,21.989999771118164,965500,0,0.0
2014-02-19,21.8700008392334,22.40999984741211,21.8700008392334,22.270000457763672,747900,0,0.0
2014-02-20,22.790000915527344,23.15999984741211,22.010000228881836,22.5,1381000,0,0.0
2014-02-21,22.479999542236328,22.59000015258789,22.15999984741211,22.200000762939453,1353300,0,0.0
2014-02-24,22.389999389648438,23.6200008392334,22.3799991607666,23.399999618530273,1571800,0,0.0
2014-02-25,23.299999237060547,23.469999313354492,22.739999771118164,23.459999084472656,1808400,0,0.0
2014-02-26,23.510000228881836,24.15999984741211,23.34000015258789,23.600000381469727,1396800,0,0.0
2014-02-27,23.549999237060547,23.68000030517578,23.139999389648438,23.549999237060547,671200,0,0.0
2014-02-28,23.610000610351562,23.90999984741211,23.5,23.639999389648438,992400,0,0.0
2014-03-03,23.389999389648438,23.649999618530273,23.229999542236328,23.290000915527344,1281400,0,0.0
2014-03-04,23.59000015258789,23.75,23.31999969482422,23.56999969482422,1159700,0,0.0
2014-03-05,23.5,23.709999084472656,23.219999313354492,23.360000610351562,651700,0,0.0
2014-03-06,23.3700008392334,23.75,23.34000015258789,23.670000076293945,504600,0,0.0
2014-03-07,23.799999237060547,23.899999618530273,23.5,23.6299991607666,475500,0,0.0
2014-03-10,23.520000457763672,23.59000015258789,23.149999618530273,23.489999771118164,834300,0,0.0
2014-03-11,23.540000915527344,23.59000015258789,22.979999542236328,23.09000015258789,769300,0,0.0
2014-03-12,22.920000076293945,23.139999389648438,22.84000015258789,23.040000915527344,1144100,0,0.0
2014-03-13,23.06999969482422,23.15999984741211,22.3700008392334,22.56999969482422,1337600,0,0.0
2014-03-14,22.510000228881836,22.850000381469727,22.3799991607666,22.829999923706055,615600,0,0.0
2014-03-17,22.93000030517578,23.299999237060547,22.799999237060547,23.200000762939453,866200,0,0.0
2014-03-18,23.219999313354492,23.309999465942383,22.8799991607666,22.959999084472656,981500,0,0.0
2014-03-19,22.90999984741211,22.90999984741211,22.469999313354492,22.6299991607666,789500,0,0.0
2014-03-20,22.440000534057617,22.770000457763672,22.40999984741211,22.43000030517578,926300,0,0.0
2014-03-21,22.559999465942383,23.010000228881836,22.469999313354492,22.649999618530273,1553500,0,0.0
2014-03-24,22.670000076293945,22.780000686645508,22.110000610351562,22.110000610351562,1014100,0,0.0
2014-03-25,22.270000457763672,22.3799991607666,22.110000610351562,22.190000534057617,827800,0,0.0
2014-03-26,22.3700008392334,22.639999389648438,22.040000915527344,22.059999465942383,993900,0,0.0
2014-03-27,22.1299991607666,22.540000915527344,22.09000015258789,22.190000534057617,914500,0,0.0
2014-03-28,22.25,22.760000228881836,22.200000762939453,22.700000762939453,812000,0,0.0
2014-03-31,22.959999084472656,23.1200008392334,22.729999542236328,22.979999542236328,824300,0,0.0
2014-04-01,23.030000686645508,23.3700008392334,22.8799991607666,23.360000610351562,714100,0,0.0
2014-04-02,23.40999984741211,23.510000228881836,23.209999084472656,23.459999084472656,880000,0,0.0
2014-04-03,23.459999084472656,23.600000381469727,23.219999313354492,23.420000076293945,647500,0,0.0
2014-04-04,23.690000534057617,23.690000534057617,22.739999771118164,22.780000686645508,746100,0,0.0
2014-04-07,22.690000534057617,22.700000762939453,22.0,22.219999313354492,1177900,0,0.0
2014-04-08,22.270000457763672,22.649999618530273,22.209999084472656,22.489999771118164,699900,0,0.0
2014-04-09,22.6299991607666,22.719999313354492,22.190000534057617,22.579999923706055,423000,0,0.0
2014-04-10,22.579999923706055,22.719999313354492,21.829999923706055,22.0,658700,0,0.0
2014-04-11,21.780000686645508,22.079999923706055,21.59000015258789,21.739999771118164,599800,0,0.0
2014-04-14,22.06999969482422,22.3799991607666,21.829999923706055,22.110000610351562,716400,0,0.0
2014-04-15,22.18000030517578,22.420000076293945,21.850000381469727,22.309999465942383,441700,0,0.0
2014-04-16,22.559999465942383,22.649999618530273,22.18000030517578,22.389999389648438,496100,0,0.0
2014-04-17,22.399999618530273,22.899999618530273,22.399999618530273,22.6299991607666,1259600,0,0.0
2014-04-21,22.65999984741211,22.8700008392334,22.40999984741211,22.709999084472656,866500,0,0.0
2014-04-22,24.06999969482422,24.600000381469727,22.6299991607666,23.100000381469727,2878700,0,0.0
2014-04-23,23.18000030517578,24.020000457763672,23.18000030517578,24.0,1188300,0,0.0
2014-04-24,24.149999618530273,24.389999389648438,23.899999618530273,24.239999771118164,1061600,0,0.0
2014-04-25,24.15999984741211,24.290000915527344,23.81999969482422,23.969999313354492,982000,0,0.0
2014-04-28,24.040000915527344,24.06999969482422,23.459999084472656,23.700000762939453,863000,0,0.0
2014-04-29,23.899999618530273,24.200000762939453,23.639999389648438,23.690000534057617,574500,0,0.0
2014-04-30,23.549999237060547,24.229999542236328,23.530000686645508,24.040000915527344,878000,0,0.0
2014-05-01,24.040000915527344,24.040000915527344,23.270000457763672,23.469999313354492,996000,0,0.0
2014-05-02,23.489999771118164,23.90999984741211,23.389999389648438,23.530000686645508,514300,0,0.0
2014-05-05,23.389999389648438,23.75,23.229999542236328,23.649999618530273,400000,0,0.0
2014-05-06,23.549999237060547,23.739999771118164,23.290000915527344,23.510000228881836,551800,0,0.0
2014-05-07,23.549999237060547,23.850000381469727,23.219999313354492,23.56999969482422,747000,0,0.0
2014-05-08,23.469999313354492,23.739999771118164,23.1299991607666,23.139999389648438,504800,0,0.0
2014-05-09,23.030000686645508,23.350000381469727,22.8700008392334,23.270000457763672,519500,0,0.0
2014-05-12,23.309999465942383,24.170000076293945,23.219999313354492,24.010000228881836,961200,0,0.0
2014-05-13,24.030000686645508,24.270000457763672,23.899999618530273,23.989999771118164,754900,0,0.0
2014-05-14,23.93000030517578,24.229999542236328,23.110000610351562,23.329999923706055,998800,0,0.0
2014-05-15,23.06999969482422,23.06999969482422,22.09000015258789,22.440000534057617,780700,0,0.0
2014-05-16,22.3700008392334,22.790000915527344,22.110000610351562,22.790000915527344,510000,0,0.0
2014-05-19,22.799999237060547,23.049999237060547,22.649999618530273,22.850000381469727,621400,0,0.0
2014-05-20,22.719999313354492,23.040000915527344,22.530000686645508,22.729999542236328,1566500,0,0.0
2014-05-21,22.969999313354492,23.049999237060547,22.670000076293945,22.8700008392334,625100,0,0.0
2014-05-22,22.850000381469727,23.040000915527344,22.790000915527344,22.989999771118164,539200,0,0.0
2014-05-23,23.010000228881836,23.049999237060547,22.860000610351562,23.0,1002100,0,0.0
2014-05-27,23.18000030517578,23.350000381469727,23.0,23.299999237060547,868200,0,0.0
2014-05-28,23.290000915527344,23.290000915527344,22.889999389648438,22.959999084472656,636100,0,0.0
2014-05-29,23.06999969482422,23.139999389648438,22.719999313354492,23.040000915527344,1018700,0,0.0
2014-05-30,23.059999465942383,23.440000534057617,22.950000762939453,23.3799991607666,496000,0,0.0
2014-06-02,23.450000762939453,23.6200008392334,23.15999984741211,23.309999465942383,459400,0,0.0
2014-06-03,23.229999542236328,23.329999923706055,22.6299991607666,23.25,1020400,0,0.0
2014-06-04,23.200000762939453,23.280000686645508,22.959999084472656,23.190000534057617,348900,0,0.0
2014-06-05,23.15999984741211,23.829999923706055,22.8799991607666,23.829999923706055,647800,0,0.0
2014-06-06,23.969999313354492,24.8700008392334,23.899999618530273,24.81999969482422,1001100,0,0.0
2014-06-09,24.770000457763672,25.510000228881836,24.719999313354492,25.399999618530273,1216200,0,0.0
2014-06-10,25.270000457763672,25.290000915527344,25.059999465942383,25.239999771118164,735600,0,0.0
2014-06-11,25.040000915527344,25.209999084472656,24.860000610351562,25.18000030517578,672200,0,0.0
2014-06-12,25.239999771118164,25.5,25.059999465942383,25.15999984741211,695000,0,0.0
2014-06-13,25.290000915527344,25.450000762939453,25.010000228881836,25.3799991607666,383900,0,0.0
2014-06-16,25.299999237060547,25.719999313354492,25.06999969482422,25.299999237060547,742500,0,0.0
2014-06-17,25.200000762939453,25.6200008392334,25.079999923706055,25.420000076293945,835500,0,0.0
2014-06-18,25.440000534057617,25.6200008392334,25.139999389648438,25.600000381469727,657400,0,0.0
2014-06-19,25.610000610351562,25.860000610351562,25.540000915527344,25.799999237060547,514300,0,0.0
2014-06-20,25.940000534057617,26.40999984741211,25.860000610351562,25.8799991607666,1151300,0,0.0
2014-06-23,25.850000381469727,25.979999542236328,25.6299991607666,25.75,900100,0,0.0
2014-06-24,25.639999389648438,26.059999465942383,25.459999084472656,25.610000610351562,962000,0,0.0
2014-06-25,25.440000534057617,25.860000610351562,25.440000534057617,25.770000457763672,488200,0,0.0
2014-06-26,25.81999969482422,25.850000381469727,25.440000534057617,25.770000457763672,356000,0,0.0
2014-06-27,25.670000076293945,26.25,25.639999389648438,26.170000076293945,789500,0,0.0
2014-06-30,26.149999618530273,26.34000015258789,25.8799991607666,26.309999465942383,531700,0,0.0
2014-07-01,26.399999618530273,26.829999923706055,26.3700008392334,26.440000534057617,1095400,0,0.0
2014-07-02,26.31999969482422,26.56999969482422,26.030000686645508,26.1200008392334,677300,0,0.0
2014-07-03,26.170000076293945,26.350000381469727,26.079999923706055,26.209999084472656,258400,0,0.0
2014-07-07,26.059999465942383,26.190000534057617,25.459999084472656,25.489999771118164,490300,0,0.0
2014-07-08,25.360000610351562,25.59000015258789,25.219999313354492,25.579999923706055,752800,0,0.0
2014-07-09,25.579999923706055,25.729999542236328,25.040000915527344,25.270000457763672,546400,0,0.0
2014-07-10,24.920000076293945,24.969999313354492,24.530000686645508,24.68000030517578,454400,0,0.0
2014-07-11,24.639999389648438,24.649999618530273,24.059999465942383,24.149999618530273,582800,0,0.0
2014-07-14,24.31999969482422,24.459999084472656,24.170000076293945,24.450000762939453,407000,0,0.0
2014-07-15,24.389999389648438,24.639999389648438,23.889999389648438,24.510000228881836,751000,0,0.0
2014-07-16,24.690000534057617,24.84000015258789,24.1299991607666,24.530000686645508,671600,0,0.0
2014-07-17,24.450000762939453,24.56999969482422,23.93000030517578,23.959999084472656,377900,0,0.0
2014-07-18,23.899999618530273,24.3799991607666,23.790000915527344,24.18000030517578,509200,0,0.0
2014-07-21,24.06999969482422,24.510000228881836,23.8799991607666,24.43000030517578,913900,0,0.0
2014-07-22,25.799999237060547,26.799999237060547,25.690000534057617,26.280000686645508,2387200,0,0.0
2014-07-23,26.389999389648438,27.530000686645508,26.280000686645508,27.510000228881836,2024400,0,0.0
2014-07-24,27.540000915527344,28.0,26.459999084472656,26.639999389648438,1282400,0,0.0
2014-07-25,26.440000534057617,26.90999984741211,26.149999618530273,26.8799991607666,726100,0,0.0
2014-07-28,26.979999542236328,27.040000915527344,26.43000030517578,26.790000915527344,702000,0,0.0
2014-07-29,26.850000381469727,27.09000015258789,26.469999313354492,26.469999313354492,696200,0,0.0
2014-07-30,26.600000381469727,26.709999084472656,26.059999465942383,26.5,737700,0,0.0
2014-07-31,26.15999984741211,26.170000076293945,25.270000457763672,25.43000030517578,1057700,0,0.0
2014-08-01,25.420000076293945,25.84000015258789,25.190000534057617,25.719999313354492,1326600,0,0.0
2014-08-04,25.770000457763672,25.799999237060547,24.940000534057617,25.09000015258789,1486100,0,0.0
2014-08-05,24.90999984741211,25.420000076293945,24.639999389648438,25.149999618530273,1098400,0,0.0
2014-08-06,25.040000915527344,25.850000381469727,24.959999084472656,25.209999084472656,590000,0,0.0
2014-08-07,25.3799991607666,25.489999771118164,25.139999389648438,25.360000610351562,740200,0,0.0
2014-08-08,25.350000381469727,25.780000686645508,25.290000915527344,25.75,851800,0,0.0
2014-08-11,25.93000030517578,25.950000762939453,25.440000534057617,25.56999969482422,600800,0,0.0
2014-08-12,25.530000686645508,26.059999465942383,25.3799991607666,25.959999084472656,875800,0,0.0
2014-08-13,26.09000015258789,26.3700008392334,25.959999084472656,26.049999237060547,552700,0,0.0
2014-08-14,26.100000381469727,26.229999542236328,25.450000762939453,25.559999465942383,467500,0,0.0
2014-08-15,25.739999771118164,25.860000610351562,25.3700008392334,25.65999984741211,418100,0,0.0
2014-08-18,25.8799991607666,26.110000610351562,25.739999771118164,26.100000381469727,388400,0,0.0
2014-08-19,26.100000381469727,26.6299991607666,26.100000381469727,26.600000381469727,615100,0,0.0
2014-08-20,26.540000915527344,26.68000030517578,26.239999771118164,26.56999969482422,606600,0,0.0
2014-08-21,26.510000228881836,26.709999084472656,26.09000015258789,26.600000381469727,814600,0,0.0
2014-08-22,26.530000686645508,26.65999984741211,26.09000015258789,26.309999465942383,806100,0,0.0
2014-08-25,26.459999084472656,26.649999618530273,26.010000228881836,26.110000610351562,650500,0,0.0
2014-08-26,26.209999084472656,26.790000915527344,26.079999923706055,26.610000610351562,757600,0,0.0
2014-08-27,26.700000762939453,27.059999465942383,26.43000030517578,26.889999389648438,541500,0,0.0
2014-08-28,26.770000457763672,27.110000610351562,26.56999969482422,26.969999313354492,622300,0,0.0
2014-08-29,27.010000228881836,27.360000610351562,26.899999618530273,27.31999969482422,409400,0,0.0
2014-09-02,27.31999969482422,27.489999771118164,26.8799991607666,27.0,1193000,0,0.0
2014-09-03,27.059999465942383,27.360000610351562,27.059999465942383,27.270000457763672,806200,0,0.0
2014-09-04,27.25,27.280000686645508,26.06999969482422,26.170000076293945,642900,0,0.0
2014-09-05,26.15999984741211,26.520000457763672,25.93000030517578,26.510000228881836,439600,0,0.0
2014-09-08,26.360000610351562,26.450000762939453,25.770000457763672,26.049999237060547,829000,0,0.0
2014-09-09,26.09000015258789,26.309999465942383,25.6299991607666,25.760000228881836,664600,0,0.0
2014-09-10,25.790000915527344,25.940000534057617,25.34000015258789,25.8799991607666,603000,0,0.0
2014-09-11,25.610000610351562,25.920000076293945,25.139999389648438,25.790000915527344,695700,0,0.0
2014-09-12,25.799999237060547,25.799999237060547,24.959999084472656,24.979999542236328,728600,0,0.0
2014-09-15,24.899999618530273,25.15999984741211,24.6299991607666,24.989999771118164,562200,0,0.0
2014-09-16,24.940000534057617,25.81999969482422,24.940000534057617,25.5,768900,0,0.0
2014-09-17,25.530000686645508,25.729999542236328,25.239999771118164,25.299999237060547,843300,0,0.0
2014-09-18,25.399999618530273,25.690000534057617,25.25,25.34000015258789,586200,0,0.0
2014-09-19,25.43000030517578,25.690000534057617,24.84000015258789,24.850000381469727,1279200,0,0.0
2014-09-22,24.65999984741211,24.65999984741211,23.709999084472656,23.760000228881836,1073400,0,0.0
2014-09-23,23.700000762939453,24.0,23.540000915527344,23.84000015258789,699200,0,0.0
2014-09-24,23.899999618530273,23.959999084472656,23.260000228881836,23.719999313354492,547600,0,0.0
2014-09-25,23.579999923706055,23.579999923706055,22.899999618530273,22.969999313354492,554400,0,0.0
2014-09-26,22.969999313354492,23.270000457763672,22.799999237060547,23.18000030517578,598900,0,0.0
2014-09-29,22.8700008392334,23.020000457763672,22.639999389648438,22.860000610351562,621700,0,0.0
2014-09-30,22.799999237060547,22.84000015258789,21.90999984741211,22.059999465942383,1126500,0,0.0
2014-10-01,22.049999237060547,22.25,21.40999984741211,21.59000015258789,1323600,0,0.0
2014-10-02,21.479999542236328,21.90999984741211,21.1299991607666,21.65999984741211,1027700,0,0.0
2014-10-03,21.81999969482422,21.829999923706055,21.290000915527344,21.549999237060547,821100,0,0.0
2014-10-06,21.6200008392334,21.989999771118164,21.40999984741211,21.84000015258789,949500,0,0.0
2014-10-07,21.65999984741211,22.469999313354492,21.559999465942383,21.809999465942383,1144200,0,0.0
2014-10-08,21.729999542236328,22.1200008392334,20.899999618530273,22.100000381469727,1631600,0,0.0
2014-10-09,21.959999084472656,22.0,21.1299991607666,21.15999984741211,1197100,0,0.0
2014-10-10,21.139999389648438,22.030000686645508,20.610000610351562,21.56999969482422,2035300,0,0.0
2014-10-13,21.549999237060547,22.549999237060547,21.170000076293945,21.989999771118164,2407800,0,0.0
2014-10-14,22.040000915527344,22.600000381469727,21.5,21.8700008392334,2173200,0,0.0
2014-10-15,21.559999465942383,22.270000457763672,21.219999313354492,22.040000915527344,1788300,0,0.0
2014-10-16,21.56999969482422,22.59000015258789,21.290000915527344,22.399999618530273,1967800,0,0.0
2014-10-17,22.729999542236328,23.010000228881836,22.049999237060547,22.510000228881836,1306900,0,0.0
2014-10-20,22.639999389648438,23.1200008392334,22.049999237060547,22.780000686645508,1746600,0,0.0
2014-10-21,23.700000762939453,25.190000534057617,23.420000076293945,24.600000381469727,3309200,0,0.0
2014-10-22,24.799999237060547,25.579999923706055,24.15999984741211,24.399999618530273,1932000,0,0.0
2014-10-23,24.8700008392334,25.700000762939453,24.84000015258789,25.579999923706055,1669600,0,0.0
2014-10-24,25.5,25.770000457763672,25.040000915527344,25.399999618530273,1229300,0,0.0
2014-10-27,25.18000030517578,25.479999542236328,24.860000610351562,25.40999984741211,1978300,0,0.0
2014-10-28,25.65999984741211,26.739999771118164,25.40999984741211,26.690000534057617,1492900,0,0.0
2014-10-29,26.8799991607666,27.229999542236328,26.209999084472656,26.780000686645508,1795600,0,0.0
2014-10-30,26.610000610351562,26.829999923706055,25.829999923706055,26.190000534057617,1891500,0,0.0
2014-10-31,26.559999465942383,26.790000915527344,25.700000762939453,26.639999389648438,1125500,0,0.0
2014-11-03,26.690000534057617,27.100000381469727,26.040000915527344,26.209999084472656,988400,0,0.0
2014-11-04,25.829999923706055,25.899999618530273,25.309999465942383,25.610000610351562,1253600,0,0.0
2014-11-05,25.889999389648438,26.770000457763672,25.670000076293945,26.209999084472656,737600,0,0.0
2014-11-06,25.950000762939453,26.6299991607666,25.829999923706055,26.489999771118164,701700,0,0.0
2014-11-07,26.43000030517578,27.170000076293945,26.43000030517578,26.979999542236328,1053100,0,0.0
2014-11-10,27.139999389648438,27.469999313354492,26.309999465942383,26.709999084472656,637600,0,0.0
2014-11-11,26.739999771118164,27.15999984741211,26.399999618530273,27.079999923706055,646200,0,0.0
2014-11-12,26.959999084472656,27.489999771118164,26.790000915527344,27.139999389648438,739500,0,0.0
2014-11-13,26.950000762939453,27.079999923706055,26.030000686645508,26.719999313354492,1125300,0,0.0
2014-11-14,26.959999084472656,27.3700008392334,26.329999923706055,26.90999984741211,879300,0,0.0
2014-11-17,26.780000686645508,27.06999969482422,26.479999542236328,26.84000015258789,683600,0,0.0
2014-11-18,27.139999389648438,27.440000534057617,26.309999465942383,26.31999969482422,1070800,0,0.0
2014-11-19,26.3799991607666,26.559999465942383,25.81999969482422,26.5,1089900,0,0.0
2014-11-20,26.5,27.229999542236328,26.40999984741211,27.110000610351562,1181000,0,0.0
2014-11-21,27.43000030517578,27.700000762939453,26.969999313354492,27.239999771118164,935200,0,0.0
2014-11-24,27.239999771118164,27.399999618530273,26.989999771118164,27.3799991607666,615200,0,0.0
2014-11-25,27.450000762939453,27.579999923706055,26.459999084472656,26.670000076293945,550800,0,0.0
2014-11-26,26.170000076293945,26.190000534057617,25.31999969482422,25.520000457763672,983000,0,0.0
2014-11-28,24.579999923706055,24.610000610351562,22.809999465942383,22.8700008392334,1087000,0,0.0
2014-12-01,22.540000915527344,22.59000015258789,21.719999313354492,21.920000076293945,1882800,0,0.0
2014-12-02,21.81999969482422,22.559999465942383,21.690000534057617,22.200000762939453,1234500,0,0.0
2014-12-03,22.200000762939453,23.270000457763672,22.15999984741211,23.170000076293945,1430300,0,0.0
2014-12-04,22.690000534057617,23.59000015258789,22.489999771118164,23.459999084472656,1716700,0,0.0
2014-12-05,23.3700008392334,23.93000030517578,23.290000915527344,23.399999618530273,1121900,0,0.0
2014-12-08,23.079999923706055,23.15999984741211,21.829999923706055,22.110000610351562,1537100,0,0.0
2014-12-09,22.010000228881836,23.540000915527344,21.959999084472656,23.34000015258789,1506600,0,0.0
2014-12-10,22.780000686645508,22.959999084472656,22.15999984741211,22.3700008392334,1126900,0,0.0
2014-12-11,22.399999618530273,23.06999969482422,21.770000457763672,21.93000030517578,1516400,0,0.0
2014-12-12,21.450000762939453,21.760000228881836,20.969999313354492,20.979999542236328,1415200,0,0.0
2014-12-15,21.09000015258789,21.18000030517578,20.18000030517578,20.209999084472656,1840900,0,0.0
2014-12-16,20.149999618530273,20.90999984741211,19.5,20.049999237060547,1964600,0,0.0
2014-12-17,20.059999465942383,20.780000686645508,19.479999542236328,20.739999771118164,3010300,0,0.0
2014-12-18,21.459999084472656,21.649999618530273,20.299999237060547,21.0,1897300,0,0.0
2014-12-19,21.170000076293945,21.989999771118164,20.799999237060547,21.969999313354492,1629500,0,0.0
2014-12-22,21.56999969482422,21.760000228881836,20.760000228881836,21.18000030517578,1500100,0,0.0
2014-12-23,21.3799991607666,21.579999923706055,21.049999237060547,21.43000030517578,837900,0,0.0
2014-12-24,21.31999969482422,21.850000381469727,21.059999465942383,21.739999771118164,667100,0,0.0
2014-12-26,21.979999542236328,22.100000381469727,21.459999084472656,21.649999618530273,605500,0,0.0
2014-12-29,21.760000228881836,22.610000610351562,21.6299991607666,22.25,1675300,0,0.0
2014-12-30,22.270000457763672,22.40999984741211,22.0,22.280000686645508,1069900,0,0.0
2014-12-31,22.0,22.389999389648438,21.65999984741211,21.700000762939453,1087500,0,0.0
2015-01-02,21.600000381469727,21.989999771118164,21.34000015258789,21.65999984741211,829800,0,0.0
2015-01-05,21.1299991607666,21.6299991607666,20.3799991607666,20.610000610351562,1282900,0,0.0
2015-01-06,20.559999465942383,20.600000381469727,19.010000228881836,19.299999237060547,2956200,0,0.0
2015-01-07,19.75,19.780000686645508,19.239999771118164,19.65999984741211,1417200,0,0.0
2015-01-08,19.899999618530273,20.3700008392334,19.5,20.309999465942383,2114700,0,0.0
2015-01-09,20.350000381469727,20.3799991607666,19.360000610351562,19.399999618530273,1210400,0,0.0
2015-01-12,19.049999237060547,19.049999237060547,18.1299991607666,18.280000686645508,1600100,0,0.0
2015-01-13,18.170000076293945,18.469999313354492,17.65999984741211,18.030000686645508,2291100,0,0.0
2015-01-14,17.729999542236328,18.010000228881836,17.139999389648438,17.65999984741211,1967700,0,0.0
2015-01-15,18.079999923706055,18.139999389648438,17.260000228881836,17.31999969482422,1520700,0,0.0
2015-01-16,17.440000534057617,18.40999984741211,17.360000610351562,18.3799991607666,1023300,0,0.0
2015-01-20,18.190000534057617,18.3799991607666,17.6299991607666,18.190000534057617,1317400,0,0.0
2015-01-21,18.389999389648438,19.239999771118164,18.31999969482422,19.219999313354492,2124200,0,0.0
2015-01-22,19.40999984741211,19.530000686645508,18.670000076293945,18.969999313354492,1191500,0,0.0
2015-01-23,18.899999618530273,19.270000457763672,18.469999313354492,18.489999771118164,1342300,0,0.0
2015-01-26,18.56999969482422,19.270000457763672,18.34000015258789,19.18000030517578,1304300,0,0.0
2015-01-27,18.90999984741211,19.309999465942383,18.770000457763672,19.020000457763672,1091900,0,0.0
2015-01-28,18.889999389648438,19.0,17.989999771118164,18.059999465942383,1204000,0,0.0
2015-01-29,18.1200008392334,18.559999465942383,17.559999465942383,18.510000228881836,1301000,0,0.0
2015-01-30,18.329999923706055,19.040000915527344,18.139999389648438,18.770000457763672,1148700,0,0.0
2015-02-02,19.1299991607666,19.84000015258789,18.979999542236328,19.84000015258789,1443000,0,0.0
2015-02-03,20.25,20.8799991607666,19.899999618530273,20.549999237060547,1798600,0,0.0
2015-02-04,19.899999618530273,20.350000381469727,19.5,19.6299991607666,1055200,0,0.0
2015-02-05,19.979999542236328,20.43000030517578,19.790000915527344,20.190000534057617,1125800,0,0.0
2015-02-06,20.40999984741211,20.5,19.940000534057617,20.09000015258789,1030000,0,0.0
2015-02-09,20.079999923706055,20.360000610351562,19.780000686645508,19.84000015258789,1633800,0,0.0
2015-02-10,19.81999969482422,19.850000381469727,18.899999618530273,19.09000015258789,1647500,0,0.0
2015-02-11,18.729999542236328,19.1200008392334,18.3700008392334,18.81999969482422,1846700,0,0.0
2015-02-12,19.149999618530273,19.469999313354492,18.290000915527344,18.420000076293945,1934900,0,0.0
2015-02-13,18.829999923706055,19.329999923706055,18.760000228881836,19.079999923706055,2543600,0,0.0
2015-02-17,17.239999771118164,17.5,15.510000228881836,16.6200008392334,6517500,0,0.0
2015-02-18,16.030000686645508,17.09000015258789,15.9399995803833,16.950000762939453,2981500,0,0.0
2015-02-19,16.3799991607666,16.3799991607666,15.859999656677246,16.149999618530273,3474800,0,0.0
2015-02-20,16.15999984741211,16.229999542236328,15.59000015258789,15.899999618530273,2273600,0,0.0
2015-02-23,15.619999885559082,15.779999732971191,15.430000305175781,15.619999885559082,1739100,0,0.0
2015-02-24,15.729999542236328,16.059999465942383,15.609999656677246,15.899999618530273,3094900,0,0.0
2015-02-25,15.930000305175781,16.0,15.59000015258789,15.84000015258789,1982800,0,0.0
2015-02-26,15.739999771118164,16.06999969482422,15.510000228881836,15.920000076293945,3369600,0,0.0
2015-02-27,15.710000038146973,15.859999656677246,15.229999542236328,15.4399995803833,3207400,0,0.0
2015-03-02,15.4399995803833,15.449999809265137,14.970000267028809,15.069999694824219,2083600,0,0.0
2015-03-03,15.0,15.229999542236328,14.75,14.800000190734863,3034100,0,0.0
2015-03-04,14.779999732971191,14.829999923706055,14.270000457763672,14.289999961853027,2890500,0,0.0
2015-03-05,14.229999542236328,14.520000457763672,13.640000343322754,14.329999923706055,2504300,0,0.0
2015-03-06,14.25,14.4399995803833,13.949999809265137,14.119999885559082,1993300,0,0.0
2015-03-09,14.039999961853027,14.529999732971191,13.770000457763672,14.260000228881836,2481800,0,0.0
2015-03-10,14.119999885559082,14.1899995803833,13.75,13.789999961853027,2800000,0,0.0
2015-03-11,13.819999694824219,13.970000267028809,13.220000267028809,13.369999885559082,4005700,0,0.0
2015-03-12,13.5,13.529999732971191,13.289999961853027,13.369999885559082,2786600,0,0.0
2015-03-13,13.270000457763672,13.600000381469727,13.0600004196167,13.479999542236328,2364900,0,0.0
2015-03-16,13.380000114440918,13.710000038146973,13.170000076293945,13.550000190734863,2022800,0,0.0
2015-03-17,13.4399995803833,13.739999771118164,13.109999656677246,13.619999885559082,2834200,0,0.0
2015-03-18,13.449999809265137,13.979999542236328,13.380000114440918,13.890000343322754,2029900,0,0.0
2015-03-19,13.649999618530273,13.75,13.40999984741211,13.489999771118164,845900,0,0.0
2015-03-20,13.609999656677246,14.170000076293945,13.550000190734863,14.130000114440918,2233000,0,0.0
2015-03-23,14.199999809265137,14.529999732971191,13.979999542236328,13.989999771118164,1535100,0,0.0
2015-03-24,14.010000228881836,14.420000076293945,13.9399995803833,14.390000343322754,1529100,0,0.0
2015-03-25,14.529999732971191,14.680000305175781,14.289999961853027,14.300000190734863,1331500,0,0.0
2015-03-26,14.569999694824219,14.9399995803833,14.319999694824219,14.539999961853027,1257500,0,0.0
2015-03-27,14.470000267028809,14.649999618530273,14.039999961853027,14.649999618530273,1149400,0,0.0
2015-03-30,14.760000228881836,14.979999542236328,14.569999694824219,14.770000457763672,849500,0,0.0
2015-03-31,14.649999618530273,15.010000228881836,14.600000381469727,14.960000038146973,1182200,0,0.0
2015-04-01,15.0600004196167,15.300000190734863,14.899999618530273,15.029999732971191,1653700,0,0.0
2015-04-02,14.850000381469727,15.380000114440918,14.800000190734863,15.210000038146973,1208200,0,0.0
2015-04-06,15.359999656677246,16.190000534057617,15.359999656677246,16.170000076293945,1292800,0,0.0
2015-04-07,16.170000076293945,16.170000076293945,15.529999732971191,15.710000038146973,1755000,0,0.0
2015-04-08,15.75,15.949999809265137,15.510000228881836,15.729999542236328,1199400,0,0.0
2015-04-09,15.8100004196167,16.6299991607666,15.720000267028809,16.559999465942383,1577400,0,0.0
2015-04-10,16.649999618530273,16.709999084472656,16.219999313354492,16.34000015258789,1110100,0,0.0
2015-04-13,16.43000030517578,16.559999465942383,16.25,16.389999389648438,1047300,0,0.0
2015-04-14,16.450000762939453,16.549999237060547,16.309999465942383,16.43000030517578,1095100,0,0.0
2015-04-15,16.6299991607666,17.110000610351562,16.299999237060547,17.010000228881836,1420000,0,0.0
2015-04-16,16.899999618530273,17.059999465942383,16.510000228881836,16.579999923706055,1312300,0,0.0
2015-04-17,16.5,16.610000610351562,15.779999732971191,16.100000381469727,1799000,0,0.0
2015-04-20,16.1299991607666,16.190000534057617,15.65999984741211,15.729999542236328,2749400,0,0.0
2015-04-21,17.709999084472656,17.729999542236328,15.930000305175781,16.59000015258789,4853500,0,0.0
2015-04-22,16.6200008392334,17.1200008392334,16.540000915527344,16.75,2086500,0,0.0
2015-04-23,16.690000534057617,16.899999618530273,16.5,16.68000030517578,1491700,0,0.0
2015-04-24,16.56999969482422,16.6200008392334,16.15999984741211,16.360000610351562,1027700,0,0.0
2015-04-27,16.540000915527344,16.700000762939453,16.309999465942383,16.56999969482422,1355400,0,0.0
2015-04-28,16.520000457763672,16.81999969482422,16.40999984741211,16.479999542236328,1319600,0,0.0
2015-04-29,16.420000076293945,16.899999618530273,16.110000610351562,16.770000457763672,1250900,0,0.0
2015-04-30,16.799999237060547,16.93000030517578,16.270000457763672,16.479999542236328,1591700,0,0.0
2015-05-01,16.440000534057617,16.56999969482422,16.06999969482422,16.350000381469727,1382400,0,0.0
2015-05-04,16.489999771118164,16.709999084472656,16.31999969482422,16.489999771118164,1536200,0,0.0
2015-05-05,16.65999984741211,16.93000030517578,16.56999969482422,16.68000030517578,2341400,0,0.0
2015-05-06,16.8799991607666,17.200000762939453,16.3700008392334,16.489999771118164,1862600,0,0.0
2015-05-07,16.350000381469727,16.459999084472656,15.920000076293945,16.360000610351562,1583500,0,0.0
2015-05-08,16.549999237060547,16.90999984741211,16.110000610351562,16.889999389648438,1230400,0,0.0
2015-05-11,16.959999084472656,17.149999618530273,16.6299991607666,16.760000228881836,1515600,0,0.0
2015-05-12,16.780000686645508,17.239999771118164,16.579999923706055,17.1299991607666,927300,0,0.0
2015-05-13,17.270000457763672,17.329999923706055,16.690000534057617,16.93000030517578,1135700,0,0.0
2015-05-14,16.989999771118164,17.18000030517578,16.739999771118164,16.84000015258789,760600,0,0.0
2015-05-15,16.75,17.149999618530273,16.510000228881836,16.969999313354492,839200,0,0.0
2015-05-18,16.959999084472656,16.979999542236328,16.479999542236328,16.950000762939453,1039500,0,0.0
2015-05-19,16.780000686645508,16.780000686645508,16.0,16.209999084472656,1579800,0,0.0
2015-05-20,16.31999969482422,16.43000030517578,16.1299991607666,16.31999969482422,1196300,0,0.0
2015-05-21,16.469999313354492,16.850000381469727,16.440000534057617,16.6200008392334,955000,0,0.0
2015-05-22,16.40999984741211,16.719999313354492,16.25,16.309999465942383,670500,0,0.0
2015-05-26,16.06999969482422,16.25,15.539999961853027,16.079999923706055,1893200,0,0.0
2015-05-27,16.059999465942383,16.25,15.739999771118164,16.110000610351562,1308300,0,0.0
2015-05-28,16.040000915527344,16.040000915527344,15.699999809265137,15.979999542236328,874700,0,0.0
2015-05-29,16.010000228881836,16.110000610351562,15.65999984741211,15.670000076293945,851500,0,0.0
2015-06-01,15.649999618530273,15.649999618530273,15.199999809265137,15.279999732971191,1489300,0,0.0
2015-06-02,15.430000305175781,16.010000228881836,15.359999656677246,15.770000457763672,878200,0,0.0
2015-06-03,15.729999542236328,16.059999465942383,15.569999694824219,15.670000076293945,801900,0,0.0
2015-06-04,15.510000228881836,15.600000381469727,15.25,15.289999961853027,1420800,0,0.0
2015-06-05,15.229999542236328,15.800000190734863,15.170000076293945,15.729999542236328,734800,0,0.0
2015-06-08,15.65999984741211,15.869999885559082,15.470000267028809,15.579999923706055,592600,0,0.0
2015-06-09,15.729999542236328,15.920000076293945,15.510000228881836,15.539999961853027,661200,0,0.0
2015-06-10,15.789999961853027,16.34000015258789,15.75,16.15999984741211,785200,0,0.0
2015-06-11,16.110000610351562,16.18000030517578,15.770000457763672,15.859999656677246,897900,0,0.0
2015-06-12,15.739999771118164,15.739999771118164,15.1899995803833,15.300000190734863,1431400,0,0.0
2015-06-15,15.069999694824219,15.34000015258789,14.9399995803833,15.1899995803833,1163100,0,0.0
2015-06-16,15.15999984741211,15.239999771118164,15.020000457763672,15.180000305175781,778600,0,0.0
2015-06-17,15.359999656677246,15.460000038146973,14.40999984741211,14.4399995803833,1877400,0,0.0
2015-06-18,14.470000267028809,14.609999656677246,13.8100004196167,13.979999542236328,2334100,0,0.0
2015-06-19,13.9399995803833,13.970000267028809,13.390000343322754,13.6899995803833,2331900,0,0.0
2015-06-22,13.75,14.010000228881836,13.609999656677246,13.90999984741211,1359600,0,0.0
2015-06-23,13.890000343322754,14.0600004196167,13.739999771118164,13.90999984741211,1234600,0,0.0
2015-06-24,13.84000015258789,13.970000267028809,13.029999732971191,13.40999984741211,2545500,0,0.0
2015-06-25,13.430000305175781,13.430000305175781,13.0,13.15999984741211,2116300,0,0.0
2015-06-26,13.170000076293945,13.170000076293945,12.729999542236328,13.109999656677246,4574900,0,0.0
2015-06-29,12.930000305175781,13.199999809265137,12.899999618530273,12.920000076293945,2194500,0,0.0
2015-06-30,13.0,13.0600004196167,12.449999809265137,12.630000114440918,1946800,0,0.0
2015-07-01,12.670000076293945,12.760000228881836,12.119999885559082,12.25,1740000,0,0.0
2015-07-02,12.199999809265137,12.59000015258789,12.15999984741211,12.390000343322754,1488000,0,0.0
2015-07-06,12.09000015258789,12.5,11.970000267028809,12.350000381469727,1890000,0,0.0
2015-07-07,12.300000190734863,12.779999732971191,12.029999732971191,12.619999885559082,1881300,0,0.0
2015-07-08,12.489999771118164,12.600000381469727,12.069999694824219,12.260000228881836,1253800,0,0.0
2015-07-09,12.510000228881836,12.529999732971191,12.199999809265137,12.210000038146973,1110400,0,0.0
2015-07-10,12.350000381469727,12.449999809265137,12.09000015258789,12.359999656677246,1658000,0,0.0
2015-07-13,12.34000015258789,12.6899995803833,12.210000038146973,12.579999923706055,1229400,0,0.0
2015-07-14,12.529999732971191,13.0,12.529999732971191,12.789999961853027,1731600,0,0.0
2015-07-15,12.699999809265137,12.770000457763672,12.289999961853027,12.380000114440918,1668000,0,0.0
2015-07-16,12.5,12.520000457763672,11.859999656677246,11.90999984741211,1581200,0,0.0
2015-07-17,11.90999984741211,11.90999984741211,11.479999542236328,11.539999961853027,1384300,0,0.0
2015-07-20,11.550000190734863,11.550000190734863,11.1899995803833,11.300000190734863,1670300,0,0.0
2015-07-21,10.279999732971191,10.279999732971191,9.109999656677246,9.399999618530273,5466700,0,0.0
2015-07-22,9.1899995803833,9.770000457763672,9.020000457763672,9.449999809265137,3524100,0,0.0
2015-07-23,9.470000267028809,9.510000228881836,8.9399995803833,9.239999771118164,2591200,0,0.0
2015-07-24,9.130000114440918,9.140000343322754,8.65999984741211,8.859999656677246,3301100,0,0.0
2015-07-27,8.6899995803833,8.9399995803833,8.430000305175781,8.460000038146973,2643900,0,0.0
2015-07-28,8.529999732971191,8.6899995803833,8.229999542236328,8.649999618530273,2720600,0,0.0
2015-07-29,8.520000457763672,8.819999694824219,8.479999542236328,8.539999961853027,2590300,0,0.0
2015-07-30,8.539999961853027,8.729999542236328,8.4399995803833,8.5,1936800,0,0.0
2015-07-31,8.4399995803833,8.579999923706055,8.329999923706055,8.369999885559082,1396400,0,0.0
2015-08-03,8.300000190734863,8.300000190734863,7.949999809265137,8.079999923706055,1780100,0,0.0
2015-08-04,8.15999984741211,8.260000228881836,7.730000019073486,7.75,1461400,0,0.0
2015-08-05,7.849999904632568,8.1899995803833,7.75,7.940000057220459,2465900,0,0.0
2015-08-06,7.869999885559082,8.539999961853027,7.849999904632568,8.470000267028809,2415500,0,0.0
2015-08-07,8.319999694824219,8.569999694824219,7.960000038146973,8.0,1296700,0,0.0
2015-08-10,8.010000228881836,8.319999694824219,7.960000038146973,8.260000228881836,2359900,0,0.0
2015-08-11,8.029999732971191,8.109999656677246,7.800000190734863,7.920000076293945,1484500,0,0.0
2015-08-12,7.909999847412109,8.140000343322754,7.550000190734863,7.690000057220459,2328200,0,0.0
2015-08-13,7.639999866485596,7.710000038146973,7.25,7.269999980926514,1846900,0,0.0
2015-08-14,7.269999980926514,7.510000228881836,7.25,7.28000020980835,1747200,0,0.0
2015-08-17,7.260000228881836,7.360000133514404,7.03000020980835,7.130000114440918,1428700,0,0.0
2015-08-18,7.110000133514404,7.150000095367432,6.659999847412109,6.789999961853027,1971400,0,0.0
2015-08-19,6.679999828338623,6.880000114440918,6.400000095367432,6.5,1830500,0,0.0
2015-08-20,6.510000228881836,6.630000114440918,6.010000228881836,6.059999942779541,1581800,0,0.0
2015-08-21,5.860000133514404,6.130000114440918,5.829999923706055,5.840000152587891,2069500,0,0.0
2015-08-24,5.309999942779541,5.840000152587891,5.309999942779541,5.550000190734863,2349200,0,0.0
2015-08-25,5.820000171661377,5.829999923706055,5.519999980926514,5.590000152587891,2044000,0,0.0
2015-08-26,5.900000095367432,6.059999942779541,5.730000019073486,5.829999923706055,2607500,0,0.0
2015-08-27,5.989999771118164,6.389999866485596,5.909999847412109,6.369999885559082,1970500,0,0.0
2015-08-28,6.320000171661377,6.699999809265137,6.239999771118164,6.5,2000800,0,0.0
2015-08-31,6.400000095367432,6.980000019073486,6.260000228881836,6.949999809265137,2731600,0,0.0
2015-09-01,6.670000076293945,6.980000019073486,6.559999942779541,6.690000057220459,3174700,0,0.0
2015-09-02,6.820000171661377,7.019999980926514,6.659999847412109,6.960000038146973,2888400,0,0.0
2015-09-03,7.010000228881836,7.099999904632568,6.610000133514404,6.78000020980835,2062000,0,0.0
2015-09-04,6.659999847412109,6.690000057220459,6.489999771118164,6.53000020980835,796000,0,0.0
2015-09-08,6.579999923706055,6.829999923706055,6.489999771118164,6.679999828338623,879800,0,0.0
2015-09-09,6.739999771118164,6.880000114440918,6.269999980926514,6.349999904632568,962100,0,0.0
2015-09-10,6.400000095367432,6.46999979019165,6.119999885559082,6.150000095367432,1245700,0,0.0
2015-09-11,6.039999961853027,6.039999961853027,5.809999942779541,5.889999866485596,2124700,0,0.0
2015-09-14,5.889999866485596,6.110000133514404,5.840000152587891,6.039999961853027,854000,0,0.0
2015-09-15,6.079999923706055,6.260000228881836,6.070000171661377,6.199999809265137,690800,0,0.0
2015-09-16,6.260000228881836,6.440000057220459,6.210000038146973,6.340000152587891,1568600,0,0.0
2015-09-17,6.320000171661377,6.389999866485596,6.110000133514404,6.150000095367432,1213600,0,0.0
2015-09-18,5.980000019073486,6.070000171661377,5.889999866485596,6.010000228881836,3136500,0,0.0
2015-09-21,6.079999923706055,6.119999885559082,5.920000076293945,5.940000057220459,1275200,0,0.0
2015-09-22,5.820000171661377,5.860000133514404,5.380000114440918,5.550000190734863,1780100,0,0.0
2015-09-23,5.579999923706055,5.630000114440918,5.239999771118164,5.260000228881836,1490800,0,0.0
2015-09-24,5.159999847412109,5.289999961853027,5.070000171661377,5.090000152587891,1790700,0,0.0
2015-09-25,5.159999847412109,5.179999828338623,4.619999885559082,5.010000228881836,2572200,0,0.0
2015-09-28,4.880000114440918,4.929999828338623,4.570000171661377,4.599999904632568,1707900,0,0.0
2015-09-29,4.659999847412109,4.949999809265137,4.630000114440918,4.869999885559082,1977400,0,0.0
2015-09-30,4.869999885559082,4.889999866485596,4.670000076293945,4.789999961853027,2067100,0,0.0
2015-10-01,4.869999885559082,5.010000228881836,4.659999847412109,4.840000152587891,14376000,0,0.0
2015-10-02,4.760000228881836,5.519999980926514,4.760000228881836,5.489999771118164,1972300,0,0.0
2015-10-05,5.559999942779541,5.980000019073486,5.559999942779541,5.880000114440918,2321100,0,0.0
2015-10-06,5.909999847412109,6.440000057220459,5.849999904632568,6.230000019073486,1987700,0,0.0
2015-10-07,6.320000171661377,6.559999942779541,5.989999771118164,6.070000171661377,3446300,0,0.0
2015-10-08,6.03000020980835,6.449999809265137,5.949999809265137,6.440000057220459,1685800,0,0.0
2015-10-09,6.429999828338623,6.71999979019165,6.190000057220459,6.630000114440918,2134700,0,0.0
2015-10-12,6.619999885559082,6.659999847412109,5.949999809265137,6.139999866485596,1744800,0,0.0
2015-10-13,6.039999961853027,6.230000019073486,5.889999866485596,5.900000095367432,1170500,0,0.0
2015-10-14,5.900000095367432,5.949999809265137,5.699999809265137,5.769999980926514,1822700,0,0.0
2015-10-15,5.75,5.909999847412109,5.599999904632568,5.860000133514404,2451900,0,0.0
2015-10-16,5.849999904632568,5.920000076293945,5.269999980926514,5.300000190734863,2106000,0,0.0
2015-10-19,5.119999885559082,5.559999942779541,5.099999904632568,5.170000076293945,2123800,0,0.0
2015-10-20,5.929999828338623,7.75,5.630000114440918,6.539999961853027,9946500,0,0.0
2015-10-21,6.510000228881836,6.739999771118164,5.809999942779541,6.550000190734863,4339600,0,0.0
2015-10-22,6.639999866485596,7.03000020980835,6.519999980926514,6.980000019073486,2749400,0,0.0
2015-10-23,6.960000038146973,6.960000038146973,6.21999979019165,6.389999866485596,3473600,0,0.0
2015-10-26,6.349999904632568,6.400000095367432,5.71999979019165,5.869999885559082,2400700,0,0.0
2015-10-27,5.739999771118164,5.849999904632568,5.519999980926514,5.570000171661377,1221000,0,0.0
2015-10-28,5.639999866485596,6.170000076293945,5.610000133514404,6.070000171661377,2186400,0,0.0
2015-10-29,5.929999828338623,6.210000038146973,5.559999942779541,5.590000152587891,1962600,0,0.0
2015-10-30,5.630000114440918,5.940000057220459,5.400000095367432,5.78000020980835,2290400,0,0.0
2015-11-02,5.590000152587891,6.059999942779541,5.570000171661377,6.019999980926514,1170800,0,0.0
2015-11-03,6.039999961853027,6.570000171661377,6.010000228881836,6.380000114440918,1425900,0,0.0
2015-11-04,6.400000095367432,6.489999771118164,6.079999923706055,6.230000019073486,948400,0,0.0
2015-11-05,6.170000076293945,6.349999904632568,6.03000020980835,6.199999809265137,837000,0,0.0
2015-11-06,6.119999885559082,6.5,6.019999980926514,6.480000019073486,968900,0,0.0
2015-11-09,6.46999979019165,6.690000057220459,6.150000095367432,6.289999961853027,1077300,0,0.0
2015-11-10,6.269999980926514,6.389999866485596,6.179999828338623,6.289999961853027,684100,0,0.0
2015-11-11,6.28000020980835,6.320000171661377,5.960000038146973,6.059999942779541,1113900,0,0.0
2015-11-12,5.900000095367432,6.159999847412109,5.809999942779541,5.829999923706055,808000,0,0.0
2015-11-13,5.75,5.929999828338623,5.570000171661377,5.929999828338623,990700,0,0.0
2015-11-16,5.909999847412109,6.309999942779541,5.71999979019165,6.300000190734863,935100,0,0.0
2015-11-17,6.260000228881836,6.260000228881836,5.639999866485596,5.710000038146973,1511600,0,0.0
2015-11-18,5.860000133514404,6.039999961853027,5.679999828338623,5.920000076293945,806600,0,0.0
2015-11-19,5.829999923706055,5.860000133514404,5.550000190734863,5.630000114440918,939500,0,0.0
2015-11-20,5.670000076293945,5.760000228881836,5.460000038146973,5.579999923706055,806100,0,0.0
2015-11-23,5.579999923706055,5.869999885559082,5.519999980926514,5.860000133514404,1093600,0,0.0
2015-11-24,5.949999809265137,6.519999980926514,5.889999866485596,6.449999809265137,1507100,0,0.0
2015-11-25,6.320000171661377,6.570000171661377,6.199999809265137,6.260000228881836,1226600,0,0.0
2015-11-27,6.179999828338623,6.25,6.010000228881836,6.050000190734863,349900,0,0.0
2015-11-30,6.25,6.53000020980835,6.039999961853027,6.480000019073486,1285900,0,0.0
2015-12-01,6.449999809265137,6.5,6.190000057220459,6.449999809265137,1075000,0,0.0
2015-12-02,6.329999923706055,6.619999885559082,6.050000190734863,6.159999847412109,1970500,0,0.0
2015-12-03,6.300000190734863,6.510000228881836,6.050000190734863,6.340000152587891,1071900,0,0.0
2015-12-04,6.170000076293945,6.320000171661377,5.860000133514404,5.960000038146973,1467000,0,0.0
2015-12-07,5.769999980926514,5.809999942779541,5.320000171661377,5.420000076293945,1158400,0,0.0
2015-12-08,5.110000133514404,5.360000133514404,5.03000020980835,5.289999961853027,1013700,0,0.0
2015-12-09,5.389999866485596,5.519999980926514,5.050000190734863,5.230000019073486,1202900,0,0.0
2015-12-10,5.170000076293945,5.360000133514404,5.110000133514404,5.329999923706055,1223100,0,0.0
2015-12-11,5.130000114440918,5.239999771118164,4.869999885559082,5.010000228881836,1300300,0,0.0
2015-12-14,4.940000057220459,5.070000171661377,4.869999885559082,4.949999809265137,1083300,0,0.0
2015-12-15,5.059999942779541,5.28000020980835,5.0,5.28000020980835,1297300,0,0.0
2015-12-16,5.179999828338623,5.400000095367432,5.119999885559082,5.170000076293945,1043500,0,0.0
2015-12-17,5.159999847412109,5.210000038146973,4.739999771118164,4.769999980926514,1196800,0,0.0
2015-12-18,4.75,4.78000020980835,4.619999885559082,4.71999979019165,2416000,0,0.0
2015-12-21,4.71999979019165,4.989999771118164,4.510000228881836,4.960000038146973,953000,0,0.0
2015-12-22,5.019999980926514,5.239999771118164,4.940000057220459,5.179999828338623,811100,0,0.0
2015-12-23,5.380000114440918,5.599999904632568,5.28000020980835,5.599999904632568,929600,0,0.0
2015-12-24,5.610000133514404,5.650000095367432,5.449999809265137,5.449999809265137,392300,0,0.0
2015-12-28,5.300000190734863,5.340000152587891,5.119999885559082,5.150000095367432,531800,0,0.0
2015-12-29,5.320000171661377,5.400000095367432,4.949999809265137,5.260000228881836,860700,0,0.0
2015-12-30,5.130000114440918,5.309999942779541,5.090000152587891,5.230000019073486,964700,0,0.0
2015-12-31,5.159999847412109,5.369999885559082,5.139999866485596,5.260000228881836,965600,0,0.0
2016-01-04,5.210000038146973,5.420000076293945,5.130000114440918,5.369999885559082,1188600,0,0.0
2016-01-05,5.369999885559082,5.400000095367432,5.190000057220459,5.239999771118164,941100,0,0.0
2016-01-06,5.039999961853027,5.099999904632568,4.920000076293945,4.96999979019165,1084600,0,0.0
2016-01-07,4.809999942779541,4.909999847412109,4.710000038146973,4.78000020980835,2221100,0,0.0
2016-01-08,4.820000171661377,4.869999885559082,4.599999904632568,4.829999923706055,1801400,0,0.0
2016-01-11,4.829999923706055,4.840000152587891,4.590000152587891,4.679999828338623,807800,0,0.0
2016-01-12,4.800000190734863,4.809999942779541,4.199999809265137,4.420000076293945,847000,0,0.0
2016-01-13,4.420000076293945,4.570000171661377,4.059999942779541,4.070000171661377,982700,0,0.0
2016-01-14,4.119999885559082,4.269999980926514,3.819999933242798,4.150000095367432,2301300,0,0.0
2016-01-15,3.8399999141693115,3.930000066757202,3.5199999809265137,3.7100000381469727,1281900,0,0.0
2016-01-19,3.700000047683716,3.759999990463257,3.140000104904175,3.180000066757202,1314000,0,0.0
2016-01-20,3.049999952316284,3.450000047683716,2.8299999237060547,3.380000114440918,1718000,0,0.0
2016-01-21,3.4600000381469727,3.690000057220459,3.3399999141693115,3.5,2043400,0,0.0
2016-01-22,3.700000047683716,3.859999895095825,3.3299999237060547,3.5399999618530273,2737100,0,0.0
2016-01-25,3.4600000381469727,3.4700000286102295,3.190000057220459,3.2799999713897705,1850900,0,0.0
2016-01-26,3.369999885559082,3.559999942779541,3.25,3.5299999713897705,719500,0,0.0
2016-01-27,3.4700000286102295,3.7799999713897705,3.440000057220459,3.569999933242798,1448600,0,0.0
2016-01-28,3.799999952316284,3.8399999141693115,3.4700000286102295,3.559999942779541,1009400,0,0.0
2016-01-29,3.5899999141693115,4.039999961853027,3.4600000381469727,4.03000020980835,2225100,0,0.0
2016-02-01,3.9200000762939453,4.019999980926514,3.809999942779541,3.9700000286102295,775500,0,0.0
2016-02-02,3.8299999237060547,3.8299999237060547,3.5399999618530273,3.6500000953674316,792600,0,0.0
2016-02-03,3.7200000286102295,3.799999952316284,3.4200000762939453,3.7799999713897705,1579900,0,0.0
2016-02-04,3.869999885559082,4.199999809265137,3.809999942779541,3.950000047683716,1477900,0,0.0
2016-02-05,3.880000114440918,4.190000057220459,3.8299999237060547,3.8399999141693115,980300,0,0.0
2016-02-08,3.7300000190734863,3.740000009536743,3.309999942779541,3.450000047683716,1071100,0,0.0
2016-02-09,3.369999885559082,3.369999885559082,3.1500000953674316,3.2899999618530273,1206300,0,0.0
2016-02-10,3.309999942779541,3.309999942779541,3.0,3.0,734000,0,0.0
2016-02-11,2.930000066757202,2.930000066757202,2.640000104904175,2.6500000953674316,1821800,0,0.0
2016-02-12,2.740000009536743,2.9600000381469727,2.5999999046325684,2.630000114440918,1481800,0,0.0
2016-02-16,2.819999933242798,3.0999999046325684,2.799999952316284,3.0199999809265137,1548200,0,0.0
2016-02-17,3.059999942779541,3.2799999713897705,3.0,3.180000066757202,1089400,0,0.0
2016-02-18,3.2100000381469727,3.259999990463257,3.049999952316284,3.1700000762939453,1172300,0,0.0
2016-02-19,3.109999895095825,3.1500000953674316,2.809999942779541,2.819999933242798,1319900,0,0.0
2016-02-22,2.930000066757202,3.2100000381469727,2.859999895095825,2.9600000381469727,1892800,0,0.0
2016-02-23,3.0999999046325684,3.9000000953674316,2.9600000381469727,3.5299999713897705,3531500,0,0.0
2016-02-24,3.430000066757202,3.630000114440918,3.0199999809265137,3.609999895095825,2126100,0,0.0
2016-02-25,3.390000104904175,3.4700000286102295,3.0999999046325684,3.3299999237060547,1418800,0,0.0
2016-02-26,3.440000057220459,3.7300000190734863,3.430000066757202,3.5799999237060547,1187000,0,0.0
2016-02-29,3.609999895095825,3.9200000762939453,3.5299999713897705,3.9000000953674316,1746400,0,0.0
2016-03-01,3.9800000190734863,4.320000171661377,3.8399999141693115,4.28000020980835,2377900,0,0.0
2016-03-02,4.28000020980835,4.429999828338623,4.110000133514404,4.429999828338623,1201800,0,0.0
2016-03-03,4.460000038146973,4.860000133514404,4.409999847412109,4.71999979019165,1713700,0,0.0
2016-03-04,4.789999961853027,5.239999771118164,4.449999809265137,4.550000190734863,2972900,0,0.0
2016-03-07,4.550000190734863,5.409999847412109,4.519999980926514,5.400000095367432,3434200,0,0.0
2016-03-08,5.25,5.309999942779541,4.460000038146973,4.730000019073486,1999100,0,0.0
2016-03-09,4.809999942779541,5.03000020980835,4.550000190734863,4.820000171661377,1221800,0,0.0
2016-03-10,4.75,4.820000171661377,4.590000152587891,4.630000114440918,1343300,0,0.0
2016-03-11,4.78000020980835,5.170000076293945,4.619999885559082,5.079999923706055,1381900,0,0.0
2016-03-14,4.989999771118164,5.070000171661377,4.809999942779541,4.909999847412109,1276700,0,0.0
2016-03-15,4.78000020980835,4.840000152587891,4.539999961853027,4.590000152587891,921600,0,0.0
2016-03-16,4.650000095367432,4.690000057220459,4.46999979019165,4.599999904632568,1174600,0,0.0
2016-03-17,4.960000038146973,5.849999904632568,4.960000038146973,5.480000019073486,4250500,0,0.0
2016-03-18,5.789999961853027,5.96999979019165,5.289999961853027,5.619999885559082,4300300,0,0.0
2016-03-21,5.53000020980835,6.090000152587891,5.519999980926514,6.050000190734863,1972500,0,0.0
2016-03-22,5.949999809265137,6.0,5.429999828338623,5.659999847412109,1589600,0,0.0
2016-03-23,5.539999961853027,5.71999979019165,5.300000190734863,5.300000190734863,1160600,0,0.0
2016-03-24,5.179999828338623,5.5,5.039999961853027,5.340000152587891,1954300,0,0.0
2016-03-28,5.699999809265137,5.730000019073486,5.440000057220459,5.570000171661377,1534300,0,0.0
2016-03-29,5.429999828338623,5.519999980926514,5.269999980926514,5.460000038146973,1323400,0,0.0
2016-03-30,5.53000020980835,5.619999885559082,5.25,5.46999979019165,1350700,0,0.0
2016-03-31,5.480000019073486,5.659999847412109,5.409999847412109,5.599999904632568,1195800,0,0.0
2016-04-01,5.380000114440918,5.559999942779541,5.239999771118164,5.409999847412109,1069200,0,0.0
2016-04-04,5.380000114440918,5.440000057220459,5.059999942779541,5.090000152587891,1561700,0,0.0
2016-04-05,5.010000228881836,5.170000076293945,4.929999828338623,5.090000152587891,1319900,0,0.0
2016-04-06,5.150000095367432,5.260000228881836,4.869999885559082,5.150000095367432,1622800,0,0.0
2016-04-07,5.110000133514404,5.269999980926514,5.010000228881836,5.119999885559082,1944300,0,0.0
2016-04-08,5.329999923706055,6.070000171661377,5.309999942779541,5.869999885559082,2390100,0,0.0
2016-04-11,5.849999904632568,6.119999885559082,5.800000190734863,5.920000076293945,1635500,0,0.0
2016-04-12,6.409999847412109,6.539999961853027,6.170000076293945,6.289999961853027,3284800,0,0.0
2016-04-13,6.360000133514404,6.849999904632568,6.269999980926514,6.710000038146973,2276700,0,0.0
2016-04-14,6.809999942779541,6.809999942779541,6.349999904632568,6.369999885559082,1979700,0,0.0
2016-04-15,6.369999885559082,6.53000020980835,6.239999771118164,6.340000152587891,2325000,0,0.0
2016-04-18,6.059999942779541,6.789999961853027,5.909999847412109,6.760000228881836,1331800,0,0.0
2016-04-19,6.929999828338623,7.28000020980835,6.849999904632568,7.28000020980835,2033800,0,0.0
2016-04-20,6.78000020980835,8.25,6.659999847412109,7.909999847412109,3310000,0,0.0
2016-04-21,8.100000381469727,8.34000015258789,7.559999942779541,7.980000019073486,3100300,0,0.0
2016-04-22,8.0,8.529999732971191,7.960000038146973,8.380000114440918,1936700,0,0.0
2016-04-25,8.300000190734863,8.569999694824219,8.0600004196167,8.229999542236328,1974700,0,0.0
2016-04-26,8.350000381469727,8.399999618530273,7.880000114440918,8.319999694824219,1819900,0,0.0
2016-04-27,8.359999656677246,8.869999885559082,8.34000015258789,8.609999656677246,1858000,0,0.0
2016-04-28,8.479999542236328,9.029999732971191,8.470000267028809,8.630000114440918,2360700,0,0.0
2016-04-29,8.770000457763672,9.069999694824219,8.4399995803833,8.630000114440918,3002400,0,0.0
2016-05-02,8.640000343322754,8.720000267028809,8.039999961853027,8.199999809265137,2072400,0,0.0
2016-05-03,7.989999771118164,8.050000190734863,7.369999885559082,7.46999979019165,2629000,0,0.0
2016-05-04,7.489999771118164,7.71999979019165,7.21999979019165,7.320000171661377,1665100,0,0.0
2016-05-05,7.75,7.75,7.21999979019165,7.239999771118164,1812900,0,0.0
2016-05-06,7.150000095367432,7.460000038146973,7.070000171661377,7.289999961853027,1790100,0,0.0
2016-05-09,7.170000076293945,7.199999809265137,6.5,6.929999828338623,1976200,0,0.0
2016-05-10,7.0,7.329999923706055,6.949999809265137,7.170000076293945,1456300,0,0.0
2016-05-11,7.079999923706055,7.489999771118164,6.889999866485596,7.150000095367432,979000,0,0.0
2016-05-12,7.260000228881836,7.460000038146973,6.849999904632568,7.150000095367432,1536200,0,0.0
2016-05-13,7.070000171661377,7.289999961853027,6.880000114440918,6.929999828338623,1648300,0,0.0
2016-05-16,7.139999866485596,7.429999828338623,7.079999923706055,7.289999961853027,1622800,0,0.0
2016-05-17,7.300000190734863,7.809999942779541,7.300000190734863,7.489999771118164,1991800,0,0.0
2016-05-18,7.420000076293945,7.539999961853027,7.110000133514404,7.179999828338623,1215400,0,0.0
2016-05-19,7.059999942779541,7.230000019073486,6.809999942779541,7.099999904632568,1232200,0,0.0
2016-05-20,7.159999847412109,7.630000114440918,7.130000114440918,7.570000171661377,1164800,0,0.0
2016-05-23,7.5,7.619999885559082,7.340000152587891,7.480000019073486,1020400,0,0.0
2016-05-24,7.599999904632568,7.599999904632568,7.28000020980835,7.449999809265137,980500,0,0.0
2016-05-25,7.570000171661377,8.170000076293945,7.510000228881836,8.119999885559082,1505900,0,0.0
2016-05-26,8.25,8.270000457763672,7.869999885559082,7.920000076293945,2012200,0,0.0
2016-05-27,7.880000114440918,7.909999847412109,7.610000133514404,7.829999923706055,1675000,0,0.0
2016-05-31,7.860000133514404,8.130000114440918,7.789999961853027,8.010000228881836,1977900,0,0.0
2016-06-01,7.880000114440918,8.119999885559082,7.559999942779541,8.0600004196167,2153300,0,0.0
2016-06-02,7.849999904632568,7.929999828338623,7.639999866485596,7.849999904632568,1696900,0,0.0
2016-06-03,7.869999885559082,8.079999923706055,7.619999885559082,8.010000228881836,2673200,0,0.0
2016-06-06,8.140000343322754,8.5,7.980000019073486,8.5,1827200,0,0.0
2016-06-07,8.5,8.65999984741211,8.34000015258789,8.619999885559082,1699500,0,0.0
2016-06-08,8.789999961853027,8.930000305175781,8.649999618530273,8.800000190734863,1913200,0,0.0
2016-06-09,8.609999656677246,8.609999656677246,8.180000305175781,8.180000305175781,1678600,0,0.0
2016-06-10,7.96999979019165,8.050000190734863,7.579999923706055,7.650000095367432,2123500,0,0.0
2016-06-13,7.409999847412109,7.71999979019165,7.369999885559082,7.53000020980835,1386800,0,0.0
2016-06-14,7.46999979019165,7.679999828338623,7.329999923706055,7.460000038146973,1217200,0,0.0
2016-06-15,7.449999809265137,7.670000076293945,7.230000019073486,7.420000076293945,1315100,0,0.0
2016-06-16,7.239999771118164,7.340000152587891,6.75,6.869999885559082,2328300,0,0.0
2016-06-17,6.860000133514404,7.480000019073486,6.829999923706055,7.199999809265137,2608300,0,0.0
2016-06-20,7.480000019073486,7.610000133514404,7.340000152587891,7.380000114440918,2074100,0,0.0
2016-06-21,7.400000095367432,7.420000076293945,7.010000228881836,7.079999923706055,1576800,0,0.0
2016-06-22,7.170000076293945,7.260000228881836,6.860000133514404,6.860000133514404,1122000,0,0.0
2016-06-23,7.090000152587891,7.170000076293945,6.869999885559082,6.949999809265137,1377100,0,0.0
2016-06-24,6.460000038146973,6.71999979019165,6.340000152587891,6.590000152587891,2056100,0,0.0
2016-06-27,6.460000038146973,6.5,6.019999980926514,6.03000020980835,2490600,0,0.0
2016-06-28,6.420000076293945,6.510000228881836,6.28000020980835,6.400000095367432,1389700,0,0.0
2016-06-29,6.599999904632568,6.679999828338623,6.320000171661377,6.550000190734863,2471800,0,0.0
2016-06-30,6.550000190734863,6.78000020980835,6.460000038146973,6.760000228881836,1885700,0,0.0
2016-07-01,6.75,7.460000038146973,6.690000057220459,7.429999828338623,1622400,0,0.0
2016-07-05,7.300000190734863,7.320000171661377,6.690000057220459,6.940000057220459,1579000,0,0.0
2016-07-06,6.920000076293945,7.139999866485596,6.789999961853027,6.96999979019165,1109000,0,0.0
2016-07-07,7.050000190734863,7.360000133514404,7.019999980926514,7.110000133514404,1698600,0,0.0
2016-07-08,7.269999980926514,7.650000095367432,7.269999980926514,7.380000114440918,1859400,0,0.0
2016-07-11,7.539999961853027,7.690000057220459,7.28000020980835,7.289999961853027,888500,0,0.0
2016-07-12,7.489999771118164,7.949999809265137,7.480000019073486,7.920000076293945,1844700,0,0.0
2016-07-13,7.949999809265137,8.039999961853027,6.980000019073486,7.079999923706055,2859400,0,0.0
2016-07-14,7.139999866485596,7.320000171661377,6.880000114440918,6.900000095367432,1759600,0,0.0
2016-07-15,6.929999828338623,6.96999979019165,6.480000019073486,6.75,1828600,0,0.0
2016-07-18,6.75,6.880000114440918,6.539999961853027,6.840000152587891,1419900,0,0.0
2016-07-19,6.789999961853027,7.320000171661377,6.710000038146973,7.03000020980835,2446800,0,0.0
2016-07-20,6.960000038146973,7.980000019073486,6.590000152587891,7.820000171661377,3866500,0,0.0
2016-07-21,7.829999923706055,8.369999885559082,7.559999942779541,7.659999847412109,2541200,0,0.0
2016-07-22,7.599999904632568,8.050000190734863,7.389999866485596,7.929999828338623,2833900,0,0.0
2016-07-25,7.800000190734863,7.849999904632568,7.130000114440918,7.21999979019165,2988500,0,0.0
2016-07-26,7.21999979019165,7.519999980926514,7.199999809265137,7.510000228881836,2313700,0,0.0
2016-07-27,7.579999923706055,7.869999885559082,7.550000190734863,7.679999828338623,2023700,0,0.0
2016-07-28,7.619999885559082,7.869999885559082,7.510000228881836,7.659999847412109,1237100,0,0.0
2016-07-29,7.480000019073486,7.949999809265137,7.409999847412109,7.940000057220459,1318700,0,0.0
2016-08-01,7.820000171661377,7.880000114440918,7.579999923706055,7.78000020980835,1638700,0,0.0
2016-08-02,7.849999904632568,8.0,7.690000057220459,7.940000057220459,1629100,0,0.0
2016-08-03,7.730000019073486,8.020000457763672,7.690000057220459,7.940000057220459,1075600,0,0.0
2016-08-04,7.940000057220459,8.0600004196167,7.809999942779541,7.889999866485596,708200,0,0.0
2016-08-05,7.920000076293945,8.260000228881836,7.800000190734863,8.25,1171400,0,0.0
2016-08-08,8.34000015258789,8.59000015258789,8.279999732971191,8.4399995803833,1457200,0,0.0
2016-08-09,8.5,8.539999961853027,8.170000076293945,8.3100004196167,1067600,0,0.0
2016-08-10,8.350000381469727,8.529999732971191,8.15999984741211,8.210000038146973,908600,0,0.0
2016-08-11,8.3100004196167,8.539999961853027,8.25,8.390000343322754,596300,0,0.0
2016-08-12,8.460000038146973,8.539999961853027,7.650000095367432,7.820000171661377,1992000,0,0.0
2016-08-15,7.909999847412109,8.220000267028809,7.860000133514404,8.079999923706055,1192600,0,0.0
2016-08-16,8.069999694824219,8.119999885559082,7.820000171661377,8.0600004196167,1039500,0,0.0
2016-08-17,7.980000019073486,8.050000190734863,7.71999979019165,8.010000228881836,1643100,0,0.0
2016-08-18,8.109999656677246,8.550000190734863,8.020000457763672,8.4399995803833,1550600,0,0.0
2016-08-19,8.369999885559082,8.6899995803833,8.079999923706055,8.329999923706055,1431300,0,0.0
2016-08-22,8.199999809265137,8.260000228881836,7.949999809265137,8.0,913500,0,0.0
2016-08-23,8.039999961853027,8.1899995803833,7.920000076293945,8.130000114440918,1029500,0,0.0
2016-08-24,7.980000019073486,8.100000381469727,7.389999866485596,7.46999979019165,1717500,0,0.0
2016-08-25,7.429999828338623,7.679999828338623,7.369999885559082,7.599999904632568,1417000,0,0.0
2016-08-26,7.679999828338623,7.809999942779541,7.340000152587891,7.489999771118164,1774100,0,0.0
2016-08-29,7.460000038146973,7.699999809265137,7.420000076293945,7.599999904632568,1087700,0,0.0
2016-08-30,7.579999923706055,7.880000114440918,7.579999923706055,7.800000190734863,1452400,0,0.0
2016-08-31,7.769999980926514,7.809999942779541,7.489999771118164,7.5,1835500,0,0.0
2016-09-01,7.489999771118164,7.519999980926514,7.079999923706055,7.5,1784000,0,0.0
2016-09-02,7.659999847412109,7.730000019073486,7.460000038146973,7.519999980926514,1977000,0,0.0
2016-09-06,7.599999904632568,7.679999828338623,7.46999979019165,7.610000133514404,1256600,0,0.0
2016-09-07,7.650000095367432,7.71999979019165,7.46999979019165,7.489999771118164,1079300,0,0.0
2016-09-08,7.559999942779541,7.760000228881836,7.449999809265137,7.690000057220459,1485100,0,0.0
2016-09-09,7.489999771118164,7.579999923706055,6.960000038146973,7.019999980926514,2079500,0,0.0
2016-09-12,6.880000114440918,7.269999980926514,6.75,7.230000019073486,2069400,0,0.0
2016-09-13,7.03000020980835,7.079999923706055,6.739999771118164,6.869999885559082,1962400,0,0.0
2016-09-14,6.860000133514404,7.039999961853027,6.71999979019165,6.800000190734863,1224800,0,0.0
2016-09-15,6.820000171661377,6.960000038146973,6.710000038146973,6.869999885559082,996400,0,0.0
2016-09-16,6.730000019073486,6.980000019073486,6.619999885559082,6.929999828338623,2455500,0,0.0
2016-09-19,7.050000190734863,7.159999847412109,6.900000095367432,7.059999942779541,1582700,0,0.0
2016-09-20,7.03000020980835,7.139999866485596,6.860000133514404,6.989999771118164,1347000,0,0.0
2016-09-21,7.21999979019165,7.380000114440918,7.059999942779541,7.369999885559082,1340900,0,0.0
2016-09-22,7.550000190734863,7.639999866485596,7.349999904632568,7.429999828338623,1071600,0,0.0
2016-09-23,7.389999866485596,7.550000190734863,7.130000114440918,7.21999979019165,927200,0,0.0
2016-09-26,7.289999961853027,7.539999961853027,7.239999771118164,7.400000095367432,1092200,0,0.0
2016-09-27,7.230000019073486,7.25,7.070000171661377,7.130000114440918,1578100,0,0.0
2016-09-28,7.199999809265137,7.75,7.099999904632568,7.75,3078800,0,0.0
2016-09-29,7.909999847412109,8.069999694824219,7.769999980926514,7.949999809265137,2198800,0,0.0
2016-09-30,8.069999694824219,8.300000190734863,7.829999923706055,8.130000114440918,1890500,0,0.0
2016-10-03,8.130000114440918,8.619999885559082,8.050000190734863,8.600000381469727,2785000,0,0.0
2016-10-04,8.550000190734863,8.6899995803833,8.25,8.279999732971191,2428600,0,0.0
2016-10-05,8.470000267028809,9.050000190734863,8.460000038146973,8.850000381469727,1825900,0,0.0
2016-10-06,9.0600004196167,9.170000076293945,8.8100004196167,8.979999542236328,2102000,0,0.0
2016-10-07,9.109999656677246,9.619999885559082,9.0600004196167,9.15999984741211,3172200,0,0.0
2016-10-10,9.279999732971191,9.699999809265137,9.279999732971191,9.59000015258789,1552100,0,0.0
2016-10-11,9.5,9.510000228881836,9.25,9.350000381469727,1783500,0,0.0
2016-10-12,9.3100004196167,9.489999771118164,9.180000305175781,9.329999923706055,1110000,0,0.0
2016-10-13,9.149999618530273,9.699999809265137,9.100000381469727,9.270000457763672,1389200,0,0.0
2016-10-14,9.350000381469727,9.520000457763672,9.1899995803833,9.460000038146973,1891900,0,0.0
2016-10-17,9.489999771118164,9.489999771118164,9.3100004196167,9.420000076293945,1263400,0,0.0
2016-10-18,9.609999656677246,9.699999809265137,9.489999771118164,9.529999732971191,1719100,0,0.0
2016-10-19,9.65999984741211,9.869999885559082,9.479999542236328,9.760000228881836,2907900,0,0.0
2016-10-20,9.989999771118164,10.960000038146973,9.119999885559082,9.920000076293945,4371300,0,0.0
2016-10-21,9.779999732971191,10.539999961853027,9.649999618530273,10.069999694824219,2462100,0,0.0
2016-10-24,10.09000015258789,10.1899995803833,9.710000038146973,10.079999923706055,2535200,0,0.0
2016-10-25,10.180000305175781,10.25,9.779999732971191,9.819999694824219,2010600,0,0.0
2016-10-26,9.600000381469727,9.899999618530273,9.520000457763672,9.75,1747400,0,0.0
2016-10-27,9.800000190734863,10.050000190734863,9.630000114440918,9.770000457763672,2506600,0,0.0
2016-10-28,9.760000228881836,9.890000343322754,8.890000343322754,9.0,6888000,0,0.0
2016-10-31,9.039999961853027,9.09000015258789,8.569999694824219,8.720000267028809,3936200,0,0.0
2016-11-01,8.90999984741211,9.029999732971191,8.470000267028809,8.609999656677246,2257300,0,0.0
2016-11-02,8.5,8.510000228881836,8.140000343322754,8.369999885559082,2504300,0,0.0
2016-11-03,8.5,8.65999984741211,8.399999618530273,8.59000015258789,2157600,0,0.0
2016-11-04,8.460000038146973,8.630000114440918,8.300000190734863,8.4399995803833,2324600,0,0.0
2016-11-07,8.729999542236328,9.0,8.670000076293945,8.859999656677246,1738800,0,0.0
2016-11-08,8.720000267028809,8.979999542236328,8.600000381469727,8.869999885559082,1263800,0,0.0
2016-11-09,8.84000015258789,9.199999809265137,8.800000190734863,9.09000015258789,1680300,0,0.0
2016-11-10,9.079999923706055,9.399999618530273,9.039999961853027,9.319999694824219,1390300,0,0.0
2016-11-11,9.220000267028809,9.489999771118164,9.130000114440918,9.460000038146973,1294000,0,0.0
2016-11-14,9.460000038146973,9.680000305175781,9.300000190734863,9.680000305175781,1233600,0,0.0
2016-11-15,9.850000381469727,10.109999656677246,9.739999771118164,9.819999694824219,1770500,0,0.0
2016-11-16,9.800000190734863,9.920000076293945,9.630000114440918,9.869999885559082,1326100,0,0.0
2016-11-17,9.869999885559082,10.1899995803833,9.710000038146973,9.729999542236328,800700,0,0.0
2016-11-18,9.760000228881836,9.970000267028809,9.760000228881836,9.880000114440918,965500,0,0.0
2016-11-21,10.479999542236328,10.479999542236328,9.880000114440918,9.949999809265137,2536300,0,0.0
2016-11-22,10.029999732971191,10.079999923706055,9.579999923706055,9.84000015258789,1957700,0,0.0
2016-11-23,9.6899995803833,10.239999771118164,9.640000343322754,10.229999542236328,1259000,0,0.0
2016-11-25,10.170000076293945,10.229999542236328,9.930000305175781,10.0,601000,0,0.0
2016-11-28,10.0600004196167,10.109999656677246,9.460000038146973,9.489999771118164,1047400,0,0.0
2016-11-29,9.180000305175781,9.289999961853027,8.920000076293945,9.149999618530273,1688800,0,0.0
2016-11-30,10.220000267028809,10.859999656677246,10.130000114440918,10.449999809265137,3713200,0,0.0
2016-12-01,10.699999809265137,11.4399995803833,10.470000267028809,11.09000015258789,2957100,0,0.0
2016-12-02,10.920000076293945,11.460000038146973,10.920000076293945,11.210000038146973,2579800,0,0.0
2016-12-05,11.420000076293945,11.779999732971191,11.420000076293945,11.539999961853027,1367400,0,0.0
2016-12-06,11.390000343322754,11.869999885559082,11.3100004196167,11.710000038146973,1428900,0,0.0
2016-12-07,11.710000038146973,11.710000038146973,11.069999694824219,11.130000114440918,2119400,0,0.0
2016-12-08,11.210000038146973,11.210000038146973,10.350000381469727,10.520000457763672,2507500,0,0.0
2016-12-09,10.600000381469727,10.960000038146973,10.579999923706055,10.699999809265137,1452500,0,0.0
2016-12-12,10.949999809265137,11.15999984741211,10.220000267028809,10.270000457763672,1800400,0,0.0
2016-12-13,10.489999771118164,10.579999923706055,10.1899995803833,10.3100004196167,1656600,0,0.0
2016-12-14,10.170000076293945,10.5600004196167,9.949999809265137,10.15999984741211,2040400,0,0.0
2016-12-15,10.050000190734863,10.529999732971191,9.90999984741211,10.4399995803833,1698000,0,0.0
2016-12-16,10.479999542236328,10.5,9.930000305175781,9.960000038146973,3776800,0,0.0
2016-12-19,10.020000457763672,10.069999694824219,9.800000190734863,10.010000228881836,1372400,0,0.0
2016-12-20,10.130000114440918,10.350000381469727,10.039999961853027,10.100000381469727,1517400,0,0.0
2016-12-21,10.199999809265137,10.199999809265137,9.520000457763672,9.550000190734863,1257000,0,0.0
2016-12-22,9.600000381469727,9.739999771118164,9.25,9.270000457763672,1188500,0,0.0
2016-12-23,9.289999961853027,9.449999809265137,9.199999809265137,9.329999923706055,1258300,0,0.0
2016-12-27,9.420000076293945,9.649999618530273,9.329999923706055,9.40999984741211,865100,0,0.0
2016-12-28,9.4399995803833,9.460000038146973,9.0,9.029999732971191,1099200,0,0.0
2016-12-29,9.029999732971191,9.149999618530273,8.65999984741211,8.670000076293945,1042400,0,0.0
2016-12-30,8.670000076293945,8.960000038146973,8.640000343322754,8.819999694824219,1948100,0,0.0
2017-01-03,8.970000267028809,9.470000267028809,8.960000038146973,9.359999656677246,1855800,0,0.0
2017-01-04,9.380000114440918,9.819999694824219,9.350000381469727,9.6899995803833,1272100,0,0.0
2017-01-05,9.6899995803833,9.6899995803833,8.9399995803833,9.300000190734863,27548100,0,0.0
2017-01-06,9.279999732971191,9.600000381469727,9.079999923706055,9.520000457763672,5925800,0,0.0
2017-01-09,9.1899995803833,9.369999885559082,9.039999961853027,9.34000015258789,5383000,0,0.0
2017-01-10,9.300000190734863,9.399999618530273,8.390000343322754,8.720000267028809,7312200,0,0.0
2017-01-11,8.75,8.960000038146973,8.510000228881836,8.65999984741211,3605500,0,0.0
2017-01-12,8.729999542236328,8.789999961853027,8.319999694824219,8.529999732971191,2120400,0,0.0
2017-01-13,8.5,8.600000381469727,8.199999809265137,8.479999542236328,3403700,0,0.0
2017-01-17,8.539999961853027,8.670000076293945,8.279999732971191,8.5600004196167,2517800,0,0.0
2017-01-18,8.449999809265137,8.569999694824219,8.359999656677246,8.5,1695800,0,0.0
2017-01-19,8.529999732971191,8.619999885559082,8.449999809265137,8.539999961853027,1265400,0,0.0
2017-01-20,8.649999618530273,8.890000343322754,8.550000190734863,8.579999923706055,2172500,0,0.0
2017-01-23,8.5,8.5,8.140000343322754,8.25,1953800,0,0.0
2017-01-24,8.329999923706055,8.369999885559082,7.889999866485596,8.020000457763672,2778900,0,0.0
2017-01-25,8.069999694824219,8.460000038146973,8.069999694824219,8.390000343322754,3222600,0,0.0
2017-01-26,8.470000267028809,8.649999618530273,8.470000267028809,8.640000343322754,2746700,0,0.0
2017-01-27,8.5600004196167,8.649999618530273,8.329999923706055,8.399999618530273,1118600,0,0.0
2017-01-30,8.329999923706055,8.329999923706055,7.929999828338623,8.1899995803833,2161900,0,0.0
2017-01-31,8.25,8.520000457763672,8.119999885559082,8.479999542236328,4511700,0,0.0
2017-02-01,8.579999923706055,8.600000381469727,7.980000019073486,8.239999771118164,2362700,0,0.0
2017-02-02,8.4399995803833,8.4399995803833,7.949999809265137,8.039999961853027,2175200,0,0.0
2017-02-03,8.050000190734863,8.329999923706055,7.809999942779541,8.260000228881836,2942100,0,0.0
2017-02-06,8.260000228881836,8.260000228881836,7.949999809265137,8.050000190734863,2064900,0,0.0
2017-02-07,8.039999961853027,8.050000190734863,7.630000114440918,7.659999847412109,3318000,0,0.0
2017-02-08,7.53000020980835,7.670000076293945,7.28000020980835,7.5,2995500,0,0.0
2017-02-09,7.579999923706055,7.760000228881836,7.559999942779541,7.619999885559082,3150600,0,0.0
2017-02-10,7.75,7.789999961853027,7.570000171661377,7.639999866485596,2430800,0,0.0
2017-02-13,7.639999866485596,7.699999809265137,7.480000019073486,7.489999771118164,3627300,0,0.0
2017-02-14,7.519999980926514,8.210000038146973,7.480000019073486,8.199999809265137,7350700,0,0.0
2017-02-15,8.180000305175781,8.350000381469727,7.900000095367432,7.96999979019165,1866500,0,0.0
2017-02-16,7.96999979019165,8.029999732971191,7.71999979019165,7.730000019073486,1926500,0,0.0
2017-02-17,7.690000057220459,7.75,7.389999866485596,7.409999847412109,2384100,0,0.0
2017-02-21,8.069999694824219,8.729999542236328,8.0,8.5,6651000,0,0.0
2017-02-22,8.5,8.550000190734863,8.170000076293945,8.279999732971191,2849200,0,0.0
2017-02-23,8.449999809265137,8.640000343322754,8.199999809265137,8.369999885559082,2760600,0,0.0
2017-02-24,8.229999542236328,8.380000114440918,8.0,8.09000015258789,2159900,0,0.0
2017-02-27,8.180000305175781,8.649999618530273,8.140000343322754,8.609999656677246,2800500,0,0.0
2017-02-28,8.489999771118164,8.59000015258789,8.1899995803833,8.260000228881836,2240000,0,0.0
2017-03-01,8.399999618530273,8.630000114440918,8.390000343322754,8.579999923706055,2551600,0,0.0
2017-03-02,8.579999923706055,8.579999923706055,8.180000305175781,8.1899995803833,840300,0,0.0
2017-03-03,8.180000305175781,8.270000457763672,7.949999809265137,8.010000228881836,1223100,0,0.0
2017-03-06,7.929999828338623,7.929999828338623,7.539999961853027,7.889999866485596,1357900,0,0.0
2017-03-07,7.900000095367432,7.980000019073486,7.519999980926514,7.579999923706055,1430300,0,0.0
2017-03-08,7.539999961853027,7.590000152587891,7.309999942779541,7.389999866485596,2158800,0,0.0
2017-03-09,7.25,7.360000133514404,7.070000171661377,7.260000228881836,2898200,0,0.0
2017-03-10,7.369999885559082,7.630000114440918,7.21999979019165,7.610000133514404,2503700,0,0.0
2017-03-13,7.610000133514404,7.699999809265137,7.340000152587891,7.559999942779541,2161500,0,0.0
2017-03-14,7.389999866485596,7.389999866485596,7.070000171661377,7.230000019073486,1455800,0,0.0
2017-03-15,7.380000114440918,7.670000076293945,7.320000171661377,7.579999923706055,2302600,0,0.0
2017-03-16,7.590000152587891,7.679999828338623,7.389999866485596,7.400000095367432,1291400,0,0.0
2017-03-17,7.460000038146973,7.489999771118164,7.260000228881836,7.360000133514404,3144900,0,0.0
2017-03-20,7.260000228881836,7.46999979019165,7.139999866485596,7.46999979019165,2210400,0,0.0
2017-03-21,7.510000228881836,7.510000228881836,7.159999847412109,7.170000076293945,1393800,0,0.0
2017-03-22,7.079999923706055,7.239999771118164,6.909999847412109,7.110000133514404,2031600,0,0.0
2017-03-23,7.090000152587891,7.199999809265137,6.909999847412109,7.130000114440918,1544600,0,0.0
2017-03-24,7.159999847412109,7.269999980926514,7.039999961853027,7.039999961853027,1294900,0,0.0
2017-03-27,6.929999828338623,7.039999961853027,6.869999885559082,6.940000057220459,1885100,0,0.0
2017-03-28,7.019999980926514,7.349999904632568,6.889999866485596,7.289999961853027,1713400,0,0.0
2017-03-29,7.28000020980835,7.599999904632568,7.28000020980835,7.559999942779541,1802400,0,0.0
2017-03-30,7.630000114440918,7.730000019073486,7.510000228881836,7.539999961853027,1844700,0,0.0
2017-03-31,7.519999980926514,7.809999942779541,7.519999980926514,7.769999980926514,1585200,0,0.0
2017-04-03,7.989999771118164,8.109999656677246,7.519999980926514,7.619999885559082,1789600,0,0.0
2017-04-04,7.650000095367432,7.800000190734863,7.559999942779541,7.760000228881836,1243900,0,0.0
2017-04-05,7.889999866485596,7.96999979019165,7.400000095367432,7.53000020980835,2577300,0,0.0
2017-04-06,7.599999904632568,7.840000152587891,7.46999979019165,7.789999961853027,2033900,0,0.0
2017-04-07,7.769999980926514,7.860000133514404,7.420000076293945,7.539999961853027,2264500,0,0.0
2017-04-10,7.590000152587891,7.920000076293945,7.539999961853027,7.829999923706055,1268500,0,0.0
2017-04-11,7.820000171661377,7.869999885559082,7.679999828338623,7.869999885559082,1382200,0,0.0
2017-04-12,7.829999923706055,7.940000057220459,7.429999828338623,7.489999771118164,2071800,0,0.0
2017-04-13,7.460000038146973,7.519999980926514,7.25,7.320000171661377,1853600,0,0.0
2017-04-17,7.360000133514404,7.590000152587891,7.260000228881836,7.579999923706055,3213300,0,0.0
2017-04-18,7.489999771118164,7.820000171661377,7.429999828338623,7.670000076293945,1650700,0,0.0
2017-04-19,7.71999979019165,7.739999771118164,7.28000020980835,7.289999961853027,2093400,0,0.0
2017-04-20,7.369999885559082,7.519999980926514,7.21999979019165,7.28000020980835,2688000,0,0.0
2017-04-21,7.21999979019165,7.260000228881836,6.960000038146973,7.090000152587891,2116300,0,0.0
2017-04-24,7.039999961853027,7.039999961853027,6.03000020980835,6.059999942779541,6934400,0,0.0
2017-04-25,6.070000171661377,6.260000228881836,5.949999809265137,6.239999771118164,4330000,0,0.0
2017-04-26,6.199999809265137,6.559999942779541,6.159999847412109,6.260000228881836,3307000,0,0.0
2017-04-27,6.159999847412109,6.179999828338623,5.820000171661377,6.139999866485596,2514200,0,0.0
2017-04-28,6.25,6.28000020980835,6.110000133514404,6.119999885559082,1291000,0,0.0
2017-05-01,6.059999942779541,6.269999980926514,6.03000020980835,6.25,2983000,0,0.0
2017-05-02,6.260000228881836,6.320000171661377,6.050000190734863,6.079999923706055,1485400,0,0.0
2017-05-03,6.03000020980835,6.130000114440918,5.96999979019165,6.059999942779541,1593100,0,0.0
2017-05-04,5.960000038146973,5.960000038146973,5.670000076293945,5.679999828338623,1924800,0,0.0
2017-05-05,5.679999828338623,5.880000114440918,5.619999885559082,5.829999923706055,2090300,0,0.0
2017-05-08,5.829999923706055,5.920000076293945,5.71999979019165,5.869999885559082,1752200,0,0.0
2017-05-09,5.900000095367432,5.96999979019165,5.840000152587891,5.860000133514404,1205000,0,0.0
2017-05-10,5.940000057220459,6.190000057220459,5.889999866485596,6.079999923706055,1644200,0,0.0
2017-05-11,6.110000133514404,6.139999866485596,5.929999828338623,6.0,864100,0,0.0
2017-05-12,5.980000019073486,6.0,5.679999828338623,5.690000057220459,871900,0,0.0
2017-05-15,5.909999847412109,6.090000152587891,5.889999866485596,5.940000057220459,1307900,0,0.0
2017-05-16,5.989999771118164,6.010000228881836,5.849999904632568,5.909999847412109,782600,0,0.0
2017-05-17,5.909999847412109,5.989999771118164,5.699999809265137,5.829999923706055,1703900,0,0.0
2017-05-18,5.75,5.800000190734863,5.550000190734863,5.650000095367432,2544200,0,0.0
2017-05-19,5.739999771118164,6.019999980926514,5.730000019073486,5.929999828338623,1574700,0,0.0
2017-05-22,6.019999980926514,6.079999923706055,5.820000171661377,5.869999885559082,1000500,0,0.0
2017-05-23,5.889999866485596,5.889999866485596,5.769999980926514,5.829999923706055,1164600,0,0.0
2017-05-24,5.809999942779541,5.820000171661377,5.599999904632568,5.690000057220459,1130000,0,0.0
2017-05-25,5.690000057220459,5.769999980926514,5.230000019073486,5.239999771118164,1667800,0,0.0
2017-05-26,5.25,5.25,5.130000114440918,5.170000076293945,1759600,0,0.0
2017-05-30,5.159999847412109,5.179999828338623,5.039999961853027,5.070000171661377,1685300,0,0.0
2017-05-31,5.03000020980835,5.03000020980835,4.820000171661377,4.980000019073486,2294500,0,0.0
2017-06-01,5.010000228881836,5.119999885559082,4.929999828338623,5.110000133514404,3042300,0,0.0
2017-06-02,5.050000190734863,5.099999904632568,4.840000152587891,4.900000095367432,1809800,0,0.0
2017-06-05,5.199999809265137,5.690000057220459,5.199999809265137,5.5,4188500,0,0.0
2017-06-06,5.5,5.809999942779541,5.320000171661377,5.75,2600600,0,0.0
2017-06-07,5.599999904632568,5.75,5.380000114440918,5.539999961853027,2343400,0,0.0
2017-06-08,5.480000019073486,5.610000133514404,5.409999847412109,5.420000076293945,1184100,0,0.0
2017-06-09,5.46999979019165,5.630000114440918,5.300000190734863,5.400000095367432,2844900,0,0.0
2017-06-12,5.550000190734863,5.960000038146973,5.550000190734863,5.679999828338623,1975200,0,0.0
2017-06-13,5.670000076293945,5.929999828338623,5.570000171661377,5.829999923706055,1999900,0,0.0
2017-06-14,5.78000020980835,5.800000190734863,5.360000133514404,5.460000038146973,1175000,0,0.0
2017-06-15,5.360000133514404,5.480000019073486,5.25,5.28000020980835,855000,0,0.0
2017-06-16,5.289999961853027,5.420000076293945,5.179999828338623,5.400000095367432,2164400,0,0.0
2017-06-19,5.420000076293945,5.420000076293945,5.260000228881836,5.400000095367432,1139100,0,0.0
2017-06-20,5.289999961853027,5.309999942779541,5.130000114440918,5.28000020980835,1049400,0,0.0
2017-06-21,5.21999979019165,5.230000019073486,4.869999885559082,4.980000019073486,1399400,0,0.0
2017-06-22,4.989999771118164,5.159999847412109,4.989999771118164,5.070000171661377,677300,0,0.0
2017-06-23,5.110000133514404,5.199999809265137,5.0,5.130000114440918,1589800,0,0.0
2017-06-26,5.159999847412109,5.28000020980835,5.079999923706055,5.159999847412109,1087600,0,0.0
2017-06-27,5.199999809265137,5.320000171661377,5.090000152587891,5.119999885559082,1288600,0,0.0
2017-06-28,5.059999942779541,5.480000019073486,5.059999942779541,5.349999904632568,1702400,0,0.0
2017-06-29,5.409999847412109,5.800000190734863,5.349999904632568,5.53000020980835,1930300,0,0.0
2017-06-30,5.590000152587891,5.639999866485596,5.389999866485596,5.639999866485596,2030000,0,0.0
2017-07-03,5.739999771118164,5.940000057220459,5.710000038146973,5.760000228881836,1165600,0,0.0
2017-07-05,5.670000076293945,5.690000057220459,5.349999904632568,5.440000057220459,1339200,0,0.0
2017-07-06,5.480000019073486,5.53000020980835,5.28000020980835,5.320000171661377,1376300,0,0.0
2017-07-07,5.28000020980835,5.309999942779541,5.070000171661377,5.170000076293945,1447800,0,0.0
2017-07-10,5.099999904632568,5.449999809265137,5.079999923706055,5.420000076293945,1403900,0,0.0
2017-07-11,5.420000076293945,5.5,5.210000038146973,5.420000076293945,1517300,0,0.0
2017-07-12,5.519999980926514,5.659999847412109,5.340000152587891,5.389999866485596,1046700,0,0.0
2017-07-13,5.400000095367432,5.570000171661377,5.340000152587891,5.539999961853027,874100,0,0.0
2017-07-14,5.559999942779541,5.739999771118164,5.550000190734863,5.699999809265137,970400,0,0.0
2017-07-17,5.670000076293945,5.820000171661377,5.670000076293945,5.710000038146973,976100,0,0.0
2017-07-18,5.769999980926514,5.78000020980835,5.590000152587891,5.710000038146973,1274400,0,0.0
2017-07-19,5.699999809265137,6.159999847412109,5.670000076293945,6.139999866485596,1364200,0,0.0
2017-07-20,6.159999847412109,6.21999979019165,5.940000057220459,5.980000019073486,1814000,0,0.0
2017-07-21,6.03000020980835,6.070000171661377,5.670000076293945,5.690000057220459,1650700,0,0.0
2017-07-24,5.610000133514404,5.940000057220459,5.369999885559082,5.909999847412109,2118200,0,0.0
2017-07-25,6.119999885559082,6.369999885559082,5.96999979019165,6.090000152587891,2249800,0,0.0
2017-07-26,6.179999828338623,6.260000228881836,5.820000171661377,6.039999961853027,2165200,0,0.0
2017-07-27,6.070000171661377,6.409999847412109,5.949999809265137,6.340000152587891,2583000,0,0.0
2017-07-28,6.320000171661377,6.679999828338623,6.260000228881836,6.420000076293945,1686800,0,0.0
2017-07-31,6.380000114440918,6.559999942779541,6.260000228881836,6.539999961853027,1311300,0,0.0
2017-08-01,6.510000228881836,6.539999961853027,6.320000171661377,6.440000057220459,1566800,0,0.0
2017-08-02,6.349999904632568,6.360000133514404,6.170000076293945,6.309999942779541,1290500,0,0.0
2017-08-03,6.300000190734863,6.389999866485596,6.119999885559082,6.139999866485596,1297700,0,0.0
2017-08-04,6.190000057220459,6.340000152587891,6.190000057220459,6.260000228881836,984400,0,0.0
2017-08-07,6.199999809265137,6.199999809265137,6.019999980926514,6.03000020980835,1046400,0,0.0
2017-08-08,5.989999771118164,6.21999979019165,5.929999828338623,6.0,1004400,0,0.0
2017-08-09,6.03000020980835,6.079999923706055,5.829999923706055,5.940000057220459,1117200,0,0.0
2017-08-10,5.980000019073486,6.130000114440918,5.809999942779541,5.849999904632568,922800,0,0.0
2017-08-11,5.739999771118164,5.980000019073486,5.659999847412109,5.840000152587891,1190500,0,0.0
2017-08-14,5.860000133514404,5.929999828338623,5.75,5.869999885559082,703500,0,0.0
2017-08-15,5.800000190734863,5.800000190734863,5.570000171661377,5.769999980926514,950700,0,0.0
2017-08-16,5.789999961853027,5.889999866485596,5.630000114440918,5.659999847412109,1286600,0,0.0
2017-08-17,5.639999866485596,5.849999904632568,5.639999866485596,5.739999771118164,1555800,0,0.0
2017-08-18,5.659999847412109,5.989999771118164,5.659999847412109,5.909999847412109,859300,0,0.0
2017-08-21,5.840000152587891,5.96999979019165,5.800000190734863,5.929999828338623,1088300,0,0.0
2017-08-22,5.960000038146973,6.139999866485596,5.909999847412109,6.079999923706055,1132700,0,0.0
2017-08-23,6.039999961853027,6.21999979019165,5.989999771118164,6.139999866485596,834900,0,0.0
2017-08-24,6.099999904632568,6.21999979019165,6.050000190734863,6.099999904632568,535500,0,0.0
2017-08-25,6.150000095367432,6.480000019073486,6.090000152587891,6.449999809265137,1136500,0,0.0
2017-08-28,6.460000038146973,6.519999980926514,6.230000019073486,6.300000190734863,1206000,0,0.0
2017-08-29,6.21999979019165,6.340000152587891,6.139999866485596,6.289999961853027,962400,0,0.0
2017-08-30,6.239999771118164,6.329999923706055,6.150000095367432,6.28000020980835,1212800,0,0.0
2017-08-31,6.329999923706055,6.5,6.230000019073486,6.269999980926514,1247600,0,0.0
2017-09-01,6.269999980926514,6.460000038146973,6.21999979019165,6.460000038146973,990800,0,0.0
2017-09-05,6.539999961853027,6.699999809265137,6.489999771118164,6.679999828338623,1123500,0,0.0
2017-09-06,6.71999979019165,6.820000171661377,6.679999828338623,6.800000190734863,946000,0,0.0
2017-09-07,6.78000020980835,6.829999923706055,6.610000133514404,6.78000020980835,897200,0,0.0
2017-09-08,6.75,6.789999961853027,6.309999942779541,6.440000057220459,1105300,0,0.0
2017-09-11,6.460000038146973,6.690000057220459,6.389999866485596,6.630000114440918,1021100,0,0.0
2017-09-12,6.659999847412109,7.070000171661377,6.650000095367432,7.019999980926514,1238000,0,0.0
2017-09-13,7.050000190734863,7.460000038146973,7.03000020980835,7.309999942779541,1754100,0,0.0
2017-09-14,7.360000133514404,7.539999961853027,7.269999980926514,7.349999904632568,959200,0,0.0
2017-09-15,7.380000114440918,7.380000114440918,7.21999979019165,7.360000133514404,2565500,0,0.0
2017-09-18,7.329999923706055,7.480000019073486,7.28000020980835,7.389999866485596,1255100,0,0.0
2017-09-19,7.409999847412109,7.46999979019165,7.360000133514404,7.409999847412109,1285400,0,0.0
2017-09-20,7.480000019073486,7.78000020980835,7.480000019073486,7.71999979019165,1238700,0,0.0
2017-09-21,7.679999828338623,7.679999828338623,7.460000038146973,7.539999961853027,815300,0,0.0
2017-09-22,7.460000038146973,7.659999847412109,7.360000133514404,7.460000038146973,1215000,0,0.0
2017-09-25,7.619999885559082,7.739999771118164,7.380000114440918,7.53000020980835,2075800,0,0.0
2017-09-26,7.46999979019165,7.630000114440918,7.380000114440918,7.519999980926514,1454700,0,0.0
2017-09-27,7.190000057220459,7.380000114440918,7.010000228881836,7.21999979019165,2879000,0,0.0
2017-09-28,7.300000190734863,7.389999866485596,7.159999847412109,7.369999885559082,2182600,0,0.0
2017-09-29,7.28000020980835,7.460000038146973,7.21999979019165,7.389999866485596,1692700,0,0.0
2017-10-02,7.199999809265137,7.239999771118164,6.889999866485596,7.010000228881836,2165000,0,0.0
2017-10-03,7.010000228881836,7.099999904632568,6.980000019073486,7.079999923706055,1601500,0,0.0
2017-10-04,7.110000133514404,7.119999885559082,6.820000171661377,6.869999885559082,1721200,0,0.0
2017-10-05,6.869999885559082,7.019999980926514,6.849999904632568,6.909999847412109,1731800,0,0.0
2017-10-06,6.710000038146973,6.809999942779541,6.5,6.630000114440918,1511700,0,0.0
2017-10-09,6.630000114440918,7.510000228881836,6.539999961853027,7.309999942779541,4778800,0,0.0
2017-10-10,7.429999828338623,7.789999961853027,7.420000076293945,7.639999866485596,3262300,0,0.0
2017-10-11,7.679999828338623,7.96999979019165,7.610000133514404,7.849999904632568,2768600,0,0.0
2017-10-12,7.840000152587891,8.09000015258789,7.769999980926514,7.769999980926514,2314800,0,0.0
2017-10-13,7.900000095367432,8.020000457763672,7.860000133514404,7.860000133514404,1055300,0,0.0
2017-10-16,7.949999809265137,7.980000019073486,7.690000057220459,7.880000114440918,1582100,0,0.0
2017-10-17,7.869999885559082,7.980000019073486,7.739999771118164,7.820000171661377,1518800,0,0.0
2017-10-18,7.849999904632568,7.949999809265137,7.800000190734863,7.900000095367432,1778100,0,0.0
2017-10-19,7.789999961853027,8.039999961853027,7.730000019073486,7.889999866485596,1574900,0,0.0
2017-10-20,7.96999979019165,7.980000019073486,7.75,7.760000228881836,1730500,0,0.0
2017-10-23,7.619999885559082,7.769999980926514,6.710000038146973,7.110000133514404,6536400,0,0.0
2017-10-24,7.21999979019165,7.21999979019165,6.949999809265137,7.039999961853027,2026300,0,0.0
2017-10-25,6.989999771118164,7.059999942779541,6.75,6.940000057220459,1753300,0,0.0
2017-10-26,6.940000057220459,6.980000019073486,6.699999809265137,6.96999979019165,2412300,0,0.0
2017-10-27,6.909999847412109,7.019999980926514,6.769999980926514,6.980000019073486,1428900,0,0.0
2017-10-30,6.960000038146973,7.059999942779541,6.699999809265137,6.730000019073486,1826500,0,0.0
2017-10-31,6.730000019073486,6.829999923706055,6.650000095367432,6.820000171661377,1773900,0,0.0
2017-11-01,6.940000057220459,7.119999885559082,6.829999923706055,6.909999847412109,1403500,0,0.0
2017-11-02,6.960000038146973,7.059999942779541,6.889999866485596,7.010000228881836,1374300,0,0.0
2017-11-03,7.03000020980835,7.159999847412109,6.960000038146973,7.150000095367432,1155600,0,0.0
2017-11-06,7.210000038146973,7.610000133514404,7.210000038146973,7.5,1701100,0,0.0
2017-11-07,7.550000190734863,7.590000152587891,7.329999923706055,7.360000133514404,1762100,0,0.0
2017-11-08,7.289999961853027,7.46999979019165,7.25,7.320000171661377,1699700,0,0.0
2017-11-09,7.239999771118164,7.510000228881836,7.239999771118164,7.460000038146973,1067700,0,0.0
2017-11-10,7.429999828338623,7.570000171661377,7.190000057220459,7.25,1217400,0,0.0
2017-11-13,7.179999828338623,7.179999828338623,6.860000133514404,6.869999885559082,1775300,0,0.0
2017-11-14,6.800000190734863,6.829999923706055,6.480000019073486,6.5,1428000,0,0.0
2017-11-15,6.369999885559082,6.449999809265137,6.199999809265137,6.360000133514404,1206000,0,0.0
2017-11-16,6.309999942779541,6.460000038146973,6.260000228881836,6.360000133514404,1387400,0,0.0
2017-11-17,6.409999847412109,6.789999961853027,6.380000114440918,6.739999771118164,1592900,0,0.0
2017-11-20,6.690000057220459,6.829999923706055,6.639999866485596,6.789999961853027,1263200,0,0.0
2017-11-21,6.849999904632568,6.989999771118164,6.710000038146973,6.849999904632568,1257600,0,0.0
2017-11-22,6.989999771118164,7.139999866485596,6.909999847412109,6.980000019073486,876900,0,0.0
2017-11-24,7.039999961853027,7.099999904632568,6.800000190734863,6.909999847412109,492000,0,0.0
2017-11-27,6.869999885559082,6.900000095367432,6.71999979019165,6.809999942779541,1493100,0,0.0
2017-11-28,6.769999980926514,6.829999923706055,6.679999828338623,6.760000228881836,1766600,0,0.0
2017-11-29,6.760000228881836,6.820000171661377,6.53000020980835,6.710000038146973,1030900,0,0.0
2017-11-30,6.809999942779541,6.920000076293945,6.559999942779541,6.650000095367432,1741500,0,0.0
2017-12-01,6.800000190734863,6.920000076293945,6.590000152587891,6.920000076293945,1874000,0,0.0
2017-12-04,6.920000076293945,7.03000020980835,6.760000228881836,6.789999961853027,849600,0,0.0
2017-12-05,6.760000228881836,6.849999904632568,6.610000133514404,6.650000095367432,1135900,0,0.0
2017-12-06,6.599999904632568,6.650000095367432,6.340000152587891,6.369999885559082,1422700,0,0.0
2017-12-07,6.360000133514404,6.449999809265137,6.320000171661377,6.349999904632568,2119900,0,0.0
2017-12-08,6.46999979019165,6.599999904632568,6.409999847412109,6.5,871900,0,0.0
2017-12-11,6.519999980926514,6.730000019073486,6.46999979019165,6.710000038146973,1450200,0,0.0
2017-12-12,6.760000228881836,6.900000095367432,6.739999771118164,6.840000152587891,1158200,0,0.0
2017-12-13,6.849999904632568,6.96999979019165,6.650000095367432,6.679999828338623,943000,0,0.0
2017-12-14,6.599999904632568,6.820000171661377,6.579999923706055,6.75,1050400,0,0.0
2017-12-15,6.789999961853027,6.800000190734863,6.570000171661377,6.630000114440918,3500400,0,0.0
2017-12-18,6.670000076293945,6.929999828338623,6.670000076293945,6.849999904632568,1749600,0,0.0
2017-12-19,6.860000133514404,7.059999942779541,6.800000190734863,6.869999885559082,2158400,0,0.0
2017-12-20,6.929999828338623,7.190000057220459,6.829999923706055,7.179999828338623,1135300,0,0.0
2017-12-21,7.179999828338623,7.710000038146973,7.119999885559082,7.639999866485596,1566600,0,0.0
2017-12-22,7.659999847412109,7.730000019073486,7.489999771118164,7.579999923706055,1027900,0,0.0
2017-12-26,7.599999904632568,7.71999979019165,7.5,7.659999847412109,773000,0,0.0
2017-12-27,7.639999866485596,7.679999828338623,7.5,7.550000190734863,699300,0,0.0
2017-12-28,7.550000190734863,7.579999923706055,7.460000038146973,7.539999961853027,714800,0,0.0
2017-12-29,7.559999942779541,7.639999866485596,7.420000076293945,7.539999961853027,810500,0,0.0
2018-01-02,7.579999923706055,7.670000076293945,7.400000095367432,7.639999866485596,1485000,0,0.0
2018-01-03,7.679999828338623,8.079999923706055,7.679999828338623,8.0,1234000,0,0.0
2018-01-04,8.039999961853027,8.239999771118164,7.96999979019165,8.180000305175781,921500,0,0.0
2018-01-05,8.180000305175781,8.199999809265137,8.0600004196167,8.119999885559082,1071200,0,0.0
2018-01-08,8.079999923706055,8.369999885559082,7.929999828338623,8.289999961853027,1653300,0,0.0
2018-01-09,8.34000015258789,8.390000343322754,7.949999809265137,8.1899995803833,1467000,0,0.0
2018-01-10,8.25,8.289999961853027,8.010000228881836,8.149999618530273,1094400,0,0.0
2018-01-11,8.34000015258789,8.489999771118164,8.170000076293945,8.34000015258789,1391700,0,0.0
2018-01-12,8.319999694824219,8.699999809265137,8.300000190734863,8.680000305175781,1587400,0,0.0
2018-01-16,8.34000015258789,8.489999771118164,7.809999942779541,8.220000267028809,2214400,0,0.0
2018-01-17,8.270000457763672,8.4399995803833,8.239999771118164,8.279999732971191,1137400,0,0.0
2018-01-18,8.25,8.300000190734863,8.020000457763672,8.029999732971191,1183500,0,0.0
2018-01-19,7.940000057220459,8.180000305175781,7.909999847412109,8.140000343322754,890900,0,0.0
2018-01-22,8.210000038146973,8.289999961853027,8.180000305175781,8.279999732971191,1043600,0,0.0
2018-01-23,8.270000457763672,8.399999618530273,8.25,8.399999618530273,910000,0,0.0
2018-01-24,8.420000076293945,8.449999809265137,8.069999694824219,8.270000457763672,1613800,0,0.0
2018-01-25,8.359999656677246,8.399999618530273,8.050000190734863,8.130000114440918,1608700,0,0.0
2018-01-26,8.170000076293945,8.199999809265137,8.039999961853027,8.079999923706055,783200,0,0.0
2018-01-29,7.989999771118164,8.069999694824219,7.78000020980835,7.800000190734863,856000,0,0.0
2018-01-30,7.71999979019165,7.730000019073486,7.489999771118164,7.650000095367432,708600,0,0.0
2018-01-31,7.699999809265137,7.730000019073486,7.440000057220459,7.53000020980835,904800,0,0.0
2018-02-01,7.539999961853027,7.699999809265137,7.380000114440918,7.550000190734863,3373600,0,0.0
2018-02-02,7.409999847412109,7.739999771118164,7.199999809265137,7.440000057220459,1591800,0,0.0
2018-02-05,7.269999980926514,7.579999923706055,7.050000190734863,7.070000171661377,1065000,0,0.0
2018-02-06,6.900000095367432,7.309999942779541,6.739999771118164,7.21999979019165,1691800,0,0.0
2018-02-07,7.230000019073486,7.349999904632568,6.929999828338623,6.980000019073486,915600,0,0.0
2018-02-08,7.0,7.0,6.659999847412109,6.670000076293945,1039000,0,0.0
2018-02-09,6.829999923706055,6.900000095367432,6.269999980926514,6.599999904632568,1411500,0,0.0
2018-02-12,6.699999809265137,6.909999847412109,6.519999980926514,6.820000171661377,1138400,0,0.0
2018-02-13,6.710000038146973,6.880000114440918,6.650000095367432,6.829999923706055,798800,0,0.0
2018-02-14,6.710000038146973,7.050000190734863,6.670000076293945,6.960000038146973,981300,0,0.0
2018-02-15,6.940000057220459,7.099999904632568,6.869999885559082,6.960000038146973,925200,0,0.0
2018-02-16,6.900000095367432,7.039999961853027,6.880000114440918,6.960000038146973,958700,0,0.0
2018-02-20,7.0,7.079999923706055,6.409999847412109,6.449999809265137,2162600,0,0.0
2018-02-21,6.400000095367432,6.5,6.199999809265137,6.300000190734863,1432200,0,0.0
2018-02-22,6.400000095367432,6.690000057220459,6.360000133514404,6.480000019073486,758300,0,0.0
2018-02-23,6.559999942779541,6.610000133514404,6.429999828338623,6.599999904632568,703900,0,0.0
2018-02-26,6.619999885559082,6.679999828338623,6.409999847412109,6.599999904632568,1843700,0,0.0
2018-02-27,6.599999904632568,6.739999771118164,6.360000133514404,6.360000133514404,940900,0,0.0
2018-02-28,6.389999866485596,6.400000095367432,5.960000038146973,5.960000038146973,1233000,0,0.0
2018-03-01,5.949999809265137,6.110000133514404,5.900000095367432,5.980000019073486,1139100,0,0.0
2018-03-02,5.909999847412109,6.130000114440918,5.829999923706055,6.090000152587891,762100,0,0.0
2018-03-05,6.03000020980835,6.309999942779541,6.03000020980835,6.300000190734863,639600,0,0.0
2018-03-06,6.340000152587891,6.489999771118164,6.210000038146973,6.25,728800,0,0.0
2018-03-07,6.159999847412109,6.320000171661377,6.010000228881836,6.179999828338623,761100,0,0.0
2018-03-08,6.179999828338623,6.28000020980835,6.139999866485596,6.230000019073486,662500,0,0.0
2018-03-09,6.309999942779541,6.5,6.309999942779541,6.449999809265137,1184400,0,0.0
2018-03-12,6.440000057220459,6.559999942779541,6.440000057220459,6.519999980926514,630800,0,0.0
2018-03-13,6.550000190734863,6.659999847412109,6.5,6.53000020980835,862500,0,0.0
2018-03-14,6.090000152587891,6.25,5.619999885559082,6.050000190734863,7235900,0,0.0
2018-03-15,6.099999904632568,6.199999809265137,5.989999771118164,6.019999980926514,2887200,0,0.0
2018-03-16,6.039999961853027,6.150000095367432,5.889999866485596,6.139999866485596,3108100,0,0.0
2018-03-19,6.090000152587891,6.139999866485596,5.889999866485596,5.949999809265137,1349000,0,0.0
2018-03-20,5.980000019073486,6.039999961853027,5.889999866485596,5.960000038146973,814800,0,0.0
2018-03-21,6.010000228881836,6.389999866485596,5.920000076293945,6.28000020980835,1550400,0,0.0
2018-03-22,6.159999847412109,6.230000019073486,6.070000171661377,6.070000171661377,2548500,0,0.0
2018-03-23,6.110000133514404,6.269999980926514,5.989999771118164,5.989999771118164,1716000,0,0.0
2018-03-26,6.099999904632568,6.110000133514404,5.849999904632568,6.03000020980835,2880800,0,0.0
2018-03-27,6.050000190734863,6.190000057220459,5.789999961853027,5.820000171661377,1869300,0,0.0
2018-03-28,5.820000171661377,5.900000095367432,5.710000038146973,5.730000019073486,1433400,0,0.0
2018-03-29,5.769999980926514,5.840000152587891,5.679999828338623,5.789999961853027,1801000,0,0.0
2018-04-02,5.690000057220459,5.769999980926514,5.449999809265137,5.519999980926514,1355300,0,0.0
2018-04-03,5.570000171661377,5.639999866485596,5.440000057220459,5.590000152587891,1364100,0,0.0
2018-04-04,5.46999979019165,5.920000076293945,5.460000038146973,5.860000133514404,1720100,0,0.0
2018-04-05,5.869999885559082,6.119999885559082,5.869999885559082,6.090000152587891,1475000,0,0.0
2018-04-06,6.03000020980835,6.139999866485596,5.840000152587891,5.909999847412109,1213500,0,0.0
2018-04-09,5.960000038146973,5.960000038146973,5.690000057220459,5.710000038146973,1204200,0,0.0
2018-04-10,5.820000171661377,6.179999828338623,5.820000171661377,6.099999904632568,1726400,0,0.0
2018-04-11,6.099999904632568,6.429999828338623,6.070000171661377,6.380000114440918,989200,0,0.0
2018-04-12,6.380000114440918,6.400000095367432,6.269999980926514,6.389999866485596,665200,0,0.0
2018-04-13,6.429999828338623,6.429999828338623,6.309999942779541,6.329999923706055,776300,0,0.0
2018-04-16,6.329999923706055,6.329999923706055,6.210000038146973,6.269999980926514,1316700,0,0.0
2018-04-17,6.269999980926514,6.269999980926514,6.079999923706055,6.239999771118164,992400,0,0.0
2018-04-18,6.329999923706055,6.579999923706055,6.300000190734863,6.489999771118164,2407500,0,0.0
2018-04-19,6.519999980926514,6.579999923706055,6.420000076293945,6.480000019073486,1139100,0,0.0
2018-04-20,6.440000057220459,6.5,6.329999923706055,6.489999771118164,1209100,0,0.0
2018-04-23,6.420000076293945,6.480000019073486,6.110000133514404,6.25,1553800,0,0.0
2018-04-24,6.599999904632568,7.289999961853027,6.599999904632568,7.050000190734863,4397900,0,0.0
2018-04-25,7.380000114440918,7.699999809265137,7.239999771118164,7.579999923706055,3809100,0,0.0
2018-04-26,7.860000133514404,7.96999979019165,7.699999809265137,7.920000076293945,4237600,0,0.0
2018-04-27,7.849999904632568,8.140000343322754,7.78000020980835,7.860000133514404,2682200,0,0.0
2018-04-30,7.820000171661377,7.829999923706055,7.670000076293945,7.71999979019165,1836400,0,0.0
2018-05-01,7.630000114440918,7.730000019073486,7.429999828338623,7.539999961853027,3541100,0,0.0
2018-05-02,7.510000228881836,7.860000133514404,7.510000228881836,7.78000020980835,1747400,0,0.0
2018-05-03,7.75,7.789999961853027,7.46999979019165,7.539999961853027,1168700,0,0.0
2018-05-04,7.550000190734863,7.75,7.519999980926514,7.650000095367432,842000,0,0.0
2018-05-07,7.699999809265137,7.889999866485596,7.659999847412109,7.690000057220459,1210300,0,0.0
2018-05-08,7.659999847412109,7.769999980926514,7.460000038146973,7.769999980926514,1037300,0,0.0
2018-05-09,7.889999866485596,8.239999771118164,7.869999885559082,8.079999923706055,1798800,0,0.0
2018-05-10,8.0600004196167,8.109999656677246,7.929999828338623,8.09000015258789,971800,0,0.0
2018-05-11,8.09000015258789,8.140000343322754,8.0,8.0,570800,0,0.0
2018-05-14,8.0,8.09000015258789,7.889999866485596,7.960000038146973,1601000,0,0.0
2018-05-15,7.96999979019165,8.039999961853027,7.900000095367432,8.0,631500,0,0.0
2018-05-16,8.010000228881836,8.140000343322754,8.010000228881836,8.069999694824219,908200,0,0.0
2018-05-17,8.130000114440918,8.359999656677246,8.109999656677246,8.300000190734863,1019100,0,0.0
2018-05-18,8.329999923706055,8.4399995803833,8.260000228881836,8.399999618530273,2451900,0,0.0
2018-05-21,8.430000305175781,8.550000190734863,8.15999984741211,8.210000038146973,1138900,0,0.0
2018-05-22,8.210000038146973,8.3100004196167,7.989999771118164,8.050000190734863,858100,0,0.0
2018-05-23,7.909999847412109,7.980000019073486,7.800000190734863,7.800000190734863,714300,0,0.0
2018-05-24,7.659999847412109,7.820000171661377,7.579999923706055,7.75,1016300,0,0.0
2018-05-25,7.5,7.559999942779541,7.340000152587891,7.550000190734863,927700,0,0.0
2018-05-29,7.420000076293945,7.650000095367432,7.369999885559082,7.480000019073486,1024400,0,0.0
2018-05-30,7.53000020980835,7.829999923706055,7.53000020980835,7.699999809265137,974400,0,0.0
2018-05-31,7.650000095367432,7.71999979019165,7.53000020980835,7.599999904632568,541800,0,0.0
2018-06-01,7.650000095367432,7.710000038146973,7.590000152587891,7.619999885559082,910600,0,0.0
2018-06-04,7.659999847412109,7.739999771118164,7.320000171661377,7.389999866485596,1217000,0,0.0
2018-06-05,7.369999885559082,7.619999885559082,7.369999885559082,7.590000152587891,1227800,0,0.0
2018-06-06,7.599999904632568,7.889999866485596,7.599999904632568,7.639999866485596,2407200,0,0.0
2018-06-07,7.739999771118164,8.15999984741211,7.710000038146973,8.130000114440918,2044300,0,0.0
2018-06-08,8.130000114440918,8.140000343322754,7.809999942779541,7.809999942779541,885500,0,0.0
2018-06-11,7.71999979019165,7.71999979019165,7.53000020980835,7.659999847412109,1063800,0,0.0
2018-06-12,7.690000057220459,7.730000019073486,7.599999904632568,7.650000095367432,973100,0,0.0
2018-06-13,7.619999885559082,7.670000076293945,7.510000228881836,7.559999942779541,1053000,0,0.0
2018-06-14,7.630000114440918,7.630000114440918,7.389999866485596,7.420000076293945,743600,0,0.0
2018-06-15,7.329999923706055,7.329999923706055,7.139999866485596,7.179999828338623,2700400,0,0.0
2018-06-18,7.159999847412109,7.380000114440918,7.159999847412109,7.329999923706055,1357700,0,0.0
2018-06-19,7.239999771118164,7.440000057220459,7.170000076293945,7.400000095367432,686100,0,0.0
2018-06-20,7.460000038146973,7.46999979019165,7.320000171661377,7.420000076293945,365100,0,0.0
2018-06-21,7.349999904632568,7.360000133514404,7.130000114440918,7.159999847412109,583000,0,0.0
2018-06-22,7.480000019073486,7.710000038146973,7.449999809265137,7.630000114440918,1542900,0,0.0
2018-06-25,7.730000019073486,7.800000190734863,7.510000228881836,7.519999980926514,1707200,0,0.0
2018-06-26,7.480000019073486,7.730000019073486,7.409999847412109,7.650000095367432,1854000,0,0.0
2018-06-27,7.78000020980835,8.4399995803833,7.71999979019165,8.260000228881836,2820800,0,0.0
2018-06-28,8.270000457763672,8.489999771118164,8.1899995803833,8.449999809265137,2781900,0,0.0
2018-06-29,8.5,8.869999885559082,8.319999694824219,8.329999923706055,5086400,0,0.0
2018-07-02,8.25,8.25,7.909999847412109,8.100000381469727,4091100,0,0.0
2018-07-03,8.279999732971191,8.319999694824219,8.039999961853027,8.0600004196167,456300,0,0.0
2018-07-05,8.130000114440918,8.130000114440918,7.909999847412109,7.96999979019165,702100,0,0.0
2018-07-06,7.889999866485596,8.09000015258789,7.869999885559082,8.010000228881836,752800,0,0.0
2018-07-09,8.0600004196167,8.430000305175781,8.010000228881836,8.380000114440918,1419300,0,0.0
2018-07-10,8.489999771118164,8.579999923706055,8.34000015258789,8.569999694824219,1095500,0,0.0
2018-07-11,8.449999809265137,8.770000457763672,8.399999618530273,8.4399995803833,1325000,0,0.0
2018-07-12,8.479999542236328,8.479999542236328,8.100000381469727,8.40999984741211,849400,0,0.0
2018-07-13,8.470000267028809,8.609999656677246,8.390000343322754,8.529999732971191,1228100,0,0.0
2018-07-16,8.4399995803833,8.579999923706055,8.380000114440918,8.5600004196167,811500,0,0.0
2018-07-17,8.5600004196167,8.699999809265137,8.40999984741211,8.649999618530273,884500,0,0.0
2018-07-18,8.579999923706055,8.65999984741211,8.329999923706055,8.630000114440918,945500,0,0.0
2018-07-19,8.5600004196167,8.739999771118164,8.5600004196167,8.609999656677246,804100,0,0.0
2018-07-20,8.710000038146973,8.760000228881836,8.470000267028809,8.710000038146973,1089900,0,0.0
2018-07-23,8.770000457763672,8.789999961853027,8.520000457763672,8.75,1268100,0,0.0
2018-07-24,9.5,9.579999923706055,8.770000457763672,8.989999771118164,2390200,0,0.0
2018-07-25,9.069999694824219,9.569999694824219,8.84000015258789,9.260000228881836,2558300,0,0.0
2018-07-26,9.239999771118164,9.989999771118164,9.239999771118164,9.850000381469727,3150500,0,0.0
2018-07-27,9.869999885559082,10.25,9.819999694824219,9.9399995803833,2504600,0,0.0
2018-07-30,10.0600004196167,10.420000076293945,10.0600004196167,10.270000457763672,3048600,0,0.0
2018-07-31,10.260000228881836,10.390000343322754,9.979999542236328,10.010000228881836,2173600,0,0.0
2018-08-01,9.890000343322754,10.119999885559082,9.84000015258789,9.989999771118164,1740500,0,0.0
2018-08-02,9.850000381469727,9.850000381469727,9.430000305175781,9.489999771118164,2218700,0,0.0
2018-08-03,9.489999771118164,9.619999885559082,9.270000457763672,9.289999961853027,1138200,0,0.0
2018-08-06,9.350000381469727,9.489999771118164,9.300000190734863,9.359999656677246,1862400,0,0.0
2018-08-07,9.510000228881836,9.5600004196167,9.270000457763672,9.289999961853027,2343600,0,0.0
2018-08-08,9.229999542236328,9.380000114440918,9.199999809265137,9.289999961853027,1045400,0,0.0
2018-08-09,9.300000190734863,9.420000076293945,9.210000038146973,9.34000015258789,961400,0,0.0
2018-08-10,9.319999694824219,9.470000267028809,9.199999809265137,9.430000305175781,1263000,0,0.0
2018-08-13,9.399999618530273,9.399999618530273,9.039999961853027,9.0600004196167,887800,0,0.0
2018-08-14,9.180000305175781,9.369999885559082,9.180000305175781,9.220000267028809,710600,0,0.0
2018-08-15,9.119999885559082,9.180000305175781,8.710000038146973,8.859999656677246,886300,0,0.0
2018-08-16,8.90999984741211,9.020000457763672,8.850000381469727,8.920000076293945,738600,0,0.0
2018-08-17,8.90999984741211,9.020000457763672,8.869999885559082,8.9399995803833,768600,0,0.0
2018-08-20,8.899999618530273,9.050000190734863,8.819999694824219,8.970000267028809,1513600,0,0.0
2018-08-21,9.119999885559082,9.239999771118164,9.050000190734863,9.0600004196167,1321000,0,0.0
2018-08-22,9.15999984741211,9.260000228881836,9.109999656677246,9.15999984741211,788500,0,0.0
2018-08-23,9.079999923706055,9.180000305175781,9.020000457763672,9.119999885559082,482300,0,0.0
2018-08-24,9.210000038146973,9.300000190734863,9.199999809265137,9.210000038146973,588700,0,0.0
2018-08-27,9.220000267028809,9.399999618530273,9.170000076293945,9.1899995803833,465100,0,0.0
2018-08-28,9.199999809265137,9.279999732971191,9.0,9.020000457763672,569600,0,0.0
2018-08-29,9.020000457763672,9.329999923706055,8.989999771118164,9.289999961853027,825800,0,0.0
2018-08-30,9.260000228881836,9.300000190734863,9.100000381469727,9.1899995803833,440800,0,0.0
2018-08-31,9.149999618530273,9.359999656677246,9.069999694824219,9.359999656677246,589600,0,0.0
2018-09-04,9.359999656677246,9.550000190734863,9.25,9.529999732971191,1070700,0,0.0
2018-09-05,9.460000038146973,9.479999542236328,9.130000114440918,9.289999961853027,689900,0,0.0
2018-09-06,9.270000457763672,9.3100004196167,8.729999542236328,8.819999694824219,876500,0,0.0
2018-09-07,8.699999809265137,8.90999984741211,8.5600004196167,8.869999885559082,854900,0,0.0
2018-09-10,8.920000076293945,9.1899995803833,8.899999618530273,9.100000381469727,788000,0,0.0
2018-09-11,9.119999885559082,9.229999542236328,9.020000457763672,9.100000381469727,690700,0,0.0
2018-09-12,9.25,9.289999961853027,9.130000114440918,9.149999618530273,984200,0,0.0
2018-09-13,9.130000114440918,9.149999618530273,8.869999885559082,8.890000343322754,714300,0,0.0
2018-09-14,8.899999618530273,9.100000381469727,8.8100004196167,9.010000228881836,1449200,0,0.0
2018-09-17,9.010000228881836,9.130000114440918,9.0,9.079999923706055,1497700,0,0.0
2018-09-18,9.199999809265137,9.5,9.199999809265137,9.300000190734863,1552700,0,0.0
2018-09-19,9.300000190734863,9.720000267028809,9.279999732971191,9.600000381469727,1269300,0,0.0
2018-09-20,9.729999542236328,9.84000015258789,9.649999618530273,9.789999961853027,1320500,0,0.0
2018-09-21,9.850000381469727,9.960000038146973,9.720000267028809,9.739999771118164,2473300,0,0.0
2018-09-24,9.770000457763672,9.9399995803833,9.550000190734863,9.729999542236328,981100,0,0.0
2018-09-25,9.829999923706055,9.880000114440918,9.579999923706055,9.609999656677246,653500,0,0.0
2018-09-26,9.34000015258789,9.649999618530273,9.34000015258789,9.489999771118164,630300,0,0.0
2018-09-27,9.569999694824219,9.630000114440918,9.40999984741211,9.550000190734863,539600,0,0.0
2018-09-28,9.5,9.930000305175781,9.5,9.880000114440918,1165700,0,0.0
2018-10-01,9.979999542236328,10.0,9.739999771118164,9.880000114440918,947500,0,0.0
2018-10-02,9.859999656677246,9.9399995803833,9.75,9.920000076293945,1664100,0,0.0
2018-10-03,9.920000076293945,10.180000305175781,9.869999885559082,10.119999885559082,1132700,0,0.0
2018-10-04,10.010000228881836,10.289999961853027,9.989999771118164,10.100000381469727,1412700,0,0.0
2018-10-05,10.09000015258789,10.300000190734863,10.020000457763672,10.210000038146973,1057100,0,0.0
2018-10-08,10.039999961853027,10.329999923706055,10.039999961853027,10.3100004196167,653700,0,0.0
2018-10-09,10.390000343322754,10.890000343322754,10.369999885559082,10.779999732971191,2062400,0,0.0
2018-10-10,10.770000457763672,10.779999732971191,10.0600004196167,10.180000305175781,2143600,0,0.0
2018-10-11,9.970000267028809,10.3100004196167,9.75,9.84000015258789,2006900,0,0.0
2018-10-12,10.140000343322754,10.260000228881836,9.90999984741211,10.020000457763672,1891900,0,0.0
2018-10-15,10.09000015258789,10.520000457763672,9.9399995803833,10.359999656677246,1559600,0,0.0
2018-10-16,10.40999984741211,10.550000190734863,10.149999618530273,10.529999732971191,1538100,0,0.0
2018-10-17,10.390000343322754,10.640000343322754,10.3100004196167,10.449999809265137,2334900,0,0.0
2018-10-18,10.319999694824219,10.34000015258789,10.09000015258789,10.180000305175781,1894900,0,0.0
2018-10-19,10.210000038146973,10.510000228881836,10.180000305175781,10.260000228881836,2091600,0,0.0
2018-10-22,10.1899995803833,10.390000343322754,10.140000343322754,10.260000228881836,1781400,0,0.0
2018-10-23,10.550000190734863,10.829999923706055,9.75,9.899999618530273,3654700,0,0.0
2018-10-24,9.970000267028809,9.970000267028809,8.949999809265137,8.949999809265137,2995600,0,0.0
2018-10-25,9.079999923706055,9.079999923706055,8.489999771118164,8.510000228881836,1918600,0,0.0
2018-10-26,8.350000381469727,8.699999809265137,8.220000267028809,8.4399995803833,1526100,0,0.0
2018-10-29,8.5,8.6899995803833,8.020000457763672,8.170000076293945,1826600,0,0.0
2018-10-30,8.09000015258789,8.420000076293945,8.020000457763672,8.399999618530273,961700,0,0.0
2018-10-31,8.510000228881836,8.770000457763672,8.4399995803833,8.520000457763672,2699000,0,0.0
2018-11-01,8.670000076293945,8.670000076293945,8.15999984741211,8.460000038146973,1014700,0,0.0
2018-11-02,8.529999732971191,8.609999656677246,8.210000038146973,8.25,1144700,0,0.0
2018-11-05,8.399999618530273,8.5,8.130000114440918,8.329999923706055,930800,0,0.0
2018-11-06,8.350000381469727,8.430000305175781,8.140000343322754,8.229999542236328,1163100,0,0.0
2018-11-07,8.399999618530273,8.600000381469727,8.239999771118164,8.5,1298100,0,0.0
2018-11-08,8.430000305175781,8.4399995803833,8.0600004196167,8.180000305175781,1561200,0,0.0
2018-11-09,8.010000228881836,8.229999542236328,7.829999923706055,8.1899995803833,2141500,0,0.0
2018-11-12,8.25,8.25,7.659999847412109,7.659999847412109,859600,0,0.0
2018-11-13,7.659999847412109,7.760000228881836,7.329999923706055,7.349999904632568,1050100,0,0.0
2018-11-14,7.480000019073486,7.539999961853027,7.260000228881836,7.400000095367432,1432700,0,0.0
2018-11-15,7.329999923706055,7.75,7.300000190734863,7.579999923706055,1122100,0,0.0
2018-11-16,7.590000152587891,7.929999828338623,7.590000152587891,7.769999980926514,1258200,0,0.0
2018-11-19,7.670000076293945,8.09000015258789,7.510000228881836,7.920000076293945,1563900,0,0.0
2018-11-20,7.71999979019165,7.769999980926514,7.480000019073486,7.639999866485596,1818600,0,0.0
2018-11-21,7.71999979019165,8.010000228881836,7.71999979019165,7.809999942779541,694000,0,0.0
2018-11-23,7.449999809265137,7.510000228881836,7.25,7.389999866485596,445600,0,0.0
2018-11-26,7.539999961853027,7.929999828338623,7.5,7.829999923706055,1375600,0,0.0
2018-11-27,7.800000190734863,8.140000343322754,7.800000190734863,7.929999828338623,1187900,0,0.0
2018-11-28,7.940000057220459,8.15999984741211,7.670000076293945,8.130000114440918,951400,0,0.0
2018-11-29,8.130000114440918,8.270000457763672,7.989999771118164,8.180000305175781,1249400,0,0.0
2018-11-30,8.050000190734863,8.300000190734863,7.949999809265137,8.199999809265137,1871200,0,0.0
2018-12-03,8.5,8.569999694824219,8.289999961853027,8.520000457763672,1344200,0,0.0
2018-12-04,8.470000267028809,8.479999542236328,8.25,8.350000381469727,2109300,0,0.0
2018-12-06,8.09000015258789,8.09000015258789,7.230000019073486,7.389999866485596,1603400,0,0.0
2018-12-07,7.599999904632568,7.809999942779541,7.090000152587891,7.230000019073486,1701500,0,0.0
2018-12-10,7.119999885559082,7.21999979019165,6.789999961853027,6.869999885559082,1133900,0,0.0
2018-12-11,7.010000228881836,7.070000171661377,6.690000057220459,6.820000171661377,966400,0,0.0
2018-12-12,6.949999809265137,7.210000038146973,6.949999809265137,7.090000152587891,1510200,0,0.0
2018-12-13,7.010000228881836,7.070000171661377,6.440000057220459,6.639999866485596,1625300,0,0.0
2018-12-14,6.570000171661377,6.639999866485596,6.429999828338623,6.510000228881836,1599100,0,0.0
2018-12-17,6.46999979019165,6.579999923706055,6.170000076293945,6.190000057220459,1407500,0,0.0
2018-12-18,6.190000057220459,6.269999980926514,5.989999771118164,6.25,1376100,0,0.0
2018-12-19,6.25,6.440000057220459,5.909999847412109,6.010000228881836,1604600,0,0.0
2018-12-20,5.880000114440918,6.050000190734863,5.75,5.78000020980835,1193800,0,0.0
2018-12-21,5.710000038146973,5.789999961853027,5.389999866485596,5.449999809265137,2892100,0,0.0
2018-12-24,5.340000152587891,5.429999828338623,5.199999809265137,5.210000038146973,1051500,0,0.0
2018-12-26,5.25,5.460000038146973,5.050000190734863,5.440000057220459,2419900,0,0.0
2018-12-27,5.269999980926514,5.5,5.239999771118164,5.489999771118164,1614500,0,0.0
2018-12-28,5.510000228881836,5.659999847412109,5.420000076293945,5.440000057220459,1476100,0,0.0
2018-12-31,5.480000019073486,5.5,5.239999771118164,5.409999847412109,1305300,0,0.0
2019-01-02,5.300000190734863,5.789999961853027,5.190000057220459,5.710000038146973,1857200,0,0.0
2019-01-03,5.699999809265137,5.809999942779541,5.5,5.699999809265137,1158800,0,0.0
2019-01-04,5.849999904632568,6.179999828338623,5.789999961853027,6.139999866485596,1658400,0,0.0
2019-01-07,6.139999866485596,6.570000171661377,6.050000190734863,6.539999961853027,1831800,0,0.0
2019-01-08,6.710000038146973,6.75,6.480000019073486,6.659999847412109,1914500,0,0.0
2019-01-09,6.820000171661377,6.909999847412109,6.590000152587891,6.639999866485596,575000,0,0.0
2019-01-10,6.550000190734863,6.760000228881836,6.449999809265137,6.760000228881836,681800,0,0.0
2019-01-11,6.650000095367432,6.889999866485596,6.550000190734863,6.849999904632568,1234800,0,0.0
2019-01-14,6.730000019073486,6.860000133514404,6.670000076293945,6.730000019073486,789400,0,0.0
2019-01-15,6.820000171661377,7.0,6.809999942779541,6.929999828338623,959000,0,0.0
2019-01-16,6.909999847412109,6.920000076293945,6.630000114440918,6.730000019073486,508300,0,0.0
2019-01-17,6.619999885559082,6.940000057220459,6.559999942779541,6.889999866485596,1160000,0,0.0
2019-01-18,7.0,7.119999885559082,6.929999828338623,7.119999885559082,1025500,0,0.0
2019-01-22,6.989999771118164,7.039999961853027,6.699999809265137,6.829999923706055,1371000,0,0.0
2019-01-23,6.889999866485596,7.110000133514404,6.820000171661377,6.880000114440918,2553600,0,0.0
2019-01-24,6.880000114440918,7.010000228881836,6.699999809265137,6.909999847412109,1402000,0,0.0
2019-01-25,6.980000019073486,7.150000095367432,6.980000019073486,7.059999942779541,547800,0,0.0
2019-01-28,6.929999828338623,7.0,6.78000020980835,6.909999847412109,912600,0,0.0
2019-01-29,6.980000019073486,7.110000133514404,6.920000076293945,7.019999980926514,685400,0,0.0
2019-01-30,7.070000171661377,7.130000114440918,6.909999847412109,7.059999942779541,737200,0,0.0
2019-01-31,7.099999904632568,7.099999904632568,6.809999942779541,6.829999923706055,667400,0,0.0
2019-02-01,6.880000114440918,7.010000228881836,6.809999942779541,6.940000057220459,499400,0,0.0
2019-02-04,6.869999885559082,7.010000228881836,6.809999942779541,7.0,1011000,0,0.0
2019-02-05,7.0,7.070000171661377,6.900000095367432,7.059999942779541,642200,0,0.0
2019-02-06,7.0,7.119999885559082,6.96999979019165,7.039999961853027,496400,0,0.0
2019-02-07,7.0,7.0,6.730000019073486,6.849999904632568,802300,0,0.0
2019-02-08,6.800000190734863,6.840000152587891,6.619999885559082,6.690000057220459,602100,0,0.0
2019-02-11,6.650000095367432,6.940000057220459,6.619999885559082,6.869999885559082,502700,0,0.0
2019-02-12,6.96999979019165,7.110000133514404,6.929999828338623,7.090000152587891,747900,0,0.0
2019-02-13,7.079999923706055,7.380000114440918,7.079999923706055,7.150000095367432,692700,0,0.0
2019-02-14,7.110000133514404,7.320000171661377,7.079999923706055,7.21999979019165,775100,0,0.0
2019-02-15,7.329999923706055,7.420000076293945,7.309999942779541,7.360000133514404,574100,0,0.0
2019-02-19,6.940000057220459,7.46999979019165,6.599999904632568,6.829999923706055,2123300,0,0.0
2019-02-20,6.880000114440918,7.269999980926514,6.78000020980835,7.25,2275900,0,0.0
2019-02-21,7.289999961853027,7.380000114440918,7.119999885559082,7.239999771118164,1325100,0,0.0
2019-02-22,7.300000190734863,7.440000057220459,7.179999828338623,7.360000133514404,1695300,0,0.0
2019-02-25,7.360000133514404,7.670000076293945,7.349999904632568,7.480000019073486,1036800,0,0.0
2019-02-26,7.46999979019165,7.630000114440918,7.449999809265137,7.559999942779541,1376600,0,0.0
2019-02-27,7.610000133514404,7.800000190734863,7.550000190734863,7.599999904632568,2389100,0,0.0
2019-02-28,7.630000114440918,7.630000114440918,7.170000076293945,7.400000095367432,1786900,0,0.0
2019-03-01,7.400000095367432,7.630000114440918,7.190000057220459,7.239999771118164,2907000,0,0.0
2019-03-04,7.309999942779541,7.409999847412109,7.190000057220459,7.400000095367432,1169400,0,0.0
2019-03-05,7.420000076293945,7.480000019073486,7.329999923706055,7.369999885559082,940800,0,0.0
2019-03-06,7.309999942779541,7.5,7.260000228881836,7.260000228881836,1244000,0,0.0
2019-03-07,7.320000171661377,7.449999809265137,7.289999961853027,7.400000095367432,1137600,0,0.0
2019-03-08,7.28000020980835,7.409999847412109,7.179999828338623,7.28000020980835,1284300,0,0.0
2019-03-11,7.349999904632568,7.619999885559082,7.309999942779541,7.550000190734863,1404200,0,0.0
2019-03-12,7.590000152587891,7.900000095367432,7.579999923706055,7.840000152587891,1559500,0,0.0
2019-03-13,7.96999979019165,8.010000228881836,7.699999809265137,7.739999771118164,1434800,0,0.0
2019-03-14,7.789999961853027,7.929999828338623,7.760000228881836,7.829999923706055,1087700,0,0.0
2019-03-15,7.789999961853027,7.929999828338623,7.349999904632568,7.400000095367432,6434800,0,0.0
2019-03-18,7.340000152587891,7.949999809265137,7.340000152587891,7.920000076293945,1487700,0,0.0
2019-03-19,8.0,8.039999961853027,7.789999961853027,7.820000171661377,756900,0,0.0
2019-03-20,7.800000190734863,8.09000015258789,7.800000190734863,7.980000019073486,1028400,0,0.0
2019-03-21,7.980000019073486,8.1899995803833,7.980000019073486,8.0600004196167,887100,0,0.0
2019-03-22,7.960000038146973,7.960000038146973,7.409999847412109,7.539999961853027,1795400,0,0.0
2019-03-25,7.53000020980835,7.639999866485596,7.429999828338623,7.550000190734863,753700,0,0.0
2019-03-26,7.650000095367432,7.840000152587891,7.630000114440918,7.71999979019165,836200,0,0.0
2019-03-27,7.670000076293945,7.760000228881836,7.53000020980835,7.599999904632568,689100,0,0.0
2019-03-28,7.550000190734863,7.75,7.5,7.710000038146973,956000,0,0.0
2019-03-29,7.829999923706055,8.039999961853027,7.769999980926514,7.909999847412109,1366400,0,0.0
2019-04-01,8.010000228881836,8.229999542236328,7.96999979019165,8.220000267028809,1294900,0,0.0
2019-04-02,8.220000267028809,8.289999961853027,7.949999809265137,8.010000228881836,851200,0,0.0
2019-04-03,8.079999923706055,8.199999809265137,7.849999904632568,7.909999847412109,707900,0,0.0
2019-04-04,7.920000076293945,8.029999732971191,7.78000020980835,8.020000457763672,1119400,0,0.0
2019-04-05,8.0600004196167,8.329999923706055,8.050000190734863,8.3100004196167,1344700,0,0.0
2019-04-08,8.34000015258789,8.430000305175781,8.25,8.300000190734863,1329000,0,0.0
2019-04-09,8.25,8.289999961853027,8.0600004196167,8.079999923706055,1052000,0,0.0
2019-04-10,8.079999923706055,8.220000267028809,8.029999732971191,8.149999618530273,1136600,0,0.0
2019-04-11,8.15999984741211,8.180000305175781,7.889999866485596,7.96999979019165,984400,0,0.0
2019-04-12,8.119999885559082,8.119999885559082,7.820000171661377,7.949999809265137,1278400,0,0.0
2019-04-15,7.889999866485596,8.069999694824219,7.829999923706055,8.010000228881836,779500,0,0.0
2019-04-16,8.109999656677246,8.109999656677246,7.900000095367432,8.069999694824219,1578400,0,0.0
2019-04-17,8.09000015258789,8.300000190734863,8.029999732971191,8.140000343322754,1689800,0,0.0
2019-04-18,8.130000114440918,8.510000228881836,8.130000114440918,8.380000114440918,978000,0,0.0
2019-04-22,8.539999961853027,8.649999618530273,8.460000038146973,8.59000015258789,1397500,0,0.0
2019-04-23,8.369999885559082,8.800000190734863,7.710000038146973,8.579999923706055,3349100,0,0.0
2019-04-24,8.680000305175781,8.770000457763672,8.289999961853027,8.380000114440918,1340700,0,0.0
2019-04-25,8.380000114440918,8.380000114440918,7.639999866485596,7.659999847412109,1881600,0,0.0
2019-04-26,7.659999847412109,7.920000076293945,7.510000228881836,7.889999866485596,1737200,0,0.0
2019-04-29,7.880000114440918,8.079999923706055,7.800000190734863,8.0600004196167,887200,0,0.0
2019-04-30,8.140000343322754,8.140000343322754,7.789999961853027,7.820000171661377,1196300,0,0.0
2019-05-01,7.820000171661377,8.09000015258789,7.820000171661377,7.96999979019165,2104900,0,0.0
2019-05-02,7.840000152587891,7.920000076293945,7.53000020980835,7.670000076293945,1030400,0,0.0
2019-05-03,7.789999961853027,7.960000038146973,7.679999828338623,7.860000133514404,803600,0,0.0
2019-05-06,7.699999809265137,7.800000190734863,7.619999885559082,7.739999771118164,823400,0,0.0
2019-05-07,7.630000114440918,7.670000076293945,7.360000133514404,7.480000019073486,907400,0,0.0
2019-05-08,7.480000019073486,7.639999866485596,7.420000076293945,7.480000019073486,1199700,0,0.0
2019-05-09,7.420000076293945,7.53000020980835,7.179999828338623,7.480000019073486,815400,0,0.0
2019-05-10,7.460000038146973,7.489999771118164,7.159999847412109,7.429999828338623,1235100,0,0.0
2019-05-13,7.349999904632568,7.449999809265137,7.059999942779541,7.380000114440918,1510500,0,0.0
2019-05-14,7.449999809265137,7.71999979019165,7.389999866485596,7.650000095367432,657300,0,0.0
2019-05-15,7.53000020980835,7.869999885559082,7.510000228881836,7.829999923706055,590200,0,0.0
2019-05-16,7.889999866485596,8.09000015258789,7.849999904632568,8.0,569900,0,0.0
2019-05-17,7.880000114440918,7.929999828338623,7.679999828338623,7.699999809265137,540800,0,0.0
2019-05-20,7.639999866485596,7.690000057220459,7.570000171661377,7.650000095367432,771000,0,0.0
2019-05-21,7.699999809265137,7.789999961853027,7.670000076293945,7.71999979019165,1067500,0,0.0
2019-05-22,7.639999866485596,7.710000038146973,7.139999866485596,7.300000190734863,906200,0,0.0
2019-05-23,7.090000152587891,7.170000076293945,6.860000133514404,6.96999979019165,791200,0,0.0
2019-05-24,7.090000152587891,7.139999866485596,6.900000095367432,7.070000171661377,611600,0,0.0
2019-05-28,7.079999923706055,7.159999847412109,7.019999980926514,7.050000190734863,593700,0,0.0
2019-05-29,6.900000095367432,7.230000019073486,6.869999885559082,7.179999828338623,750900,0,0.0
2019-05-30,7.150000095367432,7.239999771118164,6.889999866485596,7.050000190734863,1279500,0,0.0
2019-05-31,6.849999904632568,6.949999809265137,6.75,6.760000228881836,896800,0,0.0
2019-06-03,6.840000152587891,6.96999979019165,6.760000228881836,6.909999847412109,768200,0,0.0
2019-06-04,7.019999980926514,7.079999923706055,6.900000095367432,7.039999961853027,507200,0,0.0
2019-06-05,7.019999980926514,7.119999885559082,6.869999885559082,6.980000019073486,980900,0,0.0
2019-06-06,6.940000057220459,7.099999904632568,6.769999980926514,6.980000019073486,552300,0,0.0
2019-06-07,7.800000190734863,7.809999942779541,7.300000190734863,7.730000019073486,1241400,0,0.0
2019-06-10,7.769999980926514,8.0600004196167,7.710000038146973,7.789999961853027,895800,0,0.0
2019-06-11,7.900000095367432,8.039999961853027,7.809999942779541,7.909999847412109,814100,0,0.0
2019-06-12,7.840000152587891,7.840000152587891,7.400000095367432,7.429999828338623,894600,0,0.0
2019-06-13,7.630000114440918,7.78000020980835,7.420000076293945,7.619999885559082,754800,0,0.0
2019-06-14,7.590000152587891,7.590000152587891,7.260000228881836,7.289999961853027,861800,0,0.0
2019-06-17,7.28000020980835,7.639999866485596,7.179999828338623,7.619999885559082,531600,0,0.0
2019-06-18,7.679999828338623,7.949999809265137,7.610000133514404,7.809999942779541,590100,0,0.0
2019-06-19,7.800000190734863,7.900000095367432,7.639999866485596,7.869999885559082,881900,0,0.0
2019-06-20,8.0,8.350000381469727,7.989999771118164,8.270000457763672,966500,0,0.0
2019-06-21,8.270000457763672,8.430000305175781,8.109999656677246,8.220000267028809,1526500,0,0.0
2019-06-24,8.210000038146973,8.3100004196167,7.989999771118164,8.079999923706055,808600,0,0.0
2019-06-25,8.100000381469727,8.319999694824219,8.020000457763672,8.220000267028809,1075100,0,0.0
2019-06-26,8.359999656677246,8.550000190734863,8.300000190734863,8.329999923706055,1019500,0,0.0
2019-06-27,8.350000381469727,8.479999542236328,8.25,8.470000267028809,1207700,0,0.0
2019-06-28,8.470000267028809,8.699999809265137,8.470000267028809,8.630000114440918,2399900,0,0.0
2019-07-01,8.84000015258789,8.960000038146973,8.609999656677246,8.739999771118164,1112800,0,0.0
2019-07-02,8.680000305175781,8.699999809265137,8.4399995803833,8.609999656677246,791300,0,0.0
2019-07-03,8.640000343322754,8.649999618530273,8.5,8.609999656677246,337200,0,0.0
2019-07-05,8.520000457763672,8.680000305175781,8.470000267028809,8.649999618530273,491000,0,0.0
2019-07-08,8.5600004196167,8.630000114440918,8.430000305175781,8.449999809265137,597800,0,0.0
2019-07-09,8.40999984741211,8.40999984741211,8.1899995803833,8.350000381469727,669800,0,0.0
2019-07-10,8.399999618530273,8.5,8.220000267028809,8.390000343322754,1160200,0,0.0
2019-07-11,8.399999618530273,8.460000038146973,8.3100004196167,8.4399995803833,554000,0,0.0
2019-07-12,8.430000305175781,8.479999542236328,8.3100004196167,8.380000114440918,803800,0,0.0
2019-07-15,8.399999618530273,8.420000076293945,7.980000019073486,8.0600004196167,1071700,0,0.0
2019-07-16,8.119999885559082,8.260000228881836,8.0,8.079999923706055,1051200,0,0.0
2019-07-17,8.039999961853027,8.079999923706055,7.880000114440918,7.989999771118164,911800,0,0.0
2019-07-18,8.0,8.0600004196167,7.849999904632568,8.029999732971191,601800,0,0.0
2019-07-19,8.039999961853027,8.149999618530273,7.980000019073486,8.079999923706055,945000,0,0.0
2019-07-22,8.100000381469727,8.300000190734863,8.079999923706055,8.289999961853027,779000,0,0.0
2019-07-23,8.359999656677246,8.59000015258789,8.270000457763672,8.550000190734863,737400,0,0.0
2019-07-24,8.489999771118164,8.760000228881836,8.34000015258789,8.579999923706055,1414000,0,0.0
2019-07-25,7.639999866485596,8.630000114440918,7.599999904632568,8.470000267028809,2083000,0,0.0
2019-07-26,8.510000228881836,8.84000015258789,8.489999771118164,8.619999885559082,1670900,0,0.0
2019-07-29,8.579999923706055,8.699999809265137,8.350000381469727,8.59000015258789,1866600,0,0.0
2019-07-30,8.489999771118164,8.770000457763672,8.390000343322754,8.760000228881836,1393300,0,0.0
2019-07-31,8.760000228881836,8.9399995803833,8.5600004196167,8.760000228881836,1441200,0,0.0
2019-08-01,8.600000381469727,8.930000305175781,8.510000228881836,8.739999771118164,1329600,0,0.0
2019-08-02,8.6899995803833,8.720000267028809,7.96999979019165,8.050000190734863,1146700,0,0.0
2019-08-05,7.820000171661377,7.920000076293945,7.699999809265137,7.75,735100,0,0.0
2019-08-06,7.789999961853027,7.909999847412109,7.46999979019165,7.699999809265137,727200,0,0.0
2019-08-07,7.519999980926514,7.599999904632568,7.300000190734863,7.400000095367432,920100,0,0.0
2019-08-08,7.489999771118164,7.75,7.369999885559082,7.710000038146973,1093200,0,0.0
2019-08-09,7.710000038146973,7.710000038146973,7.409999847412109,7.409999847412109,836300,0,0.0
2019-08-12,7.329999923706055,7.409999847412109,7.139999866485596,7.159999847412109,877500,0,0.0
2019-08-13,7.139999866485596,7.610000133514404,7.119999885559082,7.480000019073486,841000,0,0.0
2019-08-14,7.25,7.25,7.070000171661377,7.090000152587891,870000,0,0.0
2019-08-15,7.03000020980835,7.03000020980835,6.800000190734863,6.869999885559082,863700,0,0.0
2019-08-16,6.909999847412109,7.210000038146973,6.860000133514404,7.170000076293945,616300,0,0.0
2019-08-19,7.340000152587891,7.460000038146973,7.309999942779541,7.369999885559082,551300,0,0.0
2019-08-20,7.269999980926514,7.400000095367432,7.21999979019165,7.340000152587891,523100,0,0.0
2019-08-21,7.5,7.570000171661377,7.360000133514404,7.539999961853027,546000,0,0.0
2019-08-22,7.579999923706055,7.659999847412109,7.320000171661377,7.340000152587891,594600,0,0.0
2019-08-23,7.260000228881836,7.400000095367432,6.900000095367432,6.929999828338623,624200,0,0.0
2019-08-26,7.070000171661377,7.159999847412109,6.929999828338623,6.980000019073486,922900,0,0.0
2019-08-27,7.0,7.070000171661377,6.78000020980835,6.860000133514404,550200,0,0.0
2019-08-28,6.900000095367432,7.230000019073486,6.840000152587891,7.090000152587891,506700,0,0.0
2019-08-29,7.230000019073486,7.360000133514404,7.199999809265137,7.309999942779541,466400,0,0.0
2019-08-30,7.349999904632568,7.420000076293945,7.090000152587891,7.239999771118164,862700,0,0.0
2019-09-03,7.039999961853027,7.170000076293945,6.909999847412109,7.119999885559082,506500,0,0.0
2019-09-04,7.269999980926514,7.369999885559082,7.199999809265137,7.340000152587891,338400,0,0.0
2019-09-05,7.46999979019165,7.849999904632568,7.46999979019165,7.78000020980835,1043100,0,0.0
2019-09-06,7.699999809265137,7.880000114440918,7.519999980926514,7.789999961853027,735000,0,0.0
2019-09-09,7.920000076293945,8.449999809265137,7.920000076293945,8.40999984741211,1069200,0,0.0
2019-09-10,8.449999809265137,8.800000190734863,8.40999984741211,8.75,1618800,0,0.0
2019-09-11,8.800000190734863,8.989999771118164,8.600000381469727,8.890000343322754,1004000,0,0.0
2019-09-12,8.640000343322754,8.8100004196167,8.300000190734863,8.75,819000,0,0.0
2019-09-13,8.869999885559082,9.199999809265137,8.75,8.880000114440918,623500,0,0.0
2019-09-16,9.5,9.850000381469727,9.380000114440918,9.699999809265137,1658800,0,0.0
2019-09-17,9.520000457763672,9.550000190734863,9.220000267028809,9.319999694824219,1022100,0,0.0
2019-09-18,9.229999542236328,9.380000114440918,8.850000381469727,8.90999984741211,940600,0,0.0
2019-09-19,9.029999732971191,9.149999618530273,8.289999961853027,8.420000076293945,1707200,0,0.0
2019-09-20,8.479999542236328,8.550000190734863,8.210000038146973,8.279999732971191,5872300,0,0.0
2019-09-23,8.199999809265137,8.40999984741211,8.130000114440918,8.390000343322754,1089100,0,0.0
2019-09-24,8.3100004196167,8.470000267028809,8.180000305175781,8.229999542236328,1591400,0,0.0
2019-09-25,8.100000381469727,8.6899995803833,8.09000015258789,8.640000343322754,1359000,0,0.0
2019-09-26,8.5600004196167,8.710000038146973,8.279999732971191,8.619999885559082,970400,0,0.0
2019-09-27,8.520000457763672,8.600000381469727,8.140000343322754,8.329999923706055,1099100,0,0.0
2019-09-30,8.260000228881836,8.260000228881836,7.880000114440918,8.0600004196167,1066000,0,0.0
2019-10-01,8.109999656677246,8.1899995803833,7.690000057220459,7.71999979019165,886700,0,0.0
2019-10-02,7.630000114440918,7.730000019073486,7.489999771118164,7.610000133514404,920300,0,0.0
2019-10-03,7.53000020980835,7.71999979019165,7.489999771118164,7.670000076293945,1155400,0,0.0
2019-10-04,7.71999979019165,7.78000020980835,7.559999942779541,7.659999847412109,740400,0,0.0
2019-10-07,7.650000095367432,7.869999885559082,7.639999866485596,7.650000095367432,1044300,0,0.0
2019-10-08,7.539999961853027,7.599999904632568,7.420000076293945,7.480000019073486,803500,0,0.0
2019-10-09,7.639999866485596,7.800000190734863,7.489999771118164,7.619999885559082,1381300,0,0.0
2019-10-10,7.710000038146973,7.949999809265137,7.650000095367432,7.840000152587891,1188800,0,0.0
2019-10-11,8.020000457763672,8.460000038146973,7.989999771118164,8.300000190734863,1467500,0,0.0
2019-10-14,8.119999885559082,8.289999961853027,7.96999979019165,8.180000305175781,1349700,0,0.0
2019-10-15,8.210000038146973,8.529999732971191,8.130000114440918,8.329999923706055,947500,0,0.0
2019-10-16,8.319999694824219,8.640000343322754,8.270000457763672,8.430000305175781,1154900,0,0.0
2019-10-17,8.489999771118164,8.630000114440918,8.329999923706055,8.399999618530273,1006100,0,0.0
2019-10-18,8.390000343322754,8.539999961853027,8.0,8.010000228881836,1220400,0,0.0
2019-10-21,8.09000015258789,8.479999542236328,8.0600004196167,8.3100004196167,1384100,0,0.0
2019-10-22,9.220000267028809,9.65999984741211,8.529999732971191,8.9399995803833,2444100,0,0.0
2019-10-23,8.899999618530273,9.510000228881836,8.760000228881836,9.15999984741211,2397400,0,0.0
2019-10-24,9.1899995803833,9.239999771118164,8.9399995803833,9.09000015258789,1014300,0,0.0
2019-10-25,9.069999694824219,9.199999809265137,8.9399995803833,8.970000267028809,996700,0,0.0
2019-10-28,9.0,9.149999618530273,8.829999923706055,8.930000305175781,954500,0,0.0
2019-10-29,8.819999694824219,9.289999961853027,8.75,9.170000076293945,945000,0,0.0
2019-10-30,9.149999618530273,9.149999618530273,8.680000305175781,8.819999694824219,1603400,0,0.0
2019-10-31,8.819999694824219,8.819999694824219,8.449999809265137,8.59000015258789,1272500,0,0.0
2019-11-01,8.670000076293945,8.770000457763672,8.520000457763672,8.770000457763672,1407700,0,0.0
2019-11-04,8.949999809265137,9.119999885559082,8.859999656677246,8.9399995803833,1088100,0,0.0
2019-11-05,9.020000457763672,9.130000114440918,8.5600004196167,8.630000114440918,1392900,0,0.0
2019-11-06,8.619999885559082,8.649999618530273,8.3100004196167,8.470000267028809,1036700,0,0.0
2019-11-07,8.680000305175781,8.789999961853027,8.359999656677246,8.420000076293945,634100,0,0.0
2019-11-08,8.359999656677246,8.529999732971191,8.239999771118164,8.510000228881836,765800,0,0.0
2019-11-11,8.34000015258789,8.59000015258789,8.25,8.550000190734863,617400,0,0.0
2019-11-12,8.670000076293945,8.850000381469727,8.520000457763672,8.579999923706055,825600,0,0.0
2019-11-13,8.5,8.579999923706055,8.359999656677246,8.420000076293945,731700,0,0.0
2019-11-14,8.4399995803833,8.520000457763672,8.300000190734863,8.319999694824219,572100,0,0.0
2019-11-15,8.390000343322754,8.479999542236328,8.279999732971191,8.4399995803833,931600,0,0.0
2019-11-18,8.34000015258789,8.40999984741211,8.09000015258789,8.149999618530273,934100,0,0.0
2019-11-19,8.149999618530273,8.3100004196167,7.96999979019165,8.199999809265137,1023900,0,0.0
2019-11-20,8.199999809265137,8.279999732971191,8.079999923706055,8.100000381469727,1034100,0,0.0
2019-11-21,8.15999984741211,8.390000343322754,8.050000190734863,8.3100004196167,711600,0,0.0
2019-11-22,8.380000114440918,8.539999961853027,8.270000457763672,8.510000228881836,629700,0,0.0
2019-11-25,8.640000343322754,8.880000114440918,8.569999694824219,8.850000381469727,1055500,0,0.0
2019-11-26,8.819999694824219,8.829999923706055,8.449999809265137,8.470000267028809,635200,0,0.0
2019-11-27,8.5,8.609999656677246,8.420000076293945,8.609999656677246,331100,0,0.0
2019-11-29,8.460000038146973,8.460000038146973,8.239999771118164,8.300000190734863,419000,0,0.0
2019-12-02,8.380000114440918,8.449999809265137,8.279999732971191,8.369999885559082,1185200,0,0.0
2019-12-03,8.25,8.390000343322754,8.130000114440918,8.220000267028809,684600,0,0.0
2019-12-04,8.449999809265137,8.920000076293945,8.4399995803833,8.699999809265137,942200,0,0.0
2019-12-05,8.800000190734863,8.890000343322754,8.630000114440918,8.65999984741211,693300,0,0.0
2019-12-06,8.760000228881836,9.180000305175781,8.760000228881836,9.119999885559082,1397900,0,0.0
2019-12-09,8.989999771118164,9.1899995803833,8.9399995803833,9.140000343322754,881500,0,0.0
2019-12-10,9.130000114440918,9.229999542236328,9.029999732971191,9.0600004196167,768600,0,0.0
2019-12-11,9.069999694824219,9.199999809265137,9.0,9.130000114440918,670600,0,0.0
2019-12-12,9.130000114440918,9.460000038146973,9.109999656677246,9.289999961853027,1453500,0,0.0
2019-12-13,9.3100004196167,9.460000038146973,9.199999809265137,9.34000015258789,794600,0,0.0
2019-12-16,9.40999984741211,9.579999923706055,9.130000114440918,9.15999984741211,1305300,0,0.0
2019-12-17,9.239999771118164,9.350000381469727,9.119999885559082,9.199999809265137,855300,0,0.0
2019-12-18,9.210000038146973,9.270000457763672,9.09000015258789,9.119999885559082,1295100,0,0.0
2019-12-19,9.130000114440918,9.34000015258789,9.039999961853027,9.319999694824219,1171400,0,0.0
2019-12-20,9.399999618530273,9.550000190734863,9.3100004196167,9.430000305175781,4798900,0,0.0
2019-12-23,9.420000076293945,9.819999694824219,9.369999885559082,9.739999771118164,765700,0,0.0
2019-12-24,9.770000457763672,9.960000038146973,9.739999771118164,9.90999984741211,512700,0,0.0
2019-12-26,9.979999542236328,10.0,9.760000228881836,9.819999694824219,428200,0,0.0
2019-12-27,9.859999656677246,9.869999885559082,9.4399995803833,9.460000038146973,887900,0,0.0
2019-12-30,9.550000190734863,9.859999656677246,9.550000190734863,9.65999984741211,690900,0,0.0
2019-12-31,9.529999732971191,9.800000190734863,9.529999732971191,9.630000114440918,988400,0,0.0
2020-01-02,9.729999542236328,9.770000457763672,9.470000267028809,9.65999984741211,824100,0,0.0
2020-01-03,9.6899995803833,9.800000190734863,9.399999618530273,9.630000114440918,1245500,0,0.0
2020-01-06,9.649999618530273,9.680000305175781,9.449999809265137,9.569999694824219,990200,0,0.0
2020-01-07,9.5,9.569999694824219,9.34000015258789,9.520000457763672,863600,0,0.0
2020-01-08,9.510000228881836,9.539999961853027,9.079999923706055,9.15999984741211,1174700,0,0.0
2020-01-09,9.220000267028809,9.40999984741211,8.989999771118164,9.369999885559082,1026000,0,0.0
2020-01-10,9.369999885559082,9.399999618530273,9.199999809265137,9.390000343322754,672800,0,0.0
2020-01-13,9.359999656677246,9.380000114440918,9.199999809265137,9.3100004196167,1033800,0,0.0
2020-01-14,9.279999732971191,9.40999984741211,9.09000015258789,9.300000190734863,837800,0,0.0
2020-01-15,9.199999809265137,9.34000015258789,8.859999656677246,8.9399995803833,1019700,0,0.0
2020-01-16,9.020000457763672,9.180000305175781,8.960000038146973,9.039999961853027,1443700,0,0.0
2020-01-17,9.149999618530273,9.15999984741211,8.859999656677246,8.90999984741211,876200,0,0.0
2020-01-21,8.779999732971191,8.829999923706055,8.65999984741211,8.75,1518600,0,0.0
2020-01-22,8.75,8.819999694824219,8.640000343322754,8.75,1028900,0,0.0
2020-01-23,8.579999923706055,8.880000114440918,8.4399995803833,8.850000381469727,1201100,0,0.0
2020-01-24,8.819999694824219,8.819999694824219,8.489999771118164,8.630000114440918,1101500,0,0.0
2020-01-27,8.3100004196167,8.430000305175781,8.170000076293945,8.319999694824219,1064600,0,0.0
2020-01-28,8.399999618530273,8.579999923706055,8.399999618530273,8.579999923706055,867700,0,0.0
2020-01-29,8.630000114440918,8.739999771118164,8.449999809265137,8.470000267028809,846900,0,0.0
2020-01-30,8.319999694824219,8.550000190734863,8.289999961853027,8.529999732971191,656900,0,0.0
2020-01-31,8.359999656677246,8.40999984741211,8.220000267028809,8.34000015258789,1020500,0,0.0
2020-02-03,8.359999656677246,8.479999542236328,8.3100004196167,8.420000076293945,1226300,0,0.0
2020-02-04,8.65999984741211,8.90999984741211,8.569999694824219,8.649999618530273,924300,0,0.0
2020-02-05,8.850000381469727,9.020000457763672,8.569999694824219,8.670000076293945,1305600,0,0.0
2020-02-06,8.729999542236328,8.739999771118164,8.539999961853027,8.619999885559082,1792100,0,0.0
2020-02-07,8.529999732971191,8.5600004196167,8.3100004196167,8.359999656677246,651300,0,0.0
2020-02-10,8.270000457763672,8.510000228881836,8.25,8.449999809265137,667800,0,0.0
2020-02-11,8.630000114440918,8.850000381469727,8.539999961853027,8.729999542236328,806800,0,0.0
2020-02-12,8.9399995803833,9.0,8.550000190734863,8.729999542236328,925400,0,0.0
2020-02-13,8.65999984741211,8.84000015258789,8.65999984741211,8.710000038146973,626300,0,0.0
2020-02-14,8.779999732971191,8.84000015258789,8.640000343322754,8.84000015258789,620500,0,0.0
2020-02-18,8.720000267028809,8.930000305175781,8.630000114440918,8.819999694824219,1308500,0,0.0
2020-02-19,8.890000343322754,8.979999542236328,8.760000228881836,8.949999809265137,419000,0,0.0
2020-02-20,8.970000267028809,9.109999656677246,8.890000343322754,8.890000343322754,694100,0,0.0
2020-02-21,8.760000228881836,8.8100004196167,8.239999771118164,8.25,1105500,0,0.0
2020-02-24,7.809999942779541,7.809999942779541,7.510000228881836,7.519999980926514,1503900,0,0.0
2020-02-25,7.860000133514404,8.260000228881836,7.099999904632568,7.139999866485596,2136400,0,0.0
2020-02-26,7.21999979019165,7.46999979019165,7.03000020980835,7.059999942779541,1842600,0,0.0
2020-02-27,6.820000171661377,6.869999885559082,6.389999866485596,6.429999828338623,2290600,0,0.0
2020-02-28,6.190000057220459,6.730000019073486,6.190000057220459,6.710000038146973,1904100,0,0.0
2020-03-02,6.849999904632568,6.940000057220459,6.559999942779541,6.849999904632568,1686300,0,0.0
2020-03-03,6.860000133514404,7.059999942779541,6.349999904632568,6.489999771118164,1717200,0,0.0
2020-03-04,6.639999866485596,6.679999828338623,6.380000114440918,6.599999904632568,1154400,0,0.0
2020-03-05,6.349999904632568,6.389999866485596,5.909999847412109,6.03000020980835,1277500,0,0.0
2020-03-06,5.710000038146973,5.920000076293945,5.039999961853027,5.190000057220459,1677400,0,0.0
2020-03-09,3.950000047683716,3.950000047683716,2.809999942779541,2.890000104904175,2127700,0,0.0
2020-03-10,3.2100000381469727,3.25,2.5299999713897705,2.759999990463257,3806500,0,0.0
2020-03-11,2.759999990463257,2.759999990463257,2.380000114440918,2.4100000858306885,2283100,0,0.0
2020-03-12,2.109999895095825,2.2200000286102295,1.409999966621399,1.649999976158142,4815100,0,0.0
2020-03-13,1.9600000381469727,2.130000114440918,1.6399999856948853,2.130000114440918,4298600,0,0.0
2020-03-16,1.8700000047683716,2.5,1.8200000524520874,1.940000057220459,2812500,0,0.0
2020-03-17,1.9800000190734863,2.0799999237060547,1.4700000286102295,1.4800000190734863,3422300,0,0.0
2020-03-18,1.6299999952316284,1.649999976158142,1.2999999523162842,1.3300000429153442,2596100,0,0.0
2020-03-19,1.3300000429153442,1.5399999618530273,1.2999999523162842,1.5399999618530273,2596800,0,0.0
2020-03-20,1.6200000047683716,1.809999942779541,1.4900000095367432,1.559999942779541,3914800,0,0.0
2020-03-23,1.5800000429153442,1.6299999952316284,1.440000057220459,1.5399999618530273,1235400,0,0.0
2020-03-24,1.649999976158142,1.7999999523162842,1.5399999618530273,1.7999999523162842,1656400,0,0.0
2020-03-25,1.909999966621399,2.25,1.7599999904632568,2.140000104904175,2411600,0,0.0
2020-03-26,2.200000047683716,2.25,1.8300000429153442,1.909999966621399,2668500,0,0.0
2020-03-27,1.940000057220459,2.009999990463257,1.7400000095367432,1.8700000047683716,1540100,0,0.0
2020-03-30,1.8300000429153442,1.840000033378601,1.600000023841858,1.7400000095367432,1965800,0,0.0
2020-03-31,1.8600000143051147,1.899999976158142,1.6299999952316284,1.6399999856948853,2207600,0,0.0
2020-04-01,1.6100000143051147,1.6200000047683716,1.2000000476837158,1.25,3273300,0,0.0
2020-04-02,1.440000057220459,1.4700000286102295,1.1799999475479126,1.1799999475479126,4974600,0,0.0
2020-04-03,1.2599999904632568,1.2999999523162842,0.9900000095367432,1.0,5632100,0,0.0
2020-04-06,1.090000033378601,1.2000000476837158,1.0,1.0,8009600,0,0.0
2020-04-07,1.1399999856948853,1.1799999475479126,1.0,1.0099999904632568,7213800,0,0.0
2020-04-08,1.100000023841858,1.2899999618530273,1.0499999523162842,1.2599999904632568,7584600,0,0.0
2020-04-09,1.409999966621399,1.940000057220459,1.3700000047683716,1.649999976158142,12649200,0,0.0
2020-04-13,1.8200000524520874,1.899999976158142,1.649999976158142,1.840000033378601,8179700,0,0.0
2020-04-14,1.8799999952316284,1.9800000190734863,1.690000057220459,1.75,6044400,0,0.0
2020-04-15,1.6699999570846558,1.7000000476837158,1.5,1.600000023841858,5360500,0,0.0
2020-04-16,1.6299999952316284,1.6299999952316284,1.409999966621399,1.4600000381469727,3555100,0,0.0
2020-04-17,1.5199999809265137,1.590000033378601,1.4800000190734863,1.5399999618530273,2980800,0,0.0
2020-04-20,1.399999976158142,1.5299999713897705,1.350000023841858,1.399999976158142,5134500,0,0.0
2020-04-21,1.399999976158142,1.5700000524520874,1.2999999523162842,1.5499999523162842,4006800,0,0.0
2020-04-22,1.6399999856948853,1.649999976158142,1.409999966621399,1.590000033378601,4199600,0,0.0
2020-04-23,1.6699999570846558,1.8200000524520874,1.590000033378601,1.6799999475479126,7117000,0,0.0
2020-04-24,1.75,1.7799999713897705,1.5499999523162842,1.5800000429153442,4469800,0,0.0
2020-04-27,1.559999942779541,1.649999976158142,1.4600000381469727,1.600000023841858,4402900,0,0.0
2020-04-28,1.6799999475479126,1.7300000190734863,1.5499999523162842,1.690000057220459,5200600,0,0.0
2020-04-29,1.7999999523162842,2.3299999237060547,1.7699999809265137,2.319999933242798,9953700,0,0.0
2020-04-30,2.700000047683716,2.890000104904175,2.299999952316284,2.5399999618530273,14389800,0,0.0
2020-05-01,2.3399999141693115,2.5999999046325684,2.0799999237060547,2.180000066757202,8193600,0,0.0
2020-05-04,2.0899999141693115,2.390000104904175,1.9600000381469727,2.2799999713897705,4813200,0,0.0
2020-05-05,2.4700000286102295,2.5799999237060547,2.2100000381469727,2.25,4907900,0,0.0
2020-05-06,2.3399999141693115,2.3499999046325684,2.0899999141693115,2.1500000953674316,5065400,0,0.0
2020-05-07,2.25,2.3499999046325684,2.119999885559082,2.180000066757202,3975200,0,0.0
2020-05-08,2.259999990463257,2.359999895095825,2.140000104904175,2.3499999046325684,4564000,0,0.0
2020-05-11,2.319999933242798,2.319999933242798,2.180000066757202,2.2799999713897705,2571800,0,0.0
2020-05-12,2.299999952316284,2.390000104904175,2.2100000381469727,2.3399999141693115,4270500,0,0.0
2020-05-13,2.309999942779541,2.309999942779541,1.9500000476837158,2.059999942779541,6653800,0,0.0
2020-05-14,2.009999990463257,2.180000066757202,1.7799999713897705,2.140000104904175,4316400,0,0.0
2020-05-15,2.0899999141693115,2.1600000858306885,2.009999990463257,2.069999933242798,2286200,0,0.0
2020-05-18,2.259999990463257,2.369999885559082,2.190000057220459,2.3499999046325684,5036400,0,0.0
2020-05-19,2.359999895095825,2.799999952316284,2.2200000286102295,2.5,7845300,0,0.0
2020-05-20,2.700000047683716,2.8399999141693115,2.5299999713897705,2.619999885559082,4733700,0,0.0
2020-05-21,2.619999885559082,2.75,2.5799999237060547,2.640000104904175,3587800,0,0.0
2020-05-22,2.640000104904175,2.6700000762939453,2.4800000190734863,2.5799999237060547,2887100,0,0.0
2020-05-26,2.75,3.049999952316284,2.6700000762939453,3.009999990463257,6660700,0,0.0
2020-05-27,3.1500000953674316,3.3499999046325684,3.0399999618530273,3.319999933242798,7244700,0,0.0
2020-05-28,3.5899999141693115,3.700000047683716,3.359999895095825,3.4100000858306885,7369700,0,0.0
2020-05-29,3.4100000858306885,3.4800000190734863,3.119999885559082,3.359999895095825,5317500,0,0.0
2020-06-01,3.4100000858306885,3.569999933242798,3.2699999809265137,3.5199999809265137,3579100,0,0.0
2020-06-02,3.5999999046325684,3.9600000381469727,3.509999990463257,3.7799999713897705,5177500,0,0.0
2020-06-03,3.930000066757202,4.019999980926514,3.7200000286102295,3.8299999237060547,5912400,0,0.0
2020-06-04,3.7799999713897705,4.28000020980835,3.6700000762939453,4.269999980926514,5565500,0,0.0
2020-06-05,4.650000095367432,5.179999828338623,4.559999942779541,5.110000133514404,7828700,0,0.0
2020-06-08,5.449999809265137,5.800000190734863,5.309999942779541,5.400000095367432,6892900,0,0.0
2020-06-09,4.900000095367432,5.170000076293945,4.699999809265137,4.920000076293945,4060600,0,0.0
2020-06-10,4.659999847412109,5.090000152587891,4.340000152587891,4.75,5896200,0,0.0
2020-06-11,3.509999990463257,4.170000076293945,3.309999942779541,3.609999895095825,6527200,0,0.0
2020-06-12,4.300000190734863,4.320000171661377,3.890000104904175,4.130000114440918,4865700,0,0.0
2020-06-15,3.759999990463257,4.329999923706055,3.700000047683716,4.269999980926514,3613500,0,0.0
2020-06-16,4.710000038146973,4.730000019073486,4.079999923706055,4.139999866485596,3992200,0,0.0
2020-06-17,4.130000114440918,4.139999866485596,3.859999895095825,3.880000114440918,2657000,0,0.0
2020-06-18,3.7799999713897705,4.0,3.7100000381469727,3.859999895095825,2188700,0,0.0
2020-06-19,3.9800000190734863,4.010000228881836,3.680000066757202,3.7100000381469727,4666500,0,0.0
2020-06-22,3.6500000953674316,3.7899999618530273,3.5199999809265137,3.759999990463257,2354500,0,0.0
2020-06-23,3.859999895095825,3.9000000953674316,3.690000057220459,3.7899999618530273,2067700,0,0.0
2020-06-24,3.6500000953674316,3.6500000953674316,3.2200000286102295,3.2300000190734863,3990200,0,0.0
2020-06-25,3.0999999046325684,3.569999933242798,3.0899999141693115,3.569999933242798,3586900,0,0.0
2020-06-26,3.4600000381469727,3.4600000381469727,3.190000057220459,3.299999952316284,3351600,0,0.0
2020-06-29,3.2699999809265137,3.5299999713897705,3.25,3.5299999713897705,2220800,0,0.0
2020-06-30,3.440000057220459,3.5399999618530273,3.299999952316284,3.4700000286102295,3584200,0,0.0
2020-07-01,3.509999990463257,3.6700000762939453,3.4700000286102295,3.5799999237060547,2849800,0,0.0
2020-07-02,3.6500000953674316,3.690000057220459,3.450000047683716,3.4800000190734863,3100800,0,0.0
2020-07-06,3.5399999618530273,3.6700000762939453,3.509999990463257,3.640000104904175,1876800,0,0.0
2020-07-07,3.5399999618530273,3.5999999046325684,3.359999895095825,3.430000066757202,2679800,0,0.0
2020-07-08,3.440000057220459,3.549999952316284,3.190000057220459,3.3499999046325684,4399300,0,0.0
2020-07-09,3.299999952316284,3.3299999237060547,3.130000114440918,3.180000066757202,2256100,0,0.0
2020-07-10,3.2300000190734863,3.440000057220459,3.180000066757202,3.430000066757202,2457700,0,0.0
2020-07-13,3.430000066757202,3.490000009536743,3.25,3.259999990463257,1973400,0,0.0
2020-07-14,3.200000047683716,3.450000047683716,3.0799999237060547,3.4100000858306885,2236100,0,0.0
2020-07-15,3.5299999713897705,3.680000066757202,3.4200000762939453,3.559999942779541,3472500,0,0.0
2020-07-16,3.5,3.640000104904175,3.4200000762939453,3.569999933242798,1421100,0,0.0
2020-07-17,3.569999933242798,3.6500000953674316,3.4100000858306885,3.4100000858306885,1267200,0,0.0
2020-07-20,3.490000009536743,3.690000057220459,3.450000047683716,3.5199999809265137,2655600,0,0.0
2020-07-21,3.5899999141693115,4.050000190734863,3.5899999141693115,3.9200000762939453,3863900,0,0.0
2020-07-22,3.759999990463257,3.869999885559082,3.7100000381469727,3.819999933242798,2505500,0,0.0
2020-07-23,4.409999847412109,5.340000152587891,4.400000095367432,4.849999904632568,17547800,0,0.0
2020-07-24,4.699999809265137,4.880000114440918,4.519999980926514,4.659999847412109,4428900,0,0.0
2020-07-27,4.619999885559082,4.75,4.420000076293945,4.449999809265137,3410600,0,0.0
2020-07-28,4.349999904632568,4.559999942779541,4.269999980926514,4.300000190734863,2275600,0,0.0
2020-07-29,4.329999923706055,4.449999809265137,4.21999979019165,4.420000076293945,1637200,0,0.0
2020-07-30,4.340000152587891,4.340000152587891,4.130000114440918,4.260000228881836,1481000,0,0.0
2020-07-31,4.260000228881836,4.300000190734863,4.039999961853027,4.190000057220459,1816400,0,0.0
2020-08-03,4.239999771118164,4.309999942779541,4.130000114440918,4.239999771118164,1533000,0,0.0
2020-08-04,4.230000019073486,4.389999866485596,4.210000038146973,4.349999904632568,1463500,0,0.0
2020-08-05,4.460000038146973,4.630000114440918,4.409999847412109,4.610000133514404,1663900,0,0.0
2020-08-06,4.610000133514404,4.619999885559082,4.429999828338623,4.460000038146973,1119800,0,0.0
2020-08-07,4.579999923706055,4.610000133514404,4.369999885559082,4.610000133514404,1413200,0,0.0
2020-08-10,4.650000095367432,4.980000019073486,4.650000095367432,4.920000076293945,1827800,0,0.0
2020-08-11,5.019999980926514,5.179999828338623,4.78000020980835,4.809999942779541,2648600,0,0.0
2020-08-12,4.449999809265137,4.5,4.099999904632568,4.369999885559082,9789000,0,0.0
2020-08-13,4.349999904632568,4.400000095367432,4.239999771118164,4.269999980926514,2346300,0,0.0
2020-08-14,4.21999979019165,4.320000171661377,4.21999979019165,4.260000228881836,1567700,0,0.0
2020-08-17,4.260000228881836,4.28000020980835,4.159999847412109,4.25,1681100,0,0.0
2020-08-18,4.199999809265137,4.28000020980835,4.139999866485596,4.190000057220459,2037800,0,0.0
2020-08-19,4.190000057220459,4.199999809265137,4.079999923706055,4.090000152587891,1340800,0,0.0
2020-08-20,4.019999980926514,4.059999942779541,3.859999895095825,3.930000066757202,2260200,0,0.0
2020-08-21,3.9200000762939453,3.9200000762939453,3.5199999809265137,3.5799999237060547,3088900,0,0.0
2020-08-24,3.7100000381469727,3.930000066757202,3.6500000953674316,3.8299999237060547,4135900,0,0.0
2020-08-25,3.890000104904175,3.940000057220459,3.759999990463257,3.8399999141693115,1746600,0,0.0
2020-08-26,3.809999942779541,3.890000104904175,3.5999999046325684,3.6600000858306885,1317800,0,0.0
2020-08-27,3.6500000953674316,3.680000066757202,3.5299999713897705,3.640000104904175,1585600,0,0.0
2020-08-28,3.6600000858306885,3.7899999618530273,3.630000114440918,3.7799999713897705,1247400,0,0.0
2020-08-31,3.759999990463257,3.7699999809265137,3.569999933242798,3.5799999237060547,1407000,0,0.0
2020-09-01,3.569999933242798,3.6500000953674316,3.5199999809265137,3.609999895095825,955200,0,0.0
2020-09-02,3.5899999141693115,3.5899999141693115,3.380000114440918,3.450000047683716,1944000,0,0.0
2020-09-03,3.450000047683716,3.6600000858306885,3.4100000858306885,3.4700000286102295,1618700,0,0.0
2020-09-04,3.559999942779541,3.559999942779541,3.319999933242798,3.5199999809265137,1593100,0,0.0
2020-09-08,3.4700000286102295,3.4700000286102295,3.2100000381469727,3.240000009536743,1798500,0,0.0
2020-09-09,3.3399999141693115,3.3399999141693115,3.1500000953674316,3.2100000381469727,2077500,0,0.0
2020-09-10,3.200000047683716,3.259999990463257,3.0199999809265137,3.059999942779541,2452000,0,0.0
2020-09-11,3.0899999141693115,3.0899999141693115,2.9700000286102295,3.0199999809265137,1787000,0,0.0
2020-09-14,3.0299999713897705,3.2200000286102295,2.950000047683716,3.2200000286102295,3677700,0,0.0
2020-09-15,3.25,3.3399999141693115,3.130000114440918,3.190000057220459,3515800,0,0.0
2020-09-16,3.2200000286102295,3.299999952316284,3.069999933242798,3.0899999141693115,4200400,0,0.0
2020-09-17,3.049999952316284,3.0999999046325684,2.9600000381469727,3.0899999141693115,3632100,0,0.0
2020-09-18,3.0899999141693115,3.259999990463257,2.990000009536743,3.059999942779541,6309200,0,0.0
2020-09-21,2.9700000286102295,3.0,2.75,2.7899999618530273,3703900,0,0.0
2020-09-22,2.8299999237060547,2.9600000381469727,2.7699999809265137,2.7799999713897705,2040300,0,0.0
2020-09-23,2.809999942779541,2.8499999046325684,2.509999990463257,2.509999990463257,3387500,0,0.0
2020-09-24,2.5199999809265137,2.5999999046325684,2.3499999046325684,2.4600000381469727,3098500,0,0.0
2020-09-25,2.4200000762939453,2.5,2.3499999046325684,2.369999885559082,2932800,0,0.0
2020-09-28,2.450000047683716,2.6500000953674316,2.450000047683716,2.5199999809265137,2669200,0,0.0
2020-09-29,2.559999942779541,2.559999942779541,2.369999885559082,2.430000066757202,2760700,0,0.0
2020-09-30,2.430000066757202,2.5199999809265137,2.319999933242798,2.4100000858306885,4055500,0,0.0
2020-10-01,2.4200000762939453,2.440000057220459,2.259999990463257,2.3499999046325684,2533600,0,0.0
2020-10-02,2.200000047683716,2.450000047683716,2.200000047683716,2.380000114440918,2242400,0,0.0
2020-10-05,2.440000057220459,2.569999933242798,2.369999885559082,2.559999942779541,2564300,0,0.0
2020-10-06,2.700000047683716,2.7699999809265137,2.4700000286102295,2.5,3696500,0,0.0
2020-10-07,2.509999990463257,2.5899999141693115,2.4700000286102295,2.5799999237060547,2747400,0,0.0
2020-10-08,2.640000104904175,2.819999933242798,2.5999999046325684,2.809999942779541,2594900,0,0.0
2020-10-09,2.859999895095825,2.9000000953674316,2.6700000762939453,2.75,3564200,0,0.0
2020-10-12,2.7899999618530273,2.8299999237060547,2.6500000953674316,2.7799999713897705,2018600,0,0.0
2020-10-13,2.7200000286102295,2.7899999618530273,2.680000066757202,2.680000066757202,1923200,0,0.0
2020-10-14,2.700000047683716,2.9000000953674316,2.690000057220459,2.8399999141693115,2724800,0,0.0
2020-10-15,2.75,2.819999933242798,2.6500000953674316,2.819999933242798,2093000,0,0.0
2020-10-16,2.7699999809265137,2.819999933242798,2.569999933242798,2.609999895095825,2722300,0,0.0
2020-10-19,2.619999885559082,2.7100000381469727,2.559999942779541,2.5799999237060547,2105500,0,0.0
2020-10-20,2.5999999046325684,2.700000047683716,2.559999942779541,2.6600000858306885,2257000,0,0.0
2020-10-21,2.6600000858306885,2.700000047683716,2.5399999618530273,2.609999895095825,1861400,0,0.0
2020-10-22,2.9800000190734863,3.049999952316284,2.6500000953674316,2.7100000381469727,4714500,0,0.0
2020-10-23,2.7100000381469727,2.9200000762939453,2.690000057220459,2.7699999809265137,4232200,0,0.0
2020-10-26,2.7300000190734863,2.75,2.509999990463257,2.5399999618530273,2237800,0,0.0
2020-10-27,2.559999942779541,2.5799999237060547,2.4600000381469727,2.5299999713897705,1879100,0,0.0
2020-10-28,2.4100000858306885,2.450000047683716,2.309999942779541,2.3499999046325684,2250200,0,0.0
2020-10-29,2.299999952316284,2.4200000762939453,2.2300000190734863,2.4100000858306885,2196600,0,0.0
2020-10-30,2.390000104904175,2.5399999618530273,2.380000114440918,2.4800000190734863,3301200,0,0.0
2020-11-02,2.5299999713897705,2.690000057220459,2.4600000381469727,2.6500000953674316,1872900,0,0.0
2020-11-03,2.7200000286102295,2.7799999713897705,2.559999942779541,2.640000104904175,1924100,0,0.0
2020-11-04,2.5899999141693115,2.6600000858306885,2.4700000286102295,2.5999999046325684,1651100,0,0.0
2020-11-05,2.619999885559082,2.690000057220459,2.5799999237060547,2.6600000858306885,2181200,0,0.0
2020-11-06,2.630000114440918,2.690000057220459,2.559999942779541,2.559999942779541,1378400,0,0.0
2020-11-09,2.869999885559082,3.2899999618530273,2.680000066757202,3.140000104904175,6158100,0,0.0
