Date,Open,High,Low,Close,Volume,Dividends,Stock Splits
2004-12-14,10.912191172199128,11.474537348809655,10.577462004419914,11.447759628295898,5935200,0.0,0
2004-12-15,11.380815135108099,12.284586004157063,11.380815135108099,12.050274848937988,1548000,0.0,0
2004-12-16,12.050267080933079,12.652780179601283,12.050267080933079,12.251104354858398,402600,0.0,0
2004-12-17,12.197555929797373,12.318058886575912,11.916382789611816,11.916382789611816,1671700,0.0,0
2004-12-20,11.849431533160113,11.849431533160113,10.878714921697798,11.514701843261719,946000,0.0,0
2004-12-21,11.380815135108099,12.050274848937988,11.246922681584895,12.050274848937988,419400,0.0,0
2004-12-22,11.648592625291181,11.836041706040692,11.447755327760733,11.782485008239746,274200,0.0,0
2004-12-23,11.815961919912105,11.983326823244836,11.802572421191197,11.969937324523926,149400,0.0,0
2004-12-27,11.969933725860491,11.983323220555958,11.548174858093262,11.548174858093262,48100,0.0,0
2004-12-28,11.514707969540831,11.963246043720336,11.394205012762292,11.916382789611816,211100,0.0,0
2004-12-29,11.815960157117376,11.849433898925781,11.574955600560294,11.849433898925781,169100,0.0,0
2004-12-30,11.749017431844235,11.809268908060302,11.581652503886948,11.802574157714844,123400,0.0,0
2004-12-31,11.769093761049382,11.815955705031541,11.648590889728283,11.715537071228027,53100,0.0,0
2005-01-03,11.682065178246795,12.016794824879742,11.481226624131665,11.74901008605957,146600,0.0,0
2005-01-04,11.728929596544512,11.949851158809553,11.581647703772795,11.64859390258789,197900,0.0,0
2005-01-05,11.615124531408725,11.648597001274139,11.380813411672191,11.447759628295898,57500,0.0,0
2005-01-06,11.38081169128418,11.447757897787918,11.253614026616347,11.38081169128418,191600,0.0,0
2005-01-07,11.380810183148222,11.481228841150438,11.327253480420872,11.34733772277832,144200,0.0,0
2005-01-10,11.313864707946777,11.414283372361085,11.240225035052335,11.313864707946777,461700,0.0,0
2005-01-11,11.3473366967498,11.447755345672142,11.146498122012718,11.246916770935059,168100,0.0,0
2005-01-12,11.179971236857499,11.380808523575428,11.179971236857499,11.293779373168945,238400,0.0,0
2005-01-13,11.280391037200493,11.481228344517492,11.267001542874704,11.367420196533203,208600,0.0,0
2005-01-14,11.333950591886435,11.67537512182164,11.313866345339854,11.601734161376953,74600,0.0,0
2005-01-18,11.534784666926809,11.568258401644329,11.44106076350259,11.494617462158203,66100,0.0,0
2005-01-19,11.447759628295898,11.548178314785018,11.414285881537607,11.447759628295898,55200,0.0,0
2005-01-20,11.380813411672191,11.548178314785018,11.280394725183072,11.447759628295898,91500,0.0,0
2005-01-21,11.280392621061466,11.655289576574996,11.213446416925176,11.414283752441406,93300,0.0,0
2005-01-24,11.380810697648576,11.387505445403713,11.079553433130261,11.146499633789062,63700,0.0,0
2005-01-25,11.079552715688678,11.246917568051904,11.059469750616282,11.179972648620605,50100,0.0,0
2005-01-26,11.146500035721937,11.146500035721937,10.979135166486195,11.113027572631836,95700,0.0,0
2005-01-27,11.126417505563289,11.420978767623037,11.126417505563289,11.360727310180664,77900,0.0,0
2005-01-28,11.3607257187346,11.380809960699482,11.16658315397735,11.179972648620605,36400,0.0,0
2005-01-31,11.146494577839814,11.213440748132435,11.079548407547192,11.19335651397705,32400,0.0,0
2005-02-01,11.246920994388022,11.246920994388022,11.113029837843449,11.213448524475098,103800,0.0,0
2005-02-02,11.179970173014485,11.769093761049382,11.113023991514742,11.715537071228027,136300,0.0,0
2005-02-03,11.548176867090312,11.715541749222057,11.514704401421051,11.702152252197266,73800,0.0,0
2005-02-04,11.682065178246795,11.902986693948849,11.682065178246795,11.74901008605957,189200,0.0,0
2005-02-07,11.715535501783055,11.749007949602763,11.675368309020996,11.675368309020996,89800,0.0,0
2005-02-08,11.481227785051676,11.782485008239746,11.394198629959787,11.782485008239746,71000,0.0,0
2005-02-09,11.74901543704147,11.91638033658276,11.71554296789035,11.88290786743164,84900,0.0,0
2005-02-10,11.916374909376044,12.016794824879742,11.548172808836709,11.74901008605957,179700,0.0,0
2005-02-11,11.728929596544512,11.728929596544512,11.514702781850236,11.64859390258789,85100,0.0,0
2005-02-14,11.58164903390271,11.58164903390271,10.6778790767803,11.38081169128418,245000,0.0,0
2005-02-15,11.347338825197756,11.548176160713988,11.347338825197756,11.414283752441406,263900,0.0,0
2005-02-16,11.43436178324946,11.44775127217932,11.226829812404452,11.307164192199707,271400,0.0,0
2005-02-17,11.31386303308972,11.347336767534243,11.012607084443466,11.032690048217773,119700,0.0,0
2005-02-18,11.03269309562419,11.581649723220883,10.97913638261214,11.200057983398438,205100,0.0,0
2005-02-22,11.13310815154481,11.213443833377761,10.912186622619629,10.912186622619629,92900,0.0,0
2005-02-23,10.945665304083397,11.139807934540936,10.811772866124947,11.079556465148926,123600,0.0,0
2005-02-24,11.046081369559015,11.226835734787846,10.97244041848965,11.113027572631836,269900,0.0,0
2005-02-25,11.113026128225654,11.233529022715945,11.079552392593655,11.133109092712402,14900,0.0,0
2005-02-28,11.179973385284622,11.347338248675754,11.146499646470852,11.240224838256836,18900,0.0,0
2005-03-01,11.213446621791388,11.574955364596422,10.644405791575679,10.845244407653809,339300,0.0,0
2005-03-02,10.8787154036098,11.193360866371371,10.8787154036098,11.179972648620605,222700,0.0,0
2005-03-03,11.246918506039705,11.313864707946777,11.1866670520126,11.313864707946777,29800,0.0,0
2005-03-04,11.313867023496055,11.394202737604944,11.133112624420695,11.280394554138184,133700,0.0,0
2005-03-07,11.046080255973028,11.213445108336256,11.0393855086514,11.179972648620605,47700,0.0,0
2005-03-08,11.146499633789062,11.333948740255188,11.032691475736874,11.146499633789062,175600,0.0,0
2005-03-09,11.046081935658176,11.38081169128418,11.046081935658176,11.38081169128418,136600,0.0,0
2005-03-10,11.347342379976748,11.494623053701053,11.31386862897597,11.474538803100586,104700,0.0,0
2005-03-11,11.41428298296547,11.494618677891841,11.407589512206446,11.441061973571777,79900,0.0,0
2005-03-14,11.481348929221664,11.575347865278625,11.454491358554272,11.535062789916992,177600,0.05,0
2005-03-15,11.535064515724235,11.749919990650936,11.535064515724235,11.736491203308105,220100,0.0,0
2005-03-16,11.716344255623522,11.749914928878967,11.340346055839246,11.380632400512695,176500,0.0,0
2005-03-17,11.387350665921376,11.696206378380486,11.380637552742412,11.481350898742676,109900,0.0,0
2005-03-18,11.481344661592301,11.68277124416942,11.447772710736794,11.58205795288086,134200,0.0,0
2005-03-21,11.588776317579262,11.649204569204878,11.454491029380243,11.51491928100586,67800,0.0,0
2005-03-22,11.481351271948592,11.615635310767342,11.3806379226746,11.387351036071777,87800,0.0,0
2005-03-23,11.347062693527315,11.414205333972673,11.259778157395898,11.28663444519043,67700,0.0,0
2005-03-24,11.259779375059056,11.494778001711518,11.259779375059056,11.360492706298828,123900,0.0,0
2005-03-28,11.380632682034756,11.380632682034756,10.8099222581009,11.340346336364746,107700,0.0,0
2005-03-29,11.279920053081959,11.548490614863384,11.145636052830596,11.28663444519043,150300,0.0,0
2005-03-30,11.246352237648942,11.514921587196206,11.246352237648942,11.481350898742676,177000,0.0,0
2005-03-31,11.548491076826371,11.716347044334665,11.185921572301543,11.199350357055664,491400,0.0,0
2005-04-01,11.165776682261374,11.313490730617511,10.82335168803754,11.172491073608398,213100,0.0,0
2005-04-04,11.145636167894954,11.179206848144531,10.870352491802459,11.179206848144531,62000,0.0,0
2005-04-05,11.145639620487874,11.212782282425223,10.977783605964381,11.118782043457031,29400,0.0,0
2005-04-06,11.414205865142725,11.561918656484973,11.27992057800293,11.27992057800293,69200,0.0,0
2005-04-07,11.44106309918326,11.588775886192101,11.400776745839545,11.508204460144043,253100,0.0,0
2005-04-08,11.50149011030822,11.50149011030822,11.31349224990218,11.320206642150879,58700,0.0,0
2005-04-11,11.3202067012586,11.347062989754244,11.078493701600888,11.26649284362793,38000,0.0,0
2005-04-12,11.313490569759633,11.548489141007417,11.212777262264634,11.54177474975586,99800,0.0,0
2005-04-13,11.541775139809909,11.541775139809909,11.279918994706469,11.394061088562012,86900,0.0,0
2005-04-14,11.481348508712623,11.481348508712623,11.21277921507244,11.27992057800293,80700,0.0,0
2005-04-15,11.414204859500527,11.427633643159254,11.185920659859374,11.23963451385498,145900,0.0,0
2005-04-18,11.212777822762071,11.226205325297206,11.011349917064036,11.044921875,76900,0.0,0
2005-04-19,11.044922846506859,11.179206848144531,11.044922846506859,11.179206848144531,479600,0.0,0
2005-04-20,11.179208034328163,11.313493330853705,11.078494702253755,11.212779998779297,42300,0.0,0
2005-04-21,11.380635430049605,11.481348757265026,11.35377785978446,11.447776794433594,264600,0.0,0
2005-04-22,11.414204777391653,11.441062344515904,11.14563550934559,11.159064292907715,59500,0.0,0
2005-04-25,11.246353270561313,11.467923164367676,11.246353270561313,11.467923164367676,33400,0.0,0
2005-04-26,11.615633311074363,11.73648982165295,11.588777020189953,11.729775428771973,343000,0.0,0
2005-04-27,11.682777590743205,11.682777590743205,11.347065583649206,11.481350898742676,88400,0.0,0
2005-04-28,11.4477768225362,11.4477768225362,10.957637689749012,10.97106647491455,34300,0.0,0
2005-04-29,10.97777666028851,11.212775188065,10.749492522521514,10.91063404083252,216600,0.0,0
2005-05-02,10.944208049075106,10.98449440142254,10.890494193251204,10.957636833190918,50400,0.0,0
2005-05-03,10.944208087651317,11.02477951199084,10.910637407882799,10.99792194366455,56000,0.0,0
2005-05-04,11.044921055066695,11.179205034924065,10.944206469374723,11.165776252746582,167100,0.0,0
2005-05-05,11.145636498678586,11.246349823055683,10.991209315924412,11.199350357055664,232500,0.0,0
2005-05-06,11.2463474271972,11.279918101291393,10.910635563698778,10.944206237792969,191900,0.0,0
2005-05-09,10.910638873911752,10.910638873911752,10.816639933418081,10.856925010681152,157800,0.0,0
2005-05-10,10.856921765026597,10.89720683024653,10.742779679704174,10.89049243927002,142300,0.0,0
2005-05-11,10.94420910985035,11.112065085649524,10.930781605072408,11.098637580871582,81800,0.0,0
2005-05-12,11.145635187529393,11.212777822762071,11.011349917064036,11.044921875,151800,0.0,0
2005-05-13,11.0784909194375,11.0784909194375,10.944205668764452,11.004633903503418,182000,0.0,0
2005-05-16,11.07849215602846,11.172491073608398,11.04492147993254,11.172491073608398,130000,0.0,0
2005-05-17,11.212777641200221,11.414204262997425,11.091921155866206,11.394061088562012,108100,0.0,0
2005-05-18,11.414205139925244,11.414205139925244,11.246349181985167,11.313491821289062,47200,0.0,0
2005-05-19,11.347064512241426,11.36049329861074,11.266494355304646,11.300065040588379,10000,0.0,0
2005-05-20,11.333636796011923,11.61563493319647,11.313494895195676,11.481350898742676,234900,0.0,0
2005-05-23,11.514919065115748,11.655918743145094,11.501490280419736,11.635775566101074,146100,0.0,0
2005-05-24,11.548491243375324,11.568633140157583,11.481348599275814,11.51491928100586,50600,0.0,0
2005-05-25,11.514917235718832,11.59548865045498,11.467917777389076,11.48806095123291,57400,0.0,0
2005-05-26,11.488061327744875,11.548489570617676,11.447774978736852,11.548489570617676,54300,0.0,0
2005-05-27,11.51491761311099,11.702916733230728,11.481346936243538,11.548489570617676,79400,0.0,0
2005-05-31,11.548491583218922,11.669346809387207,11.541777190547442,11.669346809387207,152100,0.0,0
2005-06-01,11.595489693395272,11.595489693395272,11.414204954412927,11.568632125854492,99100,0.0,0
2005-06-02,11.58206164888264,11.696203756937784,11.514919006384428,11.689489364624023,195000,0.0,0
2005-06-03,11.702916913740095,11.702916913740095,11.615631103515625,11.615631103515625,74600,0.0,0
2005-06-06,11.61563412707691,11.702919960021973,11.61563412707691,11.702919960021973,37400,0.0,0
2005-06-07,11.702916913740095,11.7163456969499,11.608917992549976,11.615631103515625,25300,0.0,0
2005-06-08,11.615633470098164,11.69620490513345,11.447777487694205,11.528348922729492,89800,0.0,0
2005-06-09,11.615629916664878,11.649201871259104,11.514916614160443,11.602202415466309,91600,0.0,0
2005-06-10,11.615629767310036,11.615629767310036,11.42763194655615,11.555201530456543,50300,0.0,0
2005-06-13,11.514803355136355,11.514803355136355,11.33299036638844,11.43399715423584,183800,0.05,0
2005-06-14,11.3801251379858,11.58213996887207,11.218514043899269,11.58213996887207,53200,0.0,0
2005-06-15,11.548473473362568,11.548473473362568,11.312790079136564,11.501337051391602,58100,0.0,0
2005-06-16,11.44746648149816,11.58214307149954,11.3464596811827,11.521538734436035,56100,0.0,0
2005-06-17,11.582139223190962,11.60233980591947,11.447462677937525,11.595605850219727,167700,0.0,0
2005-06-20,11.548468711631012,11.582138487992479,11.346455190944775,11.535000801086426,77600,0.0,0
2005-06-21,11.535005557264816,11.582143263606953,11.447466671371759,11.501337051391602,50900,0.0,0
2005-06-22,11.494603042045542,11.541739463806152,11.37339436644902,11.541739463806152,77900,0.0,0
2005-06-23,11.481134099330303,11.656213139050164,11.380127306822589,11.514803886413574,263900,0.0,0
2005-06-24,11.514806193502329,11.676417350769043,11.467669766512618,11.676417350769043,333700,0.0,0
2005-06-27,11.676416055440322,11.737020393238584,11.514804916102017,11.541739463806152,279000,0.0,0
2005-06-28,11.575406176992312,11.723549360914397,11.447463577385932,11.52826976776123,185800,0.0,0
2005-06-29,11.528268130184774,11.696613158880183,11.447461951287893,11.535000801086426,173700,0.0,0
2005-06-30,11.54847328181362,11.555207239750805,11.38012818649747,11.521538734436035,225300,0.0,0
2005-07-01,11.481131732970256,11.710081100463867,11.447463237197402,11.710081100463867,158100,0.0,0
2005-07-05,11.710082632443152,11.750486373901367,11.582141304271667,11.750486373901367,145900,0.0,0
2005-07-06,11.750482347612712,11.817819324894893,11.64947431294841,11.811086654663086,99100,0.0,0
2005-07-07,11.71681511824416,11.85149167078694,11.521535529865,11.703347206115723,159100,0.0,0
2005-07-08,11.716815433827842,11.871692574363985,11.548470380800515,11.844758033752441,132500,0.0,0
2005-07-11,11.777421341089333,11.864961499695458,11.622544179704343,11.66968059539795,120400,0.0,0
2005-07-12,11.669679517359906,11.716815928699079,11.561938781621548,11.683147430419922,96800,0.0,0
2005-07-13,11.649474113981578,11.662942022956196,11.555201319900242,11.615805625915527,72200,0.0,0
2005-07-14,11.649475965471844,11.730282147791852,11.555203156407414,11.622541427612305,55000,0.0,0
2005-07-15,11.622543291920099,11.683147617288634,11.615809335282384,11.662945747375488,21300,0.0,0
2005-07-18,11.662948139402673,11.662948139402673,11.514804916102017,11.541739463806152,101300,0.0,0
2005-07-19,11.51480210514949,11.851492217672162,11.51480210514949,11.784153938293457,83000,0.0,0
2005-07-20,11.716814854442019,12.073706811585469,11.716814854442019,12.053504943847656,131500,0.0,0
2005-07-21,12.053504843983413,12.12084311818079,12.033304260783726,12.100641250610352,231800,0.0,0
2005-07-22,12.120843582321422,12.275720719846536,12.053505305545476,12.262252807617188,101100,0.0,0
2005-07-25,12.27572157317559,12.32285798488413,12.120844424884414,12.201650619506836,105300,0.0,0
2005-07-26,12.255519911901622,12.369994595017445,12.23531804392679,12.322856903076172,136700,0.0,0
2005-07-27,12.255522977927464,12.471004486083984,12.221853189546072,12.471004486083984,113300,0.0,0
2005-07-28,12.524871586927253,12.794223401667145,12.363260498083317,12.659546852111816,78800,0.0,0
2005-07-29,12.592213708293134,12.619148255809533,12.295925979385805,12.343062400817871,160100,0.0,0
2005-08-01,12.34979635878976,12.390198822249936,12.107379009286387,12.343062400817871,359700,0.0,0
2005-08-02,12.349793310220157,12.524872321157217,12.114109976867544,12.363261222839355,248400,0.0,0
2005-08-03,12.35652583734133,12.524870872497559,12.2891875664047,12.524870872497559,98000,0.0,0
2005-08-04,12.356525676171179,12.390194169014999,12.255518913269043,12.255518913269043,83200,0.0,0
2005-08-05,12.289187553686686,12.36325978007739,12.228583238343509,12.27571964263916,49000,0.0,0
2005-08-08,12.275721116443373,12.457534084301095,12.268987160111141,12.430598258972168,60800,0.0,0
2005-08-09,12.390192532692947,12.55853754342076,12.356524044295586,12.551803588867188,124600,0.0,0
2005-08-10,12.55180719715039,12.632613390652217,12.457534375040654,12.53834056854248,37700,0.0,0
2005-08-11,12.504670620819134,12.592210769653319,12.356527433123173,12.59221076965332,43600,0.0,0
2005-08-12,12.59221274010794,12.59221274010794,12.491204662667032,12.585478782653809,33500,0.0,0
2005-08-15,12.585479927483735,12.666284855541559,12.518141631188099,12.565278053283691,92400,0.0,0
2005-08-16,12.538335142632372,12.538335142632372,12.45752898409906,12.50466537475586,44900,0.0,0
2005-08-17,12.491205798921376,12.585479927483735,12.457537292959145,12.565278053283691,27700,0.0,0
2005-08-18,12.524872490020298,12.774022454980363,12.457534210387276,12.59221076965332,230200,0.0,0
2005-08-19,12.598943608205259,12.673015845217693,12.53834056854248,12.53834056854248,34600,0.0,0
2005-08-22,12.53834476086371,12.693221958791842,12.457538540343513,12.464272499084473,136500,0.0,0
2005-08-23,12.457537053426107,12.646084022554277,12.376730842550847,12.625882148742676,408000,0.0,0
2005-08-24,12.625879602481406,12.679749970743824,12.39019625969424,12.48447036743164,47600,0.0,0
2005-08-25,12.524869979525727,12.605674871392072,12.45079775833941,12.518136024475098,48100,0.0,0
2005-08-26,12.558543367133408,12.572011282485965,12.457536570731428,12.471004486083984,44400,0.0,0
2005-08-29,12.457531316192194,12.794221351764957,12.22184803441715,12.673012733459473,97700,0.0,0
2005-08-30,12.67974718140823,12.67974718140823,12.484467621054335,12.54507064819336,85200,0.0,0
2005-08-31,12.477736410852478,12.585477147377315,12.44406662795666,12.48447036743164,102100,0.0,0
2005-09-01,12.504670887453274,12.679749904483957,12.497936930909301,12.598943710327148,132800,0.0,0
2005-09-02,12.55854098765138,12.60567739808324,12.51813853361991,12.59221076965332,39900,0.0,0
2005-09-06,12.592210666370775,12.693217442806413,12.491202605564293,12.639347076416016,93300,0.0,0
2005-09-07,12.632611178680655,12.68648153679221,12.619143268060105,12.679747581481934,73200,0.0,0
2005-09-08,12.679745583040368,12.693213491538256,12.605673370672433,12.652811050415039,48600,0.0,0
2005-09-09,12.64607804625309,12.774019333483784,12.612408272478795,12.726882934570312,13700,0.0,0
2005-09-12,12.693217360410184,12.760555639053774,12.652814906972365,12.720151901245117,8700,0.0,0
2005-09-13,12.726905911680973,12.774167424245714,12.632381598771856,12.672892570495605,16000,0.05,0
2005-09-14,12.693149381458193,12.693149381458193,12.443338109969673,12.490599632263184,40100,0.0,0
2005-09-15,12.483844844327843,12.49059667273855,12.396073650547835,12.429831504821777,12100,0.0,0
2005-09-16,12.3623121114547,12.40282307406391,12.308298782421765,12.38931941986084,115400,0.0,0
2005-09-19,12.423083315275443,12.423083315275443,12.085499522535459,12.227285385131836,49000,0.0,0
2005-09-20,12.21377423531793,12.585115664527018,12.153009086861289,12.254283905029297,78400,0.0,0
2005-09-21,12.254284880772598,12.436580340657736,12.119252208389717,12.402822494506836,75300,0.0,0
2005-09-22,12.40957865988034,12.46359201087841,12.321807447425927,12.456841468811035,29100,0.0,0
2005-09-23,12.456834758350416,12.456834758350416,12.098995695892649,12.308297157287598,48100,0.0,0
2005-09-26,12.375817609583253,12.409575462341309,12.15976426126081,12.409575462341309,69100,0.0,0
2005-09-27,12.443333519271494,12.443333519271494,12.321803199478506,12.382568359375,13800,0.0,0
2005-09-28,12.423080624582791,12.456839769212941,11.984222046628394,12.200275421142578,58100,0.0,0
2005-09-29,12.234034173541366,12.396074199231892,12.234034173541366,12.335309028625488,31300,0.0,0
2005-09-30,12.335306090827906,12.477090596622107,12.288044588896506,12.38931941986084,45300,0.0,0
2005-10-03,12.423078220112613,12.544608541699734,12.240782737731934,12.240782737731934,46600,0.0,0
2005-10-04,12.22052636492588,12.436579659122001,12.119251544243848,12.32180118560791,57900,0.0,0
2005-10-05,12.288044708974317,12.288044708974317,11.734406471252441,11.734406471252441,83100,0.0,0
2005-10-06,11.680393141691692,11.842434418153296,11.437333802558,11.734406471252441,133100,0.0,0
2005-10-07,11.781669667430618,11.828931171452524,11.545360859541695,11.61287784576416,14900,0.0,0
2005-10-10,11.61287607001572,11.714150889973578,11.585868764544715,11.63988208770752,33500,0.0,0
2005-10-11,11.639886171975805,11.680395856617372,11.444088289725187,11.477846145629883,36600,0.0,0
2005-10-12,11.477843844936931,11.518353521458476,11.342809872825914,11.498099327087402,21000,0.0,0
2005-10-13,11.457591790232515,11.639887320780804,11.410330272189578,11.599377632141113,23000,0.0,0
2005-10-14,11.612877490673519,11.612877490673519,11.4845953495513,11.565614700317383,30100,0.0,0
2005-10-17,11.579120512723064,11.612879654983475,11.511603515981843,11.552114486694336,19800,0.0,0
2005-10-18,11.612879392619105,11.673644559535404,11.363066896654367,11.450838088989258,24300,0.0,0
2005-10-19,11.410331773317983,11.511606652130697,11.207782015692556,11.50485610961914,59500,0.0,0
2005-10-20,11.47784302348559,11.49809850418641,11.147011232048053,11.241534233093262,12400,0.0,0
2005-10-21,11.241534140239636,11.255037793928645,10.971467505355966,11.045736312866211,53100,0.0,0
2005-10-24,11.072744951744163,11.167269262147828,10.829685566742338,11.05924129486084,97100,0.0,0
2005-10-25,11.065988475838388,11.174015109977042,10.998472795336024,11.120001792907715,84000,0.0,0
2005-10-26,10.735160474305093,10.917455965611323,10.620381974717413,10.836435317993164,335900,0.0,0
2005-10-27,10.802679153889608,10.903954013401382,10.735162151621857,10.748665809631348,100900,0.0,0
2005-10-28,10.735159873962402,10.775670195506024,10.640636863510151,10.735159873962402,34900,0.0,0
2005-10-31,10.667647868671683,10.768922747886833,10.579876006203227,10.755419731140137,98100,0.0,0
2005-11-01,10.748660973561641,10.883694917342268,10.633882507681847,10.802674293518066,798800,0.0,0
2005-11-02,10.802674669434586,10.903949486904699,10.714902860478679,10.816178321838379,40800,0.0,0
2005-11-03,10.883696237023619,11.140259215980901,10.883696237023619,10.951211929321289,31400,0.0,0
2005-11-04,10.951213817580845,10.951213817580845,10.802677466023642,10.836435317993164,38100,0.0,0
2005-11-07,10.836439258892982,11.065996341551623,10.836439258892982,10.991728782653809,67700,0.0,0
2005-11-08,11.072744039742018,11.072744039742018,10.593375205993652,10.593375205993652,147700,0.0,0
2005-11-09,10.593375289465866,10.795925620400173,10.485348618004837,10.539361953735352,1054600,0.0,0
2005-11-10,10.539364755689917,10.573123260468831,10.363821689841423,10.525861740112305,211800,0.0,0
2005-11-11,10.485350210738753,10.53261236959943,10.431336866803564,10.505605697631836,55300,0.0,0
2005-11-14,10.532612860575826,10.714907743882279,10.417834338390701,10.54611587524414,190500,0.0,0
2005-11-15,10.546113030224372,10.600126362106236,10.431334539002984,10.478596687316895,97400,0.0,0
2005-11-16,10.46509111800039,10.46509111800039,9.958715741322951,10.093749046325684,140800,0.0,0
2005-11-17,10.059993181114308,10.23553684531592,9.992476832960442,10.188275337219238,124900,0.0,0
2005-11-18,10.262545722238956,10.566370964050293,10.181525700681926,10.566370964050293,125400,0.0,0
2005-11-21,10.63388601854356,10.802677860107744,10.552866011859525,10.78242301940918,152400,0.0,0
2005-11-22,10.735161697605196,10.978222380377579,10.654141684644344,10.903953552246094,120200,0.0,0
2005-11-23,10.897200645654316,10.937711613962428,10.86344279317708,10.876946449279785,20700,0.0,0
2005-11-25,11.005230787270465,11.032238107987366,10.978224754333496,10.978224754333496,24100,0.0,0
2005-11-28,10.951211351109016,11.072741651275006,10.897198027455158,10.964715003967285,91500,0.0,0
2005-11-29,11.005226037966871,11.288796344219948,10.978220016684345,11.092998504638672,94700,0.0,0
2005-11-30,11.092996778089722,11.342807909134033,11.092996778089722,11.234781265258789,185000,0.0,0
2005-12-01,11.234786571044534,11.599377632141113,11.221284200017825,11.599377632141113,138400,0.0,0
2005-12-02,11.545361264498165,11.977467931031143,11.430582770227913,11.957212448120117,55500,0.0,0
2005-12-05,11.963963336561214,12.13950697800456,11.84918485130131,12.105749130249023,67100,0.0,0
2005-12-06,12.153013414877341,12.288047412376724,12.078744587474716,12.159765243530273,138700,0.0,0
2005-12-07,12.15301063221851,12.15301063221851,12.031480319851632,12.105749130249023,25500,0.0,0
2005-12-08,12.105751397252565,12.166516564815295,11.984221062127107,12.004476547241211,67100,0.0,0
2005-12-09,11.990969614618308,12.146257761396985,11.835681467839631,11.876191139221191,45300,0.0,0
2005-12-12,11.91670453407146,11.950463677253769,11.545362973523538,11.700651168823242,66800,0.0,0
2005-12-13,11.748188157220026,12.033404350280762,11.700652340918879,12.033404350280762,35400,0.1,0
2005-12-14,12.026610299634363,12.074147399194185,11.88400288671547,11.897584915161133,20300,0.0,0
2005-12-15,11.884005082154118,11.917958864287339,11.639533705982887,11.768560409545898,48300,0.0,0
2005-12-16,11.795721931827364,12.040191960110246,11.714231058897415,12.019820213317871,80400,0.0,0
2005-12-19,11.985864506167863,12.053773347457744,11.680276663243518,11.707439422607422,44000,0.0,0
2005-12-20,11.775349817518002,11.911167518017333,11.66669617521997,11.788931846618652,49300,0.0,0
2005-12-21,11.985868730717815,12.080941660134505,11.856842016315511,12.04698657989502,95200,0.0,0
2005-12-22,12.019816731280763,12.053770496267596,11.81609025560043,11.938325881958008,72400,0.0,0
2005-12-23,11.917954952678356,11.951910018920898,11.850047410699943,11.951910018920898,9400,0.0,0
2005-12-27,11.917961986338543,11.924753003594928,11.68028285863561,11.741400718688965,18600,0.0,0
2005-12-28,11.782139261444142,12.108100144885851,11.721021433892146,12.080937385559082,14300,0.0,0
2005-12-29,11.88400113265454,11.999445766896173,11.673484903832733,11.680275917053223,33400,0.0,0
2005-12-30,11.68027657196997,11.68027657196997,11.510505117698623,11.619158744812012,21600,0.0,0
2006-01-03,11.680278193899687,12.237128433993682,11.442597865864704,11.829676628112793,261800,0.0,0
2006-01-04,11.829674420684952,11.829674420684952,11.313569068908691,11.313569068908691,127100,0.0,0
2006-01-05,11.374688047657738,11.415432836202257,11.211707598226194,11.367897033691406,66600,0.0,0
2006-01-06,11.31357031751319,11.395061190578145,11.164171894689837,11.374688148498535,66700,0.0,0
2006-01-09,11.408644483478223,11.544462203979492,11.388272732080676,11.544462203979492,71400,0.0,0
2006-01-10,11.544464283500798,11.673491011693399,11.517300216405928,11.598791122436523,62400,0.0,0
2006-01-11,11.60558088850829,11.680280769714964,11.462972142136811,11.57841682434082,42900,0.0,0
2006-01-12,11.612365223153796,11.714227814665481,11.3543119430542,11.3543119430542,30300,0.0,0
2006-01-13,11.35431709386404,11.63953325663503,11.340736358687298,11.612370491027832,62500,0.0,0
2006-01-17,11.61236845841338,11.653113247319116,11.31357031751319,11.374688148498535,56200,0.0,0
2006-01-18,11.40185323869345,11.51729660185423,11.395062224051003,11.462969779968262,19800,0.0,0
2006-01-19,11.408641915970549,11.476550760938341,11.27282552128845,11.415432929992676,35600,0.0,0
2006-01-20,11.47655145661736,11.47655145661736,11.218499384401479,11.232081413269043,46200,0.0,0
2006-01-23,11.238868914989444,11.361104560172954,11.17775109239769,11.293195724487305,34100,0.0,0
2006-01-24,11.306776663055158,11.388267517089844,11.150587262679625,11.388267517089844,62600,0.0,0
2006-01-25,11.408640918059273,11.408640918059273,11.109844098742256,11.184542655944824,37700,0.0,0
2006-01-26,11.204917513979844,11.435806826979109,11.204917513979844,11.408642768859863,56100,0.0,0
2006-01-27,11.40185421470077,11.632742256040126,11.361108123358195,11.571625709533691,56300,0.0,0
2006-01-30,11.632739551759967,12.169217972437849,11.625949833368335,12.080937385559082,102200,0.0,0
2006-01-31,12.053774824838348,12.074147868298374,11.782140721639184,11.822885513305664,127800,0.0,0
2006-02-01,11.788930757258592,11.788930757258592,11.578413211412213,11.591995239257812,55300,0.0,0
2006-02-02,11.524088105636665,11.571625210151502,11.367898647991742,11.537670135498047,95300,0.0,0
2006-02-03,11.537665823948428,11.659901456514904,11.157378196716309,11.157378196716309,305900,0.0,0
2006-02-06,11.157379746143267,11.408640763308632,10.940072500404566,11.361104965209961,209300,0.0,0
2006-02-07,11.374689194425295,11.653114318847656,11.374689194425295,11.653114318847656,73000,0.0,0
2006-02-08,11.598783142474874,12.223542008028687,11.598783142474874,12.209959983825684,239400,0.0,0
2006-02-09,12.209964269641826,12.474808653550856,12.142055420043267,12.366153717041016,165300,0.0,0
2006-02-10,12.393318352158593,12.563089836434738,12.291455720643631,12.48838996887207,242700,0.0,0
2006-02-13,12.454435339233303,12.597042754560604,12.345781700340059,12.495180130004883,251200,0.0,0
2006-02-14,12.678534677160552,13.160685077613348,12.488390145786319,13.004495620727539,3664300,0.0,0
2006-02-15,13.004494390885434,13.269338765834078,12.990912362374521,13.17426586151123,938500,0.0,0
2006-02-16,13.106362466295566,13.174271341845847,12.855101310589816,13.072408676147461,960600,0.0,0
2006-02-17,13.004494885889143,13.215011154807245,12.902632258687065,13.208221435546875,614000,0.0,0
2006-02-21,13.174264500974225,13.56134320678596,13.174264500974225,13.439108848571777,740100,0.0,0
2006-02-22,13.473061357049628,13.676786563546544,13.473061357049628,13.500224113464355,883200,0.0,0
2006-02-23,13.466273676827377,13.466273676827377,12.970541268479698,13.11314868927002,445900,0.0,0
2006-02-24,13.04523611422151,13.411943026281905,12.916210759462386,13.344034194946289,529700,0.0,0
2006-02-27,13.310088816161581,13.717540765736189,13.310088816161581,13.568140983581543,521800,0.0,0
2006-02-28,13.5681380392624,13.581720070193496,13.377994787242098,13.520602226257324,330500,0.0,0
2006-03-01,13.710747956396467,13.955218057978522,13.60209429008136,13.853355407714844,217000,0.0,0
2006-03-02,13.819395369668943,13.900884934905688,13.71753276549637,13.880513191223145,231900,0.0,0
2006-03-03,13.78544050344421,14.294754826900327,13.758277746391602,13.975584983825684,260200,0.0,0
2006-03-06,13.989167511556788,14.165729972115908,13.989167511556788,14.09103012084961,359900,0.0,0
2006-03-07,14.057077194436218,14.260802425267235,14.023122125795428,14.124984741210938,538000,0.0,0
2006-03-08,14.124984741210938,14.267593438995393,14.023122125795428,14.124984741210938,331100,0.0,0
2006-03-09,14.11140563453191,14.14535941183048,13.914470099490183,14.023123741149902,260200,0.0,0
2006-03-10,13.975585634735625,14.315128532853839,13.93484084963238,14.287965774536133,237900,0.0,0
2006-03-13,14.397138438891476,14.485840613330305,14.199262455347935,14.342552185058594,312600,0.1,0
2006-03-14,14.328907184450127,15.01123609799537,14.328907184450127,14.629132270812988,319500,0.0,0
2006-03-15,14.697362259063043,14.772417538419866,14.506309735873552,14.608658790588379,233900,0.0,0
2006-03-16,14.567722672735476,14.595015152731762,14.049152538414761,14.1924409866333,403700,0.0,0
2006-03-17,14.22656017076203,14.356203047538662,14.110564186580687,14.151503562927246,175200,0.0,0
2006-03-20,14.192437297101442,14.206084184271441,14.042325442547824,14.158321380615234,662300,0.0,0
2006-03-21,14.090091728657361,14.410787149220246,13.89221702154158,14.33573055267334,748800,0.0,0
2006-03-22,14.267496357753165,14.554074530996028,14.226556990558189,14.328906059265137,192000,0.0,0
2006-03-23,14.260675768220354,14.45172835578071,13.980920983737967,14.083270072937012,106100,0.0,0
2006-03-24,14.055973849272755,14.124206991060468,13.72845633041845,14.001387596130371,76500,0.0,0
2006-03-27,14.015040664267985,14.206091983784948,13.994570322274237,14.124213218688965,79000,0.0,0
2006-03-28,14.028680550695842,14.049150884362364,13.789865197008993,13.967270851135254,132400,0.0,0
2006-03-29,13.987739973340169,14.001386861269243,13.823981222507875,13.90585994720459,302700,0.0,0
2006-03-30,13.885393754119661,14.26749758414156,13.878570308760807,14.1924409866333,230600,0.0,0
2006-03-31,14.178792919103183,14.547249794006348,14.178792919103183,14.547249794006348,300800,0.0,0
2006-04-03,14.533608317680553,14.717837474454607,14.472198598755869,14.683721542358398,330300,0.0,0
2006-04-04,14.751947062597017,15.311456388213745,14.751947062597017,15.052170753479004,305100,0.0,0
2006-04-05,15.079468477380306,15.352399768533084,15.058998142504203,15.30463695526123,117700,0.0,0
2006-04-06,15.304639341297895,15.659450725832132,15.147703987098263,15.181819915771484,297900,0.0,0
2006-04-07,15.215928668392126,15.250045882414431,14.90888155082323,14.9771146774292,138200,0.0,0
2006-04-10,14.963471182985622,15.195463085158961,14.922531818319428,15.188639640808105,143700,0.0,0
2006-04-11,15.215932765022004,15.215932765022004,14.595013618469238,14.595013618469238,144200,0.0,0
2006-04-12,14.499487901851296,14.588190078735352,14.287966325097793,14.588190078735352,93700,0.0,0
2006-04-13,14.499490257223211,14.622309677044079,14.328908018902938,14.376670837402344,117700,0.0,0
2006-04-17,14.342557456132644,14.58137289245885,14.260677394571871,14.513139724731445,74900,0.0,0
2006-04-18,14.533604334926324,14.867946624755861,14.499488412179161,14.86794662475586,99500,0.0,0
2006-04-19,14.908890123759175,14.956652949416423,14.349380506449593,14.731484413146973,123700,0.0,0
2006-04-20,14.772419225954595,14.997587692624979,14.683717048785832,14.833828926086426,70900,0.0,0
2006-04-21,14.970297956582256,15.072647041728635,14.465374675279454,14.779245376586914,116900,0.0,0
2006-04-24,14.67006654310506,14.711005899287642,14.451721574879729,14.649596214294434,67400,0.0,0
2006-04-25,14.635954748531896,15.045351028442383,14.56772160140047,15.045351028442383,91200,0.0,0
2006-04-26,15.113585062613108,15.345576995612495,15.031706322401037,15.284167289733887,189800,0.0,0
2006-04-27,15.215935216953715,15.318285601631061,14.98394326751302,15.004413604736328,131100,0.0,0
2006-04-28,15.01123467807112,15.168170000996504,14.827005576494887,14.840652465820312,201900,0.0,0
2006-05-01,14.670072921743673,14.745129525245707,14.07644614250962,14.117386817932129,115600,0.0,0
2006-05-02,14.07644908737022,14.328911432868427,13.912690255738749,14.124213218688965,252800,0.0,0
2006-05-03,14.090088971220183,14.349374635036744,13.946800552878551,14.055973052978516,164000,0.0,0
2006-05-04,14.124211282603598,14.199266590080075,13.89904275729551,13.919511795043945,63400,0.0,0
2006-05-05,13.92633728258246,14.008217349895109,13.919513835186446,13.974100112915039,195100,0.0,0
2006-05-08,13.919508853684036,14.11056140808014,13.72163415577294,14.069622039794922,253800,0.0,0
2006-05-09,14.083265817002262,14.758771163306731,14.055973342135244,14.533602714538574,132400,0.0,0
2006-05-10,14.670074058755153,14.724660328776668,14.165150735696301,14.171974182128906,149700,0.0,0
2006-05-11,14.11056303818352,14.185619639909774,13.783045451187654,14.049153327941895,207400,0.0,0
2006-05-12,14.055976825564679,14.124209981800465,13.878571139927315,14.096916198730469,112600,0.0,0
2006-05-15,14.055974495718315,14.055974495718315,13.817159139197475,13.892215728759766,175200,0.0,0
2006-05-16,13.823987134662321,13.851279620753882,13.366826605033767,13.585171699523926,88600,0.0,0
2006-05-17,13.448709995627532,13.646586119044818,13.29859801683639,13.578352928161621,105800,0.0,0
2006-05-18,13.632926962019361,13.673867620599863,13.325879831297792,13.353172302246094,40600,0.0,0
2006-05-19,13.339526516568185,13.646574974060059,13.298587156048871,13.646574974060059,133000,0.0,0
2006-05-22,13.63975274346403,13.646576187730565,13.271295863143543,13.380468368530273,177100,0.0,0
2006-05-23,13.38047475945205,13.38047475945205,12.909667291700478,12.930137634277344,225500,0.0,0
2006-05-24,12.950599862006415,13.02565644386088,12.657198279963172,12.96424674987793,258800,0.0,0
2006-05-25,12.998365347389594,13.032482574100749,12.68449467028174,12.950602531433105,136600,0.0,0
2006-05-26,12.964251963297526,13.01883823529594,12.759553768663316,12.793669700622559,60000,0.0,0
2006-05-30,12.759550829811824,12.971072422406912,12.411562937932691,12.500265121459961,324500,0.0,0
2006-05-31,12.541208768879752,12.684498562152667,12.302394615824104,12.623088836669922,287200,0.0,0
2006-06-01,12.55485418267615,12.793669608998668,12.520738250961237,12.69814395904541,194200,0.0,0
2006-06-02,12.698138341701066,12.977893022612758,12.698138341701066,12.834603309631348,114900,0.0,0
2006-06-05,12.76637052649463,13.025656185148073,12.691315247569756,12.902836799621582,166100,0.0,0
2006-06-06,12.902840035916052,12.902840035916052,12.486618969777096,12.773197174072266,182300,0.0,0
2006-06-07,12.786844264398264,13.066599027542152,12.773197373162176,13.032483100891113,158000,0.0,0
2006-06-08,13.032485266072296,13.066601198391261,12.82096362252804,12.936958312988281,295000,0.0,0
2006-06-09,12.896016739059,12.896016739059,12.704965468286044,12.827783584594727,97700,0.0,0
2006-06-12,12.827782928942609,12.875547045633708,12.418386625960334,12.561675071716309,166800,0.0,0
2006-06-13,12.582258612726683,12.8360984278125,12.300975948146677,12.431326866149902,239500,0.1,0
2006-06-14,12.44504466840544,12.602838406563793,12.31469508318559,12.568534851074219,87200,0.0,0
2006-06-15,12.623418443947912,13.110518433143135,12.623418443947912,13.103657722473145,166400,0.0,0
2006-06-16,13.103660996465052,13.13796324983877,13.00761233163388,13.041915893554688,315500,0.0,0
2006-06-19,13.062495761221356,13.137960967241586,13.021331494068294,13.117380142211914,178700,0.0,0
2006-06-20,13.076215121662774,13.076215121662774,12.91842269897461,12.91842269897461,171800,0.0,0
2006-06-21,12.897838811972752,13.144819132874737,12.856675861337958,13.035050392150879,180000,0.0,0
2006-06-22,13.096799110603511,13.323197364807129,12.966448204078105,13.323197364807129,114700,0.0,0
2006-06-23,13.31633542145043,13.343778265990082,13.035052807653239,13.083076477050781,150700,0.0,0
2006-06-26,13.089937854333211,13.089937854333211,12.829237360673702,12.83609676361084,169300,0.0,0
2006-06-27,12.8635406073821,13.014472346098458,12.82923835584789,12.84981918334961,124700,0.0,0
2006-06-28,12.884122376975784,13.021332687757061,12.637141985603712,12.925285339355469,76100,0.0,0
2006-06-29,12.966444602061816,13.172261972329006,12.87725799092866,13.035050392150879,294500,0.0,0
2006-06-30,13.062494683740507,13.062494683740507,12.403880857633771,12.595976829528809,1210800,0.0,0
2006-07-03,12.575398997397448,12.774355747945517,12.541096741084361,12.726330757141113,119100,0.0,0
2006-07-05,12.657718777964394,12.705742431893345,12.314691182990252,12.45190143585205,165800,0.0,0
2006-07-06,12.451902507111035,12.534229712748012,12.410739558565817,12.4862060546875,245500,0.0,0
2006-07-07,12.417601694714286,12.486207489202657,12.04027047930159,12.122597694396973,130200,0.0,0
2006-07-10,12.122600482083191,12.170624156704461,11.834457125808582,12.019692420959473,110100,0.0,0
2006-07-11,11.978529534889875,12.047135353088379,11.64922317779363,12.047135353088379,114900,0.0,0
2006-07-12,12.005970870000091,12.067715967729564,11.937365060462124,11.978528022766113,130400,0.0,0
2006-07-13,12.31469469328242,12.383299184995751,12.095155870740633,12.218646049499512,223200,0.0,0
2006-07-14,12.294115808271062,12.81551819601693,12.287255095578033,12.671445846557617,247900,0.0,0
2006-07-17,12.623417086394081,12.692022877169185,12.300971570861702,12.355855941772461,403100,0.0,0
2006-07-18,12.417601022615392,12.506787634640391,11.868756004961185,12.355855941772461,171600,0.0,0
2006-07-19,12.37643863247624,12.692023452378933,12.369577922233137,12.417601585388184,242600,0.0,0
2006-07-20,12.47935007487414,12.62342110365892,11.930504882555992,11.957947731018066,217000,0.0,0
2006-07-21,11.95794394078219,11.95794394078219,11.52572837433049,11.64235782623291,292900,0.0,0
2006-07-24,11.731550049096473,11.765852302833736,11.512012484664954,11.594338417053223,181000,0.0,0
2006-07-25,11.62863998015402,12.211786044716222,11.62863998015402,11.90992259979248,545100,0.0,0
2006-07-26,11.83445555504615,11.971667157363964,11.635498862540002,11.930502891540527,215600,0.0,0
2006-07-27,11.971669963651049,12.005972217997906,11.614920760836371,11.745271682739258,377600,0.0,0
2006-07-28,11.807015582936684,11.98539018591645,11.77271332828744,11.94422721862793,297100,0.0,0
2006-07-31,11.978524085479332,12.012827633246385,11.73840579384271,11.800150871276855,912800,0.0,0
2006-08-01,11.81387380245424,11.903061739396058,11.731547885250716,11.786432266235352,265400,0.0,0
2006-08-02,11.82759553387848,12.122599580084078,11.745269614523878,12.115738868713379,635500,0.0,0
2006-08-03,12.21178621080938,12.280392015969479,12.115738868713379,12.115738868713379,4175500,0.0,0
2006-08-04,12.163759317781766,12.163759317781766,11.662939297301746,11.800150871276855,1432500,0.0,0
2006-08-07,11.7795711540333,11.971667135213451,11.738408196832845,11.9236421585083,297100,0.0,0
2006-08-08,11.985389179143834,11.985389179143834,11.800155187631583,11.84817886352539,257600,0.0,0
2006-08-09,11.971666126945806,11.978525528779162,11.813872405297802,11.834454536437988,195100,0.0,0
2006-08-10,11.841316244107391,12.088296604403753,11.697243931085573,11.9236421585083,184100,0.0,0
2006-08-11,11.930503425077761,11.930503425077761,11.786432413893277,11.90992259979248,107100,0.0,0
2006-08-14,11.978527073579826,12.10201725925333,11.834456062658656,11.903061866760254,115200,0.0,0
2006-08-15,12.053997046127296,12.09516001697537,11.875622427722648,11.971671104431152,125900,0.0,0
2006-08-16,12.040273269231196,12.074576828697428,11.909923668900504,12.0265531539917,125400,0.0,0
2006-08-17,12.026551755074674,12.300973656149056,11.971667374859798,12.074575424194336,175700,0.0,0
2006-08-18,12.108877091958858,12.108877091958858,11.916782424668055,12.005969047546387,132900,0.0,0
2006-08-21,11.96480775641327,11.978527871309803,11.73154879206169,11.772711753845215,114000,0.0,0
2006-08-22,11.738407275498481,11.923641222635132,11.717825144240313,11.855036735534668,179700,0.0,0
2006-08-23,11.83445311049736,11.96480397491906,11.71782366518248,11.800150871276855,235200,0.0,0
2006-08-24,11.855038942990138,11.875619769533824,11.683525076208985,11.758990287780762,255000,0.0,0
2006-08-25,11.738407208210539,11.957944706185684,11.717825077070353,11.834454536437988,240100,0.0,0
2006-08-28,11.813874769794776,11.903062714039457,11.77271180782252,11.868759155273438,144300,0.0,0
2006-08-29,11.923644627268256,12.053995545363138,11.834457983443603,11.992250442504883,228700,0.0,0
2006-08-30,12.012832685976557,12.19806799619101,11.964809007449944,12.108880043029785,196500,0.0,0
2006-08-31,12.18434384777198,12.397020651656542,12.143180890885537,12.232367515563965,377300,0.0,0
2006-09-01,12.246096521634433,12.287259504013958,12.102024120484673,12.211792945861816,174200,0.0,0
2006-09-05,12.191207061071,12.34213880633307,12.163764211815854,12.314697265625,285400,0.0,0
2006-09-06,12.287252917171514,12.32841587748476,12.170623439161552,12.252950668334961,113900,0.0,0
2006-09-07,12.259811379811655,12.451906066971416,12.16376272768486,12.252950668334961,389400,0.0,0
2006-09-08,12.280395998740754,12.349001826151056,12.273535285144991,12.32841968536377,151000,0.0,0
2006-09-11,12.218645231490244,12.335274691560365,12.074574238281297,12.259809494018555,180300,0.0,0
2006-09-12,12.287254291920238,12.342138681327564,12.218648478024315,12.27353286743164,244100,0.0,0
2006-09-13,12.31492643600012,12.383917882221603,12.25973354220341,12.349421501159668,154600,0.1,0
2006-09-14,12.314926704777172,12.349421770689585,12.10795236159544,12.321825981140137,100400,0.0,0
2006-09-15,12.418415860682426,12.446012972006125,12.142451326958911,12.197644233703613,474800,0.0,0
2006-09-18,11.866484781662306,12.197642165993656,11.866484781662306,12.183843612670898,312900,0.0,0
2006-09-19,12.280431873274713,12.425314063382453,12.1424502763035,12.383919715881348,171700,0.0,0
2006-09-20,12.425309641049475,12.5080983065861,12.308024601620831,12.473603248596191,178200,0.0,0
2006-09-21,12.970342797384657,13.584365264439493,12.901352662214375,13.432583808898926,731400,0.0,0
2006-09-22,13.2532040106758,13.45327904867376,13.204910398994148,13.315296173095703,479700,0.0,0
2006-09-25,13.322196394412659,13.646455780274591,13.260104227583877,13.556766510009766,349400,0.0,0
2006-09-26,13.50847436587279,13.805136680603027,13.494675812652206,13.805136680603027,197500,0.0,0
2006-09-27,13.694754431270125,13.977618265993705,13.6188636848165,13.825838088989258,209200,0.0,0
2006-09-28,13.812036388948297,14.101799436125622,13.76374276706916,14.005210876464844,280900,0.0,0
2006-09-29,13.943121946293644,14.108701996851327,13.894828313173823,13.936223983764648,353900,0.0,0
2006-10-02,13.798234342756343,14.039703706935013,13.749940733101042,13.887922286987305,203300,0.0,0
2006-10-03,13.915522784712056,14.09490003287022,13.887925677655804,13.984514236450195,419700,0.0,0
2006-10-04,13.9707150457471,14.2397802477616,13.9707150457471,14.163890838623047,110200,0.0,0
2006-10-05,14.212185212353226,14.432956806844519,14.184588105090564,14.391562461853027,125000,0.0,0
2006-10-06,14.398460260533234,14.398460260533234,13.653355547665779,13.90172290802002,257400,0.0,0
2006-10-09,13.798236768338867,14.156991240132255,13.756842426486523,14.136293411254883,146900,0.0,0
2006-10-10,14.136293968369722,14.232881208465852,13.998312384789886,14.143193244934082,233300,0.0,0
2006-10-11,14.108698413788284,14.23288144631465,14.019009132855242,14.122495651245117,60400,0.0,0
2006-10-12,14.170790957605476,14.232881817536875,14.06040384375435,14.205286026000977,192300,0.0,0
2006-10-13,14.19148866342501,14.274278676786594,14.108699965966048,14.184589385986328,151000,0.0,0
2006-10-16,14.046606250398327,14.198386389760277,13.936220455243731,13.970715522766113,182300,0.0,0
2006-10-17,13.90862023063228,14.12249249631312,13.90862023063228,14.087997436523438,200100,0.0,0
2006-10-18,14.143193339092555,14.281176239493467,13.694750886643282,13.805136680603027,272300,0.0,0
2006-10-19,13.743042052452985,13.846528551319354,13.73614277707493,13.798234939575195,124400,0.0,0
2006-10-20,13.832732557393745,13.832732557393745,13.52227300340956,13.618860244750977,205900,0.0,0
2006-10-23,13.52227232389342,13.812035349259078,13.315297982402289,13.591263771057129,352800,0.0,0
2006-10-24,13.577463708164437,13.701648036065079,13.453279380263794,13.584362983703613,121500,0.0,0
2006-10-25,13.72234534117174,14.129393410231442,13.70854810519692,13.963814735412598,377300,0.0,0
2006-10-26,14.019008132647569,14.060402473869681,13.722345836100603,13.763741493225098,430500,0.0,0
2006-10-27,13.77753715607286,13.812033533069876,13.625757044992682,13.701647758483887,156600,0.0,0
2006-10-30,13.680949889952718,13.832730000563243,13.653354104342727,13.798234939575195,128100,0.0,0
2006-10-31,13.770641233591974,13.81203689606754,13.598163254318111,13.660255432128906,217900,0.0,0
2006-11-01,13.660252323282062,13.722344486961711,13.46017859712717,13.529170036315918,277800,0.0,0
2006-11-02,13.43258745106995,13.763746242830557,13.425688172501724,13.563671112060547,331800,0.0,0
2006-11-03,13.563672836890142,13.625765035997308,13.439488438675813,13.494681358337402,372600,0.0,0
2006-11-06,13.494677101238391,13.556769280757642,13.37739201946898,13.446383476257324,201000,0.0,0
2006-11-07,13.398086651975454,13.529170256981875,13.287700873833924,13.35669231414795,238200,0.0,0
2006-11-08,13.349796226295194,13.480879862602793,13.267006214968662,13.446383476257324,559400,0.0,0
2006-11-09,13.44638490707861,13.522275649211533,13.34289836883545,13.34289836883545,527700,0.0,0
2006-11-10,13.356695617161913,13.446383590617739,13.28080488245903,13.404989242553711,227500,0.0,0
2006-11-13,13.404987799380136,13.832732420430402,13.404987799380136,13.749943733215332,425500,0.0,0
2006-11-14,13.798234581083495,14.225980432094048,13.756840245792858,14.198383331298828,260900,0.0,0
2006-11-15,14.163891042229114,14.446754801208584,14.136293936034798,14.384662628173828,345500,0.0,0
2006-11-16,14.391562350884326,14.501948147278823,14.267378000964895,14.43295669555664,168800,0.0,0
2006-11-17,14.405365567303834,14.405365567303834,14.136300241407296,14.15009880065918,137000,0.0,0
2006-11-20,13.867230174988965,14.246681213378906,13.743045815980594,14.246681213378906,147700,0.0,0
2006-11-21,14.21218356020886,14.377762236829065,14.129393563947584,14.37086296081543,241900,0.0,0
2006-11-22,14.40536125367438,14.508849101171434,14.336371109879869,14.453656196594238,295000,0.0,0
2006-11-24,14.453656196594238,14.626134187885803,14.439857641474278,14.453656196594238,30000,0.0,0
2006-11-27,14.38465887876429,14.501943917714486,14.219080232464382,14.439851760864258,364600,0.0,0
2006-11-28,14.45365415367055,14.481249944107352,14.30877197719435,14.350166320800781,255700,0.0,0
2006-11-29,14.315668946042347,14.508844711569173,14.260476058163574,14.446752548217773,194900,0.0,0
2006-11-30,14.3777620749392,14.501946409981658,14.343267011161778,14.357064247131348,292100,0.0,0
2006-12-01,14.357065230183466,14.536442469093458,14.281175821496396,14.501947402954102,256100,0.0,0
2006-12-04,14.488145104758193,14.633025924172776,14.391557891815138,14.467447280883789,166700,0.0,0
2006-12-05,14.488151268491494,14.495050546051473,14.40536125367438,14.453656196594238,128200,0.0,0
2006-12-06,14.377763427140042,14.474350667522536,14.267377633587918,14.350166320800781,153100,0.0,0
2006-12-07,14.384662421394168,14.426056764188145,14.122495179926638,14.163890838623047,186100,0.0,0
2006-12-08,14.163889050211848,14.557138546856848,14.122493396742286,14.51574420928955,213000,0.0,0
2006-12-11,14.453653301626135,14.515745471326671,14.37086330339129,14.460551261901855,282600,0.0,0
2006-12-12,14.495048870516355,14.536443215188669,14.294973792112273,14.43295669555664,230800,0.0,0
2006-12-13,14.495368547821165,14.550853160217459,14.439883935424872,14.474562644958496,167900,0.11,0
2006-12-14,14.467639383736827,14.654899285330409,14.44683214006703,14.509252548217773,124600,0.0,0
2006-12-15,14.516182766873214,14.557795915503654,14.398277743371851,14.460698127746582,253400,0.0,0
2006-12-18,14.391341187670458,14.398276932527965,14.051497626800966,14.127789497375488,212600,0.0,0
2006-12-19,14.037630942658675,14.113922839350586,13.794885080977751,14.00295352935791,212000,0.0,0
2006-12-20,14.0445629913297,14.495375859813093,13.219227808105593,14.467634201049805,492600,0.0,0
2006-12-21,14.509244020036169,14.897636413574219,14.467630880014418,14.897636413574219,524900,0.0,0
2006-12-22,14.897642694086649,14.897642694086649,14.793609138745117,14.876836776733398,365800,0.0,0
2006-12-26,14.84215253608862,15.084898290390631,14.821346626455092,15.071026802062988,195100,0.0,0
2006-12-27,15.091836474489202,15.33458226803653,15.091836474489202,15.292967796325684,406500,0.0,0
2006-12-28,15.299907176147332,15.521845786561387,15.237486776611073,15.362327575683594,275400,0.0,0
2006-12-29,15.383128174983458,15.487161688342399,15.126510940697369,15.25828742980957,179500,0.0,0
2007-01-03,15.188936361580568,15.521844244119823,14.81441532443849,14.960062026977539,445400,0.0,0
2007-01-04,14.980871226538575,15.265230245450931,14.745061114827083,15.140389442443848,190100,0.0,0
2007-01-05,15.091835897733223,15.091835897733223,14.758928073917911,14.786669731140137,109400,0.0,0
2007-01-08,14.758932417831835,14.918450631669511,14.391345760726393,14.883771896362305,149400,0.0,0
2007-01-09,14.876834896394701,15.015545845031738,13.81568959117297,15.015545845031738,127200,0.0,0
2007-01-10,14.946183231601248,15.022475080144565,14.786665114517664,14.84214973449707,86700,0.0,0
2007-01-11,14.84909524913147,14.980871804372708,14.793610592639142,14.953128814697266,83600,0.0,0
2007-01-12,14.925383006035835,15.098772674815457,14.765864828244547,15.091836929321289,168700,0.0,0
2007-01-16,15.161191531612012,15.272160802605306,14.966994645944718,14.99473762512207,147900,0.0,0
2007-01-17,14.925388122363692,15.09184210270851,14.911516626620296,14.973937034606934,74200,0.0,0
2007-01-18,14.932321427772777,14.932321427772777,14.738124487705738,14.876836776733398,198000,0.0,0
2007-01-19,14.835220710036976,14.856027948023815,14.696509758699571,14.717315673828125,156400,0.0,0
2007-01-22,14.73118681035297,14.745058302009475,14.536989895736669,14.57166862487793,113800,0.0,0
2007-01-23,14.523118841434558,14.654894035561988,14.453762710239072,14.467634201049805,119700,0.0,0
2007-01-24,14.50231074172622,14.904574691278746,14.49537499673382,14.890703201293945,143700,0.0,0
2007-01-25,14.862962097156782,14.953124139696255,14.779734477009608,14.869897842407227,124200,0.0,0
2007-01-26,14.869900945439468,15.015547657517716,14.710381417107229,14.980870246887207,77900,0.0,0
2007-01-29,14.97392778960408,15.34844868343356,14.95312055883551,15.0848970413208,261400,0.0,0
2007-01-30,15.119576604155853,15.38312960691293,15.050221804032638,15.320709228515625,98900,0.0,0
2007-01-31,15.327648007546754,15.334583753503763,14.96699715493194,15.25135612487793,126400,0.0,0
2007-02-01,15.348457670871765,15.487169978170918,15.175067948177125,15.216682434082031,335700,0.0,0
2007-02-02,15.327643994118565,15.605067145466382,15.25828787556713,15.570389747619629,164600,0.0,0
2007-02-05,15.528777583670044,15.764587627970101,15.37619515853512,15.736845970153809,212700,0.0,0
2007-02-06,15.76458884171219,15.882493872939923,15.577327676316688,15.847816467285156,141600,0.0,0
2007-02-07,15.847813449960059,15.951846969975259,15.68829529774622,15.917169570922852,148200,0.0,0
2007-02-08,15.951850025654085,16.291693628327206,15.81313775715728,16.13217544555664,581500,0.0,0
2007-02-09,16.18071889942844,16.284752404374732,16.104427045134194,16.243139266967773,180100,0.0,0
2007-02-12,16.263952325639032,16.430406257777022,16.139111545820978,16.277822494506836,332500,0.0,0
2007-02-13,16.159918609054582,16.23621049611182,15.889431115463797,16.22927474975586,436300,0.0,0
2007-02-14,16.250080476921458,16.347178271154284,16.13217544555664,16.13217544555664,343300,0.0,0
2007-02-15,16.139112569371186,16.326373750974465,16.09056366810923,16.173789978027344,576200,0.0,0
2007-02-16,16.18071889942844,16.32636686463948,16.08362113785961,16.243139266967773,310400,0.0,0
2007-02-20,16.229271739247547,16.562179565429688,16.03507616873702,16.562179565429688,349900,0.0,0
2007-02-21,16.562178037528223,16.562178037528223,16.152979699048544,16.46508026123047,191900,0.0,0
2007-02-22,16.458144516800918,16.49975898337823,16.36104674050316,16.46508026123047,197600,0.0,0
2007-02-23,16.472023929146342,16.472023929146342,16.201536380571962,16.291698455810547,143200,0.0,0
2007-02-26,16.312504582977986,16.451215560227933,16.22927693834119,16.381860733032227,187100,0.0,0
2007-02-27,16.2223381239305,16.236209615890402,16.048948443006545,16.125240325927734,317100,0.0,0
2007-02-28,16.11830379551624,16.22927308007835,15.827009092826142,16.055883407592773,303500,0.0,0
2007-03-01,15.951850363947107,16.083626889527853,15.750717702647114,15.993463516235352,243900,0.0,0
2007-03-02,15.944907618336801,16.465076423591686,15.86168135029632,16.215394973754883,371000,0.0,0
2007-03-05,16.097493136671652,16.34717463528958,15.6882948136204,15.709100723266602,354900,0.0,0
2007-03-06,15.847821181666204,16.4165392698783,15.813142442837037,16.291698455810547,306800,0.0,0
2007-03-07,16.257009430632802,16.367978669925233,16.166846096921656,16.215394973754883,283200,0.0,0
2007-03-08,16.319440305969707,16.576056341072203,16.298633064126854,16.361053466796875,391600,0.0,0
2007-03-09,16.45814390439039,16.45814390439039,15.910233343423492,15.979589462280273,241900,0.0,0
2007-03-12,16.028143899703643,16.11830595944303,15.716041918185772,15.74378490447998,358100,0.0,0
2007-03-13,16.029524047166397,16.552225918269652,15.959830198492712,16.008615493774414,607000,0.11,0
2007-03-14,16.029531478881836,16.141041156738734,15.883175525182235,16.029531478881836,317500,0.0,0
2007-03-15,16.029528785860254,16.120129885410076,15.778631388183836,15.973773956298828,230100,0.0,0
2007-03-16,15.973775183929178,16.078315331228563,15.85529599584318,15.945897102355957,295500,0.0,0
2007-03-19,16.01558660547837,16.134065761225067,15.99467937930525,16.120126724243164,141400,0.0,0
2007-03-20,16.16891468416648,16.58707519363471,16.16891468416648,16.552228927612305,219300,0.0,0
2007-03-21,16.55222598077918,16.649796571711057,16.32223720979718,16.601011276245117,194100,0.0,0
2007-03-22,16.642826720886355,16.642826720886355,16.1758796704417,16.3361759185791,387700,0.0,0
2007-03-23,16.384963376106576,16.454657232849517,16.217698917503373,16.231637954711914,248000,0.0,0
2007-03-26,16.23860844075878,16.433751001379466,16.14800734468843,16.405874252319336,274200,0.0,0
2007-03-27,16.39193766823685,16.398907188870727,16.141040242617876,16.350120544433594,247300,0.0,0
2007-03-28,16.273452891464732,16.433747823134695,16.15497373994787,16.25951385498047,398700,0.0,0
2007-03-29,16.343141555786133,16.489497404505173,16.210723409826578,16.343141555786133,202000,0.0,0
2007-03-30,16.371020560149198,16.65676411047032,16.35011200916249,16.60797882080078,245700,0.0,0
2007-04-02,16.670710909792447,16.72646574242854,16.18285512725159,16.308303833007812,202900,0.0,0
2007-04-03,16.35011981705832,16.928578040234633,16.35011981705832,16.7891902923584,264200,0.0,0
2007-04-04,16.810096077592814,16.900697168241965,16.36405615562046,16.447689056396484,203900,0.0,0
2007-04-05,16.461624907670952,16.73342945629524,16.384961540910417,16.601011276245117,116900,0.0,0
2007-04-09,16.587074554265296,16.851910951306554,16.503442987315267,16.77524757385254,131900,0.0,0
2007-04-10,16.803128210395,16.88675979009328,16.656770951973023,16.84494400024414,68400,0.0,0
2007-04-11,16.865851039751725,16.872819229681898,16.12709795296517,16.43375015258789,200700,0.0,0
2007-04-12,16.41980267254149,16.41980267254149,16.273446831853125,16.377986907958984,192100,0.0,0
2007-04-13,16.35011941988421,16.447691372747403,16.28042687693913,16.329212188720703,129600,0.0,0
2007-04-16,16.42677672596529,17.284007447855902,16.42677672596529,16.82402992248535,673800,0.0,0
2007-04-17,16.83099980790363,17.09583616423811,16.705551147460938,16.705551147460938,322100,0.0,0
2007-04-18,16.69858105780056,16.803122490788592,16.531316626039064,16.545255661010742,367700,0.0,0
2007-04-19,16.468592389219275,16.468592389219275,16.06436967789763,16.154972076416016,395000,0.0,0
2007-04-20,16.712520467889288,17.179467515524873,16.621919397138907,16.726459503173828,977000,0.0,0
2007-04-23,16.64979620387237,16.935539781831114,16.64979620387237,16.71949005126953,487300,0.0,0
2007-04-24,16.70555088461856,16.768275213853013,16.531316932144986,16.733428955078125,284900,0.0,0
2007-04-25,16.83100608500124,16.872821877644075,16.677680625777445,16.7891902923584,324800,0.0,0
2007-04-26,16.740401309173325,16.79615613023994,16.635861185835896,16.77524757385254,469700,0.0,0
2007-04-27,16.76827937439568,16.782218413084014,16.580107669302755,16.698585510253906,731100,0.0,0
2007-04-30,16.69858815554776,16.796160112522987,16.175886085630864,16.1828556060791,333500,0.0,0
2007-05-01,16.182845345709087,16.37101829060436,16.085274779896395,16.343141555786133,225300,0.0,0
2007-05-02,16.308296236488516,16.73342746812214,16.308296236488516,16.60797882080078,271000,0.0,0
2007-05-03,16.761306672610456,16.824031005498696,16.517380188378002,16.691614151000977,615100,0.0,0
2007-05-04,16.78221461859524,16.817060878137376,16.503440554359358,16.61495018005371,381900,0.0,0
2007-05-07,16.614949879496635,16.782214315012425,16.58707180892755,16.726459503173828,1739000,0.0,0
2007-05-08,16.719494330601485,16.893728329039558,16.517383583649274,16.594045639038086,326400,0.0,0
2007-05-09,16.517380081821617,16.872816193495826,16.496471527893874,16.782215118408203,327700,0.0,0
2007-05-10,16.726463587630573,16.998268195553603,16.649800204144633,16.698585510253906,482100,0.0,0
2007-05-11,16.79615457906665,17.026143360888778,16.740399763149153,16.956449508666992,221600,0.0,0
2007-05-14,17.04008079155342,17.249160999218066,17.01220272157171,17.144620895385742,1267400,0.0,0
2007-05-15,17.005236854675864,17.256134221174467,16.90069672840139,17.1585636138916,712000,0.0,0
2007-05-16,17.228256674829108,17.284011499176135,16.97736062991743,17.026145935058594,585600,0.0,0
2007-05-17,17.02614924433,17.186444229320795,16.91463957396248,16.942516326904297,376700,0.0,0
2007-05-18,16.949477887881027,17.01917173145708,16.886753561592528,16.97735595703125,222400,0.0,0
2007-05-21,16.977359857172402,17.346735053171436,16.963420819395132,17.263103485107422,409900,0.0,0
2007-05-22,17.179471441571792,17.35370543454777,16.97039118172056,17.3118896484375,300000,0.0,0
2007-05-23,17.284010967841077,17.332797600782335,17.11674649994195,17.1585636138916,258600,0.0,0
2007-05-24,17.151594217074546,17.18644048298098,16.761309126563336,16.851911544799805,197600,0.0,0
2007-05-25,16.949485133133127,17.012209486233875,16.69858772073015,16.879791259765625,345400,0.0,0
2007-05-29,16.998260733819265,17.109770335776723,16.726456245210375,16.810089111328125,418900,0.0,0
2007-05-30,16.2107269351766,16.90766273808548,15.764688446690768,16.83099937438965,742900,0.0,0
2007-05-31,16.7613052020695,17.074926838995346,16.677673651755626,16.865846633911133,747100,0.0,0
2007-06-01,17.0052369211916,17.249164769652715,16.83100293361935,16.935543060302734,681200,0.0,0
2007-06-04,16.831008344635695,17.1097825485147,16.831008344635695,16.96342658996582,199100,0.0,0
2007-06-05,16.893722722874212,17.12371147131893,16.872814171452156,17.095834732055664,255900,0.0,0
2007-06-06,17.067965757293287,17.33977042409998,16.96342560308303,17.290985107421875,200500,0.0,0
2007-06-07,17.17946712992707,17.17946712992707,16.412837487378898,16.545255661010742,434600,0.0,0
2007-06-08,16.482536943418285,16.87979027023509,16.329211494438113,16.84494400024414,165300,0.0,0
2007-06-11,16.79615771529021,16.803127234743723,16.531321293256386,16.594045639038086,168300,0.0,0
2007-06-12,16.48253900779547,16.705558353989886,16.38496837616045,16.461631774902344,226700,0.0,0
2007-06-13,16.531642023443588,16.930753868623917,16.531642023443588,16.888742446899414,246700,0.11,0
2007-06-14,16.951764604261008,17.294862226036194,16.797721782529706,17.09180450439453,421800,0.0,0
2007-06-15,17.30886220119324,17.36487788460736,16.993774482808544,17.119810104370117,364700,0.0,0
2007-06-18,17.091802307296316,17.091802307296316,16.67168399642012,16.769712448120117,141100,0.0,0
2007-06-19,16.73470507440208,16.797722900102873,16.419617281417676,16.657684326171875,353500,0.0,0
2007-06-20,16.685689330543802,16.916754216137225,16.685689330543802,16.776714324951172,315500,0.0,0
2007-06-21,16.74170153969224,16.74170153969224,16.39160322002403,16.398605346679688,191900,0.0,0
2007-06-22,16.363598732232443,16.39860803573247,16.174545288085938,16.174545288085938,922800,0.0,0
2007-06-25,16.18154526524896,16.29357662418247,16.006496099975454,16.090518951416016,381500,0.0,0
2007-06-26,16.174545930090222,16.230561619225245,15.880463228251514,15.901468276977539,291100,0.0,0
2007-06-27,15.78943902127921,16.440622329711914,15.572378363641493,16.440622329711914,376000,0.0,0
2007-06-28,16.412607910370152,16.503632876484776,16.05550750080853,16.097518920898438,454200,0.0,0
2007-06-29,16.125538806531836,16.33559739076605,15.551376094286487,15.68441390991211,532500,0.0,0
2007-07-02,15.726421243198315,15.82444971429884,15.432339836455416,15.565376281738281,1228100,0.0,0
2007-07-03,15.600388403010367,15.656404105145139,15.551373495062718,15.614391326904297,250200,0.0,0
2007-07-05,15.57937591916219,15.817442893981932,15.57937591916219,15.817442893981934,258400,0.0,0
2007-07-06,15.82444756680842,16.013501018789718,15.71941831643638,15.964486122131348,270400,0.0,0
2007-07-09,16.020495467514593,16.09751751053035,15.915466258732373,16.083513259887695,203200,0.0,0
2007-07-10,16.034507865959228,16.475632636724825,15.782437903898412,15.80344295501709,467700,0.0,0
2007-07-11,15.761429083975155,15.873460457710866,15.236281518769264,15.754426956176758,350400,0.0,0
2007-07-12,15.796438897000417,15.894467353820803,15.698411775699396,15.8944673538208,388800,0.0,0
2007-07-13,15.824444071068168,16.188546638409626,15.775430520756641,16.11152458190918,422600,0.0,0
2007-07-16,15.999496734603358,16.209555234979845,15.411331330925941,15.901468276977539,704300,0.0,0
2007-07-17,15.971492687537479,16.11153261728666,15.775438388512326,15.873465538024902,507100,0.0,0
2007-07-18,15.719418153968963,15.824447403255478,15.327306997870911,15.740423202514648,881600,0.0,0
2007-07-19,14.143973182363176,14.529080814318165,13.331745156934392,14.38904094696045,3530500,0.0,0
2007-07-20,14.35403275182019,14.683124729245721,14.35403275182019,14.438056945800781,1441500,0.0,0
2007-07-23,14.809162020722344,15.180266804703084,14.585099258892239,15.131253242492676,1083500,0.0,0
2007-07-24,15.047230404136602,15.054232533018956,14.417053495439715,14.473069190979004,903500,0.0,0
2007-07-25,14.550088775963934,14.809160822549329,14.515078137560975,14.718135833740234,623300,0.0,0
2007-07-26,14.424052690884139,14.557090441553719,14.319023450047842,14.438056945800781,722500,0.0,0
2007-07-27,14.32602393014634,14.445057423308226,13.849891293018024,13.870896339416504,569200,0.0,0
2007-07-30,13.863897614708835,14.122971046534365,13.709854782730133,13.982931137084961,503400,0.0,0
2007-07-31,14.143973962269788,14.192987517891877,13.807878529182611,13.870896339416504,589600,0.0,0
2007-08-01,13.821880120466913,14.122964859008789,13.702846650241495,14.122964859008789,427500,0.0,0
2007-08-02,14.178980344265897,14.185982470130277,13.793872770357613,13.961919784545898,603600,0.0,0
2007-08-03,13.982928358854082,14.094959729946568,13.345749434945834,13.394762992858887,273500,0.0,0
2007-08-06,13.478787811326674,13.69584843590132,13.142693682529925,13.632830619812012,458500,0.0,0
2007-08-07,13.562811134048562,13.583816181040167,13.037663590950212,13.04466438293457,448900,0.0,0
2007-08-08,13.212711258020299,13.331744740904053,11.665275980531492,12.498510360717773,1301000,0.0,0
2007-08-09,12.253443411162907,12.309459099050306,11.651273764733853,11.868335723876953,1414100,0.0,0
2007-08-10,11.77030579891108,13.268727599979814,11.469221013287008,13.23371696472168,843500,0.0,0
2007-08-13,13.583818644184229,14.424055399708822,13.3037401708492,13.450780868530273,632700,0.0,0
2007-08-14,13.534800988376668,13.828883630393134,13.240718346360202,13.457778930664062,369300,0.0,0
2007-08-15,13.464784393630893,13.751864980122868,13.037665245848856,13.051668167114258,261800,0.0,0
2007-08-16,13.037663792774326,13.84989189849826,12.862614609031766,13.68884563446045,495200,0.0,0
2007-08-17,14.389042231592146,14.452060043977337,13.55580908653333,13.681844711303711,392100,0.0,0
2007-08-20,13.71685289164347,13.891902059392345,13.555807977839102,13.723855018615723,181700,0.0,0
2007-08-21,13.653835558738885,13.674841940385399,13.303737211078914,13.443777084350586,349000,0.0,0
2007-08-22,13.583817059635738,13.653837003681565,13.415769995237364,13.632830619812012,182800,0.0,0
2007-08-23,13.716854392174133,13.744861567607783,13.331746715206108,13.415769577026367,145200,0.0,0
2007-08-24,13.40876666348594,13.555808666333165,13.303737424606055,13.373757362365723,164100,0.0,0
2007-08-27,13.352754006975019,13.408769702775666,13.086679785801826,13.114686965942383,214900,0.0,0
2007-08-28,13.023651863011189,13.107674673804103,12.932625593213949,13.002645492553711,289900,0.0,0
2007-08-29,13.05166864001658,13.163700027315645,12.876619430421853,13.128690719604492,222700,0.0,0
2007-08-30,12.974647803819485,13.04466641874461,12.778592209678502,12.876619338989258,199800,0.0,0
2007-08-31,13.100684397601693,13.436779951268639,13.072677213849275,13.310744285583496,327800,0.0,0
2007-09-04,13.282733137650071,13.282733137650071,12.904627550941688,13.240721702575684,211300,0.0,0
2007-09-05,13.128688969359429,13.205711038679182,12.904626224632118,12.932633399963379,335100,0.0,0
2007-09-06,13.002652194529716,13.20570987372549,12.974645021669131,13.156696319580078,249400,0.0,0
2007-09-07,12.953642432844667,13.093682344704872,12.932636045409764,13.065673828125,422500,0.0,0
2007-09-10,13.177701965796095,13.275729078553585,12.603540873040656,12.617545127868652,381700,0.0,0
2007-09-11,12.659555646783058,12.813598432259706,12.463500099842564,12.5895357131958,313800,0.0,0
2007-09-12,12.596580796892402,12.659986515405725,12.462725474466554,12.53317642211914,169300,0.11,0
2007-09-13,12.596582116641617,12.674078301552777,12.413411514790115,12.512042045593262,179900,0.0,0
2007-09-14,12.385232152571138,12.568404121194465,12.328871650205528,12.554313659667969,290700,0.0,0
2007-09-17,12.51204420173714,12.772711033419338,12.46272892783729,12.695216178894043,309800,0.0,0
2007-09-18,12.765663177634622,13.378583310910546,12.71634657532528,13.357447624206543,466300,0.0,0
2007-09-19,13.456080502927044,13.702658158165258,13.20245761825458,13.2517728805542,414900,0.0,0
2007-09-20,13.174278370393763,13.174278370393763,12.652942129274393,12.744528770446777,469800,0.0,0
2007-09-21,12.850207154831878,12.850207154831878,12.674080409819807,12.68112564086914,449900,0.0,0
2007-09-24,12.702256476247666,12.744526502637767,12.568399824982452,12.667030334472656,550600,0.0,0
2007-09-25,12.61067627171313,12.695217711274932,12.441594736330119,12.483864784240723,274200,0.0,0
2007-09-26,12.575445968265724,12.624761226598764,12.441589307261749,12.54726505279541,162900,0.0,0
2007-09-27,12.617715318209841,12.737481515028703,12.519084806855462,12.61067008972168,267100,0.0,0
2007-09-28,12.540224413527193,12.638856310031592,12.462729555101488,12.497954368591309,342800,0.0,0
2007-10-01,12.68112244737552,12.82202434539795,12.519086205267786,12.82202434539795,241200,0.0,0
2007-10-02,12.814979929740364,12.998151871302996,12.674078022772134,12.913610458374023,195700,0.0,0
2007-10-03,12.822030308818857,12.948840463529299,12.751579327041469,12.885436058044434,185500,0.0,0
2007-10-04,12.913612440475529,13.202460184729288,12.78680097348795,13.167235374450684,867200,0.0,0
2007-10-05,13.329268212110133,13.554710164694994,13.265862494978137,13.385628700256348,226200,0.0,0
2007-10-08,13.399721107682284,13.456081604028089,12.991107173240144,13.040422439575195,174400,0.0,0
2007-10-09,13.054510391638374,13.230637076850085,12.998149906120226,13.01928424835205,300800,0.0,0
2007-10-10,12.582493635796201,12.74452989993537,12.582493635796201,12.674078941345215,494600,0.0,0
2007-10-11,12.681124581206825,12.786800350635486,12.561358350856926,12.645899772644043,442900,0.0,0
2007-10-12,12.638854133920272,12.681124171578258,12.57544840556316,12.674078941345215,172100,0.0,0
2007-10-15,12.709304214935514,12.73748379018162,12.526132272745203,12.6881685256958,212600,0.0,0
2007-10-16,12.681124581206825,12.681124581206825,12.54022265947507,12.645899772644043,133000,0.0,0
2007-10-17,12.645903230366374,12.645903230366374,12.096387197848772,12.293649673461914,299900,0.0,0
2007-10-18,12.83611711017334,13.413813981342026,12.83611711017334,13.033379554748535,1318400,0.0,0
2007-10-19,13.012238802512309,13.167231142905274,12.082290135114302,12.173876762390137,1014500,0.0,0
2007-10-22,12.032975697549066,12.751572932594957,12.018885239511295,12.70930290222168,386400,0.0,0
2007-10-23,12.80793596959666,12.906566508007009,12.49090731936296,12.751575469970703,314200,0.0,0
2007-10-24,12.638852883556694,12.674077687496844,12.223193747110296,12.589537620544434,349500,0.0,0
2007-10-25,12.638857997979404,12.69521851333449,12.195017763785003,12.293649673461914,353100,0.0,0
2007-10-26,12.533177127996115,12.688168146568957,12.328869502670875,12.589537620544434,294600,0.0,0
2007-10-29,12.674078605494493,12.962926318693704,12.610672878817569,12.934746742248535,246000,0.0,0
2007-10-30,12.85724842018371,13.068599911512644,12.786797475160729,12.892473220825195,256600,0.0,0
2007-10-31,12.962924790528946,13.378583908081055,12.934745217405792,13.378583908081055,430900,0.0,0
2007-11-01,13.181323332974173,13.237685174447321,12.82202599976467,12.878386497497559,312300,0.0,0
2007-11-02,13.02633389984395,13.02633389984395,12.582495093659317,12.68112564086914,296800,0.0,0
2007-11-05,12.533178520628079,12.652943404828386,12.237285565936043,12.244329452514648,484500,0.0,0
2007-11-06,12.272508788789802,12.39932023067153,12.011840675617352,12.202057838439941,350400,0.0,0
2007-11-07,11.99775639627243,12.12456654552527,11.751178642534045,11.856854438781738,414100,0.0,0
2007-11-08,11.948434767425498,12.216148105811452,11.730038034129656,12.152742385864258,326900,0.0,0
2007-11-09,11.976616859436035,12.152743577957153,11.8920754433002,11.976616859436035,249700,0.0,0
2007-11-12,12.01184178579641,12.342960879921979,12.01184178579641,12.131608009338379,243500,0.0,0
2007-11-13,12.272510470684738,12.681124426224583,12.237285662552454,12.617718696594238,323000,0.0,0
2007-11-14,12.624763926968754,12.772709733612698,12.504997698082576,12.617718696594238,623100,0.0,0
2007-11-15,12.582494056427972,12.702260286912932,12.068202982145317,12.307735443115234,381800,0.0,0
2007-11-16,12.328870476014412,12.328870476014412,11.751175045851033,11.906166076660156,396000,0.0,0
2007-11-19,11.652545779875387,11.751176324417957,11.321426648213244,11.384832382202148,675000,0.0,0
2007-11-20,11.44118881225586,11.617315489803651,11.14529594022597,11.44118881225586,541200,0.0,0
2007-11-21,11.398920417080532,11.455280908211433,11.21574848497008,11.377784729003906,401000,0.0,0
2007-11-23,11.44823775842003,11.885032651833193,11.434147297142752,11.765266418457031,159400,0.0,0
2007-11-26,11.892073951162981,11.892073951162981,11.448235267425346,11.504595756530762,343200,0.0,0
2007-11-27,11.518687324608058,11.518687324608058,11.131208420770857,11.314379692077637,761800,0.0,0
2007-11-28,11.314380759269001,12.286601061390753,11.314380759269001,12.166834831237793,734900,0.0,0
2007-11-29,12.15978996397794,12.26546573638916,11.976617998052992,12.26546573638916,372000,0.0,0
2007-11-30,12.610674162326259,12.688170356983411,12.22319587652124,12.314781188964844,648500,0.0,0
2007-12-03,12.350007935041903,12.483863294744802,12.124564571022441,12.335917472839355,303600,0.0,0
2007-12-04,12.244329415366714,12.244329415366714,11.99070784335749,12.103428840637207,290000,0.0,0
2007-12-05,12.357047163927787,12.490902458612863,12.04706386474277,12.068198204040527,257000,0.0,0
2007-12-06,12.047069913009128,12.180926618637136,11.849807470175248,12.025934219360352,705400,0.0,0
2007-12-07,12.082293063738067,12.173879713213564,11.828671493534221,11.969572067260742,385200,0.0,0
2007-12-10,11.976615032282602,12.110471694184731,11.906164086874114,11.990705490112305,412800,0.0,0
2007-12-11,12.082290182346252,12.180922038547331,11.74412727355957,11.74412727355957,435000,0.0,0
2007-12-12,12.141512782235129,12.141512782235129,11.417705175335877,11.616397857666016,557800,0.12,0
2007-12-13,11.573824844007843,11.914441207237456,11.453190192204046,11.886055946350098,250800,0.0,0
2007-12-14,11.694455612254306,11.900244624896926,11.644782775680786,11.800897598266602,218900,0.0,0
2007-12-17,11.68735978730236,11.886052495374564,11.623494322332126,11.694456100463867,423600,0.0,0
2007-12-18,11.843477601852799,11.88605413320531,11.637688552262523,11.85766887664795,187600,0.0,0
2007-12-19,11.85766887664795,12.063457926238225,11.737035596729754,11.85766887664795,164000,0.0,0
2007-12-20,12.063457489013672,12.134419274351625,11.77961170114534,12.063457489013672,268700,0.0,0
2007-12-21,12.176999163641458,12.36149931502801,12.077653448850183,12.26924991607666,558100,0.0,0
2007-12-24,12.311820703203937,12.53889729001275,12.311820703203937,12.482128143310547,192400,0.0,0
2007-12-26,12.333109919176573,12.347302546100861,11.942822153142425,12.113129615783691,361500,0.0,0
2007-12-27,12.063458182594994,12.09184343975556,11.701554274699117,11.708650588989258,367100,0.0,0
2007-12-28,11.708651698729465,11.893151827309303,11.630593587623155,11.779613494873047,189800,0.0,0
2007-12-31,11.673165362664294,11.72993449914514,11.531241844720697,11.65897274017334,198000,0.0,0
2008-01-02,11.616400944076872,11.623495904720926,11.332554469649551,11.353842735290527,504200,0.0,0
2008-01-03,11.353839621151197,11.446088972540462,11.112570420923081,11.133858680725098,247300,0.0,0
2008-01-04,11.00612767328703,11.00612767328703,10.31070469335747,10.424242973327637,361300,0.0,0
2008-01-07,10.509400198042233,10.601649567873189,10.296515527239281,10.438438415527344,244600,0.0,0
2008-01-08,10.46682182361192,10.573263808748607,10.005572319030762,10.005572319030762,261200,0.0,0
2008-01-09,9.977185342120109,10.069434679430145,9.459166136560324,9.721723556518555,390700,0.0,0
2008-01-10,9.643666442758967,10.062339335242418,9.50174360041072,9.941704750061035,435300,0.0,0
2008-01-11,9.821069965341094,9.93460823691289,9.636569935666184,9.650762557983398,153800,0.0,0
2008-01-14,9.735922087375911,9.977191397205779,9.72882577197106,9.934614181518555,217700,0.0,0
2008-01-15,9.821073055289384,9.934611362583091,9.38820741280501,9.395303726196289,313800,0.0,0
2008-01-16,9.352725710366977,9.452071375062177,9.125648455188838,9.139841079711914,562100,0.0,0
2008-01-17,9.139845271051119,9.288864513172568,9.068883469377326,9.11146068572998,379700,0.0,0
2008-01-18,9.019209283210587,9.303055094532468,8.770843690747597,8.834709167480469,509100,0.0,0
2008-01-22,8.472802179769642,9.026302326360076,8.472802179769642,8.85599422454834,663800,0.0,0
2008-01-23,8.699880760400958,9.53722606739607,8.699880760400958,9.515937805175781,488500,0.0,0
2008-01-24,9.586899729891892,9.629476254991204,9.189514994095553,9.430784225463867,699600,0.0,0
2008-01-25,9.551419072550487,9.707534580760726,8.934054029720238,8.955342292785645,776100,0.0,0
2008-01-28,8.941149272489357,9.260475887205061,8.86309118935908,9.203706741333008,799800,0.0,0
2008-01-29,9.281764838695489,9.395303138891869,9.012111037358261,9.366918563842773,425900,0.0,0
2008-01-30,9.281766519968095,9.828170534564293,9.281766519968095,9.310151100158691,689000,0.0,0
2008-01-31,9.139843308854145,9.586900939241449,9.075977836407137,9.48045825958252,666600,0.0,0
2008-02-01,9.537224841061446,9.821071233381023,9.508840269503645,9.686244010925293,918800,0.0,0
2008-02-04,9.643671573254432,9.714632693809582,9.295960255331188,9.38111400604248,777700,0.0,0
2008-02-05,9.182418504807133,9.374014894302695,8.969534529912043,8.990822792053223,852700,0.0,0
2008-02-06,9.068880403165602,9.13274586773056,8.905669261936637,9.054688453674316,1216800,0.0,0
2008-02-07,10.005570810431042,10.551973956085408,9.054686693411677,9.572705268859863,2196300,0.0,0
2008-02-08,9.572706754842596,9.679149417195147,9.36691841971763,9.452072143554688,891700,0.0,0
2008-02-11,9.473362253166448,9.572707938219965,9.196612108927951,9.508842468261719,855500,0.0,0
2008-02-12,9.57980450024225,9.835265709955017,9.551419921385277,9.714631080627441,490700,0.0,0
2008-02-13,9.828172157413325,9.984287035868745,9.799787572535804,9.934614181518555,369300,0.0,0
2008-02-14,10.048149105670682,10.097821943137113,9.62947611347746,9.679149627685547,381100,0.0,0
2008-02-15,9.65076467001961,9.948803036490974,9.65076467001961,9.920417785644531,691600,0.0,0
2008-02-19,10.062341681872809,10.062341681872809,9.757206992107747,9.899129867553711,374800,0.0,0
2008-02-20,9.828172157413325,9.948806812328257,9.72882577197106,9.934614181518555,245200,0.0,0
2008-02-21,10.019764265441177,10.033956891051455,9.452072099121168,9.466264724731445,495400,0.0,0
2008-02-22,9.452072297342314,9.615284111575068,9.381111198027698,9.530130386352539,339100,0.0,0
2008-02-25,9.55141740178837,9.806878544112278,9.423686492255634,9.70753288269043,323400,0.0,0
2008-02-26,9.728823789434745,10.381669785322872,9.728823789434745,10.32490062713623,987900,0.0,0
2008-02-27,10.211360687813379,10.438437284469371,9.977187778326476,10.367475509643555,706400,0.0,0
2008-02-28,10.353283278031093,10.353283278031093,10.112014062301041,10.161686897277832,531300,0.0,0
2008-02-29,10.005574273588888,10.18297806796641,9.8565550592421,9.991381645202637,648900,0.0,0
2008-03-03,9.977191986240577,10.339095295609587,9.934614768039674,10.253941535949707,829400,0.0,0
2008-03-04,10.168784797958734,10.232650268183596,9.778496339605928,9.977189064025879,480600,0.0,0
2008-03-05,10.005570582623937,10.07653166815298,9.778493349403055,9.906224250793457,457700,0.0,0
2008-03-06,9.870743649719971,9.899128220085244,9.331436136038239,9.338532447814941,605600,0.0,0
2008-03-07,9.295958960422821,9.700439389143616,9.118555168634154,9.246285438537598,661600,0.0,0
2008-03-10,9.232091870693269,9.508841304314004,9.061784422812565,9.075976371765137,564100,0.0,0
2008-03-11,9.345629503959465,9.856552487970308,9.239187525797103,9.828167915344238,732200,0.0,0
2008-03-12,9.92838371193726,9.971333040974535,9.556159151792059,9.591949462890625,277300,0.12,0
2008-03-13,9.441627835244804,9.656373115118324,9.219724902745424,9.591949462890625,466200,0.0,0
2008-03-14,9.613424844404408,9.685006152055172,8.997821639200426,9.176775932312012,633000,0.0,0
2008-03-17,8.93339952883778,9.248359521451237,8.89760921015329,8.926241874694824,463900,0.0,0
2008-03-18,9.119508061494516,9.484574881134163,8.861814197272786,9.391518592834473,548100,0.0,0
2008-03-19,9.45594501495376,9.556159666332391,8.868975143330326,8.897607803344727,998300,0.0,0
2008-03-20,9.040770933195109,9.362888522956323,8.954872954769215,9.234041213989258,908400,0.0,0
2008-03-24,9.0550862013004,9.112351515695718,8.589805351174348,8.940555572509766,594500,0.0,0
2008-03-25,8.86897488853769,8.9477145306511,8.582647613962989,8.632755279541016,672200,0.0,0
2008-03-26,8.589803695678711,8.704334302396092,8.511064074224578,8.589803695678711,798800,0.0,0
2008-03-27,8.604124803104364,8.876134793103903,8.539701132915193,8.546858787536621,1003000,0.0,0
2008-03-28,8.539696837395141,8.582645474146748,8.224736982154077,8.30347728729248,823300,0.0,0
2008-03-31,8.303478845595567,8.453800467749403,8.174631545847593,8.260529518127441,593100,0.0,0
2008-04-01,8.439482828504683,8.84749832064094,8.203263261198817,8.833182334899902,809200,0.0,0
2008-04-02,8.797390513916934,8.883288468202151,8.589803620396925,8.654227256774902,402400,0.0,0
2008-04-03,8.511069135558433,8.532543466424158,8.324956447637692,8.346430778503418,763000,0.0,0
2008-04-04,8.503906822505074,8.568330467643623,8.217579586628897,8.51822280883789,567300,0.0,0
2008-04-07,8.51822500042162,8.654230660185073,8.46095967504433,8.56833267211914,340000,0.0,0
2008-04-08,8.48243524623328,8.625598569164762,8.446644244836266,8.582649230957031,409200,0.0,0
2008-04-09,8.625600032781911,8.639916026175953,8.339272655677506,8.453804016113281,495500,0.0,0
2008-04-10,8.432324842871942,8.632754112782173,8.432324842871942,8.51822280883789,375600,0.0,0
2008-04-11,8.43232558903855,8.482433252278252,8.124524687754382,8.138840675354004,536700,0.0,0
2008-04-14,8.124526320324327,8.160316637843414,7.873990001751435,7.881148338317871,514500,0.0,0
2008-04-15,7.916937124498956,8.024309412342337,7.766615511924408,7.831038475036621,523700,0.0,0
2008-04-16,7.8525161832790005,8.446644503641147,7.8525161832790005,8.396536827087402,818200,0.0,0
2008-04-17,9.03361185666865,9.735112980256606,8.818866586890444,9.455944061279297,1913500,0.0,0
2008-04-18,9.677848993724108,9.906910282162766,9.448787022628963,9.498894691467285,739400,0.0,0
2008-04-21,9.384362568013033,9.60626618434437,9.362888244708849,9.427311897277832,309900,0.0,0
2008-04-22,9.370044427813259,9.370044427813259,9.148140862451195,9.26267147064209,460900,0.0,0
2008-04-23,9.298465368955307,9.327098029971735,9.012138758791023,9.205409049987793,379300,0.0,0
2008-04-24,9.234040143758078,9.448785406261925,9.07656087622411,9.355729103088379,342600,0.0,0
2008-04-25,9.41299424485761,9.520367215492339,9.219723989965269,9.484576225280762,218700,0.0,0
2008-04-28,9.498895961812826,9.498895961812826,9.219726967200867,9.305624961853027,307200,0.0,0
2008-04-29,9.276991742470859,9.377206404903374,9.22688475258287,9.341415405273438,208500,0.0,0
2008-04-30,9.39152187969107,9.49889487268752,9.29846555882341,9.319940567016602,353500,0.0,0
2008-05-01,9.341414337237039,9.642057607504453,9.319940012976927,9.51321029663086,413400,0.0,0
2008-05-02,9.563315364892263,9.670688329994837,9.506050056566755,9.620580673217773,362000,0.0,0
2008-05-05,9.663532280981736,9.685006606017879,9.420154321717158,9.556159973144531,201400,0.0,0
2008-05-06,9.477418808543678,9.584791789576897,9.384362498044124,9.541842460632324,236900,0.0,0
2008-05-07,9.563316855079574,9.763746148106726,9.391520903333237,9.427311897277832,411100,0.0,0
2008-05-08,9.45594377212033,9.47025975891769,9.291305486684267,9.298463821411133,166900,0.0,0
2008-05-09,9.24119847846136,9.398678428651696,9.24119847846136,9.355729103088379,192700,0.0,0
2008-05-12,9.405835600461952,9.606264168779196,9.341411961410195,9.599105834960938,229500,0.0,0
2008-05-13,9.763747230048262,9.813854217529297,9.63489991063245,9.813854217529297,500600,0.0,0
2008-05-14,9.813850422605299,9.985646326956845,9.735110803774901,9.756585121154785,229800,0.0,0
2008-05-15,9.727954808854788,9.770903453938635,9.563316515616295,9.735113143920898,89800,0.0,0
2008-05-16,9.756588056177922,9.756588056177922,9.405837808615104,9.642057418823242,309400,0.0,0
2008-05-19,9.642056057839723,9.842484644919766,9.463101791568455,9.6062650680542,469000,0.0,0
2008-05-20,9.584787299641818,9.720792192718859,9.513205345818468,9.706476211547852,276600,0.0,0
2008-05-21,9.742271927885252,9.842486582481397,9.51321064041576,9.556159973144531,236600,0.0,0
2008-05-22,9.577631050755569,9.749426958107968,9.513207414834357,9.570472717285156,358100,0.0,0
2008-05-23,9.527526472755083,9.577633454310064,9.31278119334507,9.541842460632324,498200,0.0,0
2008-05-27,9.570474361027204,9.87111759185791,9.491734727297779,9.87111759185791,323800,0.0,0
2008-05-28,9.935542451864132,10.135971069335938,9.914068127799124,10.135971069335938,465600,0.0,0
2008-05-29,10.093017986546295,10.622722298451942,10.085859654117694,10.407977104187012,261200,0.0,0
2008-05-30,10.400822881884247,10.651359154641229,10.322083242022314,10.615568161010742,625600,0.0,0
2008-06-02,10.565461362701884,10.644201003928973,10.357874415233708,10.48672103881836,659600,0.0,0
2008-06-03,10.565461089589393,10.815996677557408,10.565461089589393,10.679991722106934,441200,0.0,0
2008-06-04,10.708623284818882,11.052215147224455,10.57977599508862,10.751572608947754,369600,0.0,0
2008-06-05,10.758731763246237,11.295594635221788,10.758731763246237,11.224013328552246,384100,0.0,0
2008-06-06,11.073690661945204,11.095164983673042,10.314924240112305,10.314924240112305,575200,0.0,0
2008-06-09,10.243343200918247,10.350715494947401,9.606265723751113,9.856801986694336,552900,0.0,0
2008-06-10,9.763742866598482,10.064386022439258,9.763742866598482,9.964171409606934,432000,0.0,0
2008-06-11,9.906909388746836,9.985649028882676,9.577633474982484,9.591949462890625,225800,0.0,0
2008-06-12,9.707517330630889,9.736408724606793,9.433049432272385,9.483609199523926,786500,0.12,0
2008-06-13,9.599171973414048,9.786966323852539,9.570280587871585,9.786966323852539,219600,0.0,0
2008-06-16,9.772522641300736,9.859196818811757,9.620842658450163,9.851974487304688,199300,0.0,0
2008-06-17,9.866417003531412,9.866417003531412,9.54861177732836,9.591948509216309,159500,0.0,0
2008-06-18,9.584729422852172,9.635289190103713,9.37526595549541,9.483609199523926,152500,0.0,0
2008-06-19,9.490830550805462,9.58472773691711,9.411378714728276,9.534167289733887,147200,0.0,0
2008-06-20,9.476385776006747,9.577505995036633,9.295814399126684,9.404157638549805,381900,0.0,0
2008-06-23,9.48360701314735,9.534166768742708,9.252475914625713,9.281367301940918,286300,0.0,0
2008-06-24,9.1946914683849,9.303034675855283,8.934669010340862,8.999674797058105,537400,0.0,0
2008-06-25,9.02856723948452,9.252476010106744,8.978007483367412,9.17302417755127,648800,0.0,0
2008-06-26,9.07912892734216,9.20191752303053,8.985231725414277,9.006900787353516,460100,0.0,0
2008-06-27,9.021343897618376,9.158578500490707,8.847995578140159,8.9852294921875,597400,0.0,0
2008-06-30,8.941890411208032,9.08634730621446,8.768542137200317,8.775764465332031,473200,0.0,0
2008-07-01,8.674648617591343,9.129688544124807,8.674648617591343,9.050236701965332,364000,0.0,0
2008-07-02,9.02856618128522,9.151354736456694,8.92744599207785,8.999674797058105,353200,0.0,0
2008-07-03,9.05746089085926,9.317483444367712,9.035792516939853,9.216363906860352,280900,0.0,0
2008-07-07,9.25969764847906,9.454715016915653,9.23080626302456,9.339149475097656,368000,0.0,0
2008-07-08,9.360819754875182,9.815859685390135,9.266922560753834,9.808636665344238,339600,0.0,0
2008-07-09,9.794187887043515,9.808633233255708,9.288587681944362,9.29581069946289,280800,0.0,0
2008-07-10,9.295812444595922,9.671401160171513,9.25969803904827,9.548612594604492,1081800,0.0,0
2008-07-11,9.404157482699544,9.606397228582562,9.2019170479914,9.41137981414795,376700,0.0,0
2008-07-14,9.512496359168166,9.859192932552721,9.360816436106207,9.570279121398926,763800,0.0,0
2008-07-15,9.40415814587715,9.628066279545553,9.173026302600674,9.490832328796387,531000,0.0,0
2008-07-16,9.541392488410382,9.721963882446289,9.324706677802252,9.721963882446289,581000,0.0,0
2008-07-17,10.949845485938445,11.657684778272609,9.99642907134142,10.400908470153809,1901500,0.0,0
2008-07-18,10.473138979000575,10.993184693587487,10.429801549107882,10.819835662841797,713900,0.0,0
2008-07-21,10.841502540151616,11.282096326061946,10.783719771141243,11.195422172546387,912000,0.0,0
2008-07-22,11.180979773904136,11.282099996986856,11.007631410469614,11.014854431152344,664600,0.0,0
2008-07-23,11.022075013069196,11.527674638962507,10.91373179327598,11.375994682312012,1010100,0.0,0
2008-07-24,11.426553317827539,11.498782123940648,11.173753874081543,11.217090606689453,421700,0.0,0
2008-07-25,11.354325894228621,11.484336788820276,11.15930851910366,11.29654312133789,456500,0.0,0
2008-07-28,11.253207660741214,11.253207660741214,10.653710770779623,10.84872817993164,383900,0.0,0
2008-07-29,10.899284331400281,11.542117751179104,10.798164150291027,11.469889640808105,297500,0.0,0
2008-07-30,11.556566026475695,11.556566026475695,11.065411749926474,11.375994682312012,699900,0.0,0
2008-07-31,11.195420812818373,11.375992116250927,11.10152365237446,11.152083396911621,273900,0.0,0
2008-08-01,11.159307602247464,11.549341631626941,10.91373049322614,11.332655906677246,444100,0.0,0
2008-08-04,11.260427790910637,11.47711351586033,11.159307602247464,11.332655906677246,425500,0.0,0
2008-08-05,11.498781548430514,11.549341296884226,11.296541865790756,11.3904390335083,585400,0.0,0
2008-08-06,11.282098183275075,11.390441409623252,11.007629640881436,11.173755645751953,565300,0.0,0
2008-08-07,11.036520834072249,11.130418019709174,10.610372333421987,10.711492538452148,509000,0.0,0
2008-08-08,10.682600174896292,11.159308390148565,10.567034630450285,11.007628440856934,422800,0.0,0
2008-08-11,11.15208824373825,11.85992841901832,10.884842681169037,11.780476570129395,599000,0.0,0
2008-08-12,11.773249301042037,11.773249301042037,11.245981386767905,11.404884338378906,327000,0.0,0
2008-08-13,11.332656076739788,11.404884882415224,11.000404810517672,11.195422172546387,355700,0.0,0
2008-08-14,11.094303878770488,11.571012837829718,11.079858528461148,11.513229370117188,306400,0.0,0
2008-08-15,11.636017181203888,12.170508163487593,11.636017181203888,12.156062126159668,693100,0.0,0
2008-08-18,12.228289316312223,12.228289316312223,11.55656382363923,11.585455894470215,436300,0.0,0
2008-08-19,11.426552745932431,11.592678027323148,11.224313063292673,11.3904390335083,475900,0.0,0
2008-08-20,11.477114984124128,11.621571922962612,11.260429231453891,11.54934310913086,225900,0.0,0
2008-08-21,11.419332107994302,11.592679744248422,11.303765869116534,11.375994682312012,294100,0.0,0
2008-08-22,11.46266905505729,11.628795052923351,11.347103502885261,11.55656623840332,204800,0.0,0
2008-08-25,11.10152746890681,11.462670199927167,11.10152746890681,11.419333457946777,337300,0.0,0
2008-08-26,11.448221463871185,11.448221463871185,11.23153575156347,11.368769645690918,437900,0.0,0
2008-08-27,11.390442315705863,11.686579251396104,11.245984669083699,11.621573448181152,264600,0.0,0
2008-08-28,11.643241731411985,11.98993840698675,11.571012912921377,11.968269348144531,193400,0.0,0
2008-08-29,11.946599182202325,12.011603589908592,11.780472520931253,11.896038055419922,272500,0.0,0
2008-09-02,12.336634710502171,12.791673911264303,12.163286377942782,12.473869323730469,805600,0.0,0
2008-09-03,12.452199924841615,12.726669143788556,12.379971110505574,12.618325233459473,580100,0.0,0
2008-09-04,12.488315789847459,12.567766250624507,12.141617735215302,12.271629333496094,414100,0.0,0
2008-09-05,12.235515120289454,12.459423209618844,12.163286304413823,12.336634635925293,369600,0.0,0
2008-09-08,12.914460170201027,13.109477525983468,12.394415265764353,13.044471740722656,566500,0.0,0
2008-09-09,13.095035924557767,13.30449938747966,12.596659905644172,12.683333396911621,701600,0.0,0
2008-09-10,12.820562859104104,13.275601948782473,12.5966548230814,13.181705474853516,563000,0.0,0
2008-09-11,13.043560544400362,13.581589057782969,12.839981625782109,13.436175346374512,540200,0.12,0
2008-09-12,13.407102162828801,13.407102162828801,12.789095567234606,12.890884399414062,501400,0.0,0
2008-09-15,12.643679972739765,12.643679972739765,12.091109529355457,12.17835807800293,371200,0.0,0
2008-09-16,11.887532805487716,12.33104225038477,11.531269835776412,12.025675773620605,511200,0.0,0
2008-09-17,11.902073731864839,11.902073731864839,11.218631148433058,11.254983901977539,490900,0.0,0
2008-09-18,11.553078275504951,11.553078275504951,10.397043296019765,11.036861419677734,1218300,0.0,0
2008-09-19,10.884181001392482,12.171087790386624,10.251633502614434,11.058676719665527,1376100,0.0,0
2008-09-22,10.971429840764557,11.41494000434644,10.92053542506721,10.96415901184082,462200,0.0,0
2008-09-23,10.99323906739139,11.131382011150427,10.789660758750136,10.855096817016602,487500,0.0,0
2008-09-24,10.789660172511404,11.109568925851647,10.658788063089197,10.891448974609375,365700,0.0,0
2008-09-25,10.891449534644869,11.349501247791276,10.891449534644869,11.313148498535156,348600,0.0,0
2008-09-26,11.08775581464894,11.240439692946683,10.927801110388415,11.036861419677734,378700,0.0,0
2008-09-29,10.85509809134643,10.956886910924391,10.557001073923555,10.82601547241211,1276100,0.0,0
2008-09-30,10.978698441259418,11.102299734337045,10.855097148181791,10.993239402770996,646700,0.0,0
2008-10-01,10.884180732142086,10.942345970127556,10.789662047069616,10.898721694946289,561400,0.0,0
2008-10-02,10.855096192362643,10.90599059324819,10.237089781391562,10.273443222045898,634500,0.0,0
2008-10-03,10.38977437295291,10.840555264444262,9.808121363698689,9.837203979492188,366200,0.0,0
2008-10-06,9.597271620303061,10.389773717402724,8.179492976403326,8.710250854492188,1193900,0.0,0
2008-10-07,8.724791458782958,8.855663552547623,8.04134976626731,8.084973335266113,691400,0.0,0
2008-10-08,8.2958247188694,8.397614230203226,7.750525102536519,7.888668060302734,1041900,0.0,0
2008-10-09,7.925020267529981,8.077704177322744,7.292472839355469,7.292472839355469,525400,0.0,0
2008-10-10,6.9507508031290675,7.808688154607703,6.609029611692933,7.619650840759277,686000,0.0,0
2008-10-13,8.084974301470906,8.623003005981445,7.983184806002339,8.623003005981445,249600,0.0,0
2008-10-14,8.921097896359214,9.030157491420468,7.605108464131042,7.830499172210693,346300,0.0,0
2008-10-15,7.70689994887717,7.8886664505640445,7.496050834655762,7.496050834655762,523200,0.0,0
2008-10-16,7.830501009403353,8.6884384021884,7.56875681043151,8.506671905517578,1393000,0.0,0
2008-10-17,8.20130445454314,9.211926464948688,8.186763494803818,8.746603965759277,616000,0.0,0
2008-10-20,8.833850337737248,9.546375274658203,8.746602513633796,9.546375274658203,394900,0.0,0
2008-10-21,9.76449879520858,9.822664032803065,9.233740135428501,9.30644702911377,777900,0.0,0
2008-10-22,9.14649259503378,9.779040095765572,9.117409975231778,9.277364730834961,492300,0.0,0
2008-10-23,9.37915166892213,9.531835565550361,8.564837784699638,8.710250854492188,1365400,0.0,0
2008-10-24,8.324906332344147,9.291904146433053,6.928939427584299,8.957453727722168,463600,0.0,0
2008-10-27,8.812040948528956,9.21192743765583,8.564838366400187,8.586650848388672,298900,0.0,0
2008-10-28,8.775686900480018,9.539106382858693,8.484860761185384,9.531835556030273,411900,0.0,0
2008-10-29,9.597271589838783,10.106217679189285,9.124678941167076,9.633625030517578,500800,0.0,0
2008-10-30,9.815393379756381,10.208009087211265,9.742686484774822,10.178926467895508,687400,0.0,0
2008-10-31,10.142571424324785,10.571540511765972,9.968075735889661,10.513375282287598,548500,0.0,0
2008-11-03,10.462481543470448,10.629706415481714,10.237090744907137,10.353421211242676,300700,0.0,0
2008-11-04,10.64424844232957,10.64424844232957,9.815392800655841,10.048053741455078,302000,0.0,0
2008-11-05,9.90990953629711,10.17892386964594,9.640895202948283,9.706331253051758,292700,0.0,0
2008-11-06,9.604544756857079,9.677251655930146,8.986538194889137,9.066515922546387,340600,0.0,0
2008-11-07,9.161031413586736,9.379150647837358,8.913828875159618,9.284632682800293,292700,0.0,0
2008-11-10,9.539107375926369,9.648167709553727,8.979266826156012,9.168303489685059,245100,0.0,0
2008-11-11,9.07378185050695,9.182842148548577,8.732061386108398,8.732061386108398,355500,0.0,0
2008-11-12,8.586652938956481,8.761148677042792,8.084976825227802,8.114059448242188,289100,0.0,0
2008-11-13,8.186763488809586,8.688438733672072,7.75779442935884,8.564837455749512,479300,0.0,0
2008-11-14,8.433965321818155,8.572107547629852,7.699628543775866,7.714169502258301,393800,0.0,0
2008-11-17,7.663275071993495,7.815958948964445,7.496050236607472,7.539673805236816,448200,0.0,0
2008-11-18,7.5832996668013815,7.714171093678345,7.125247939271338,7.394262313842773,676400,0.0,0
2008-11-19,7.40153411772233,7.496052806670999,6.681738054710832,6.71082067489624,383900,0.0,0
2008-11-20,6.63811082595423,6.718087814200432,5.772902483817751,5.83106803894043,868600,0.0,0
2008-11-21,6.107354432492281,6.419993050236389,5.736550933960098,6.376369476318359,700800,0.0,0
2008-11-24,6.478157692445541,6.936209337507285,6.325473810758293,6.88531494140625,539400,0.0,0
2008-11-25,6.943480957740478,7.488780498504639,6.812608846074129,7.488780498504639,630000,0.0,0
2008-11-26,7.270660832306979,8.215846879183736,7.270660832306979,7.9104790687561035,760800,0.0,0
2008-11-28,7.830499172210693,7.975912196753697,7.641461893612791,7.830499172210693,160900,0.0,0
2008-12-01,7.590568810723935,7.8741248031743325,7.26338924613297,7.307013511657715,539500,0.0,0
2008-12-02,7.263390616230748,7.735984026126993,7.001647053861965,7.670547962188721,1028800,0.0,0
2008-12-03,7.445157545856884,8.10678766129868,7.314286104447258,8.03408145904541,455300,0.0,0
2008-12-04,7.90320859326519,8.303095095516952,7.48878112926144,7.692359447479248,463600,0.0,0
2008-12-05,7.379719571137571,7.423343835922118,6.5799473927503005,7.350636959075928,831700,0.0,0
2008-12-08,7.488782299317031,7.743255063502326,7.350639327475984,7.437887191772461,556400,0.0,0
2008-12-09,7.379720225549233,7.4088028401898365,6.768985318096569,6.834420680999756,567400,0.0,0
2008-12-10,6.878045090658717,7.074352570161206,6.558136323053675,6.6962785720825195,535900,0.0,0
2008-12-11,6.725745098147453,6.725745098147453,6.099580166336435,6.239546775817871,525400,0.12,0
2008-12-12,6.114315570180125,6.431080831581882,5.937516256485466,6.320581436157227,509400,0.0,0
2008-12-15,6.504748800084923,6.57841554606381,6.180616663361768,6.298482894897461,585700,0.0,0
2008-12-16,6.460547442422271,6.7257463865295275,6.298481069754416,6.681546211242676,484500,0.0,0
2008-12-17,6.622613112552174,6.777312672249228,6.4973801022003705,6.681546211242676,578200,0.0,0
2008-12-18,6.740480928739696,6.850981042225764,6.541581848525766,6.629981517791748,558300,0.0,0
2008-12-19,6.8362445503003935,6.932010994207458,6.593145385973934,6.659445285797119,834100,0.0,0
2008-12-22,6.718378759945683,6.718378759945683,6.217446779202628,6.519479751586914,788300,0.0,0
2008-12-23,6.600513194880721,6.629979743416611,6.2174473613762204,6.246913909912109,361100,0.0,0
2008-12-24,6.283745894734371,6.350045790051324,6.151146806638245,6.165879726409912,105400,0.0,0
2008-12-26,6.187980823010183,6.2911140943242625,6.151148164183237,6.269014358520508,197200,0.0,0
2008-12-29,6.232181140482135,6.379513886792053,5.981715120486298,6.062747955322266,411100,0.0,0
2008-12-30,6.136413851042587,6.401612758586152,6.0701139485222315,6.357413291931152,366200,0.0,0
2008-12-31,6.4163448203633395,6.703644093825943,6.401611200040172,6.644711017608643,377900,0.0,0
2009-01-02,6.652078878835928,6.784678686549306,6.408979699719981,6.696279048919678,263000,0.0,0
2009-01-05,6.666814576694265,6.821514166298463,6.394248766922697,6.556314468383789,477400,0.0,0
2009-01-06,6.593145809205912,6.9393782513204645,6.593145809205912,6.828878879547119,435900,0.0,0
2009-01-07,6.6668148889537715,6.72574800179776,6.445815364519755,6.629981517791748,477900,0.0,0
2009-01-08,6.534210972797941,6.7110102014498425,6.534210972797941,6.644711017608643,653100,0.0,0
2009-01-09,6.6299792904236154,6.762579101044211,6.438446386757841,6.578413009643555,490100,0.0,0
2009-01-12,6.5489450299625735,6.6447114608381215,6.276379358641891,6.342678546905518,399100,0.0,0
2009-01-13,6.67417697210658,6.725743233653183,6.342677569199493,6.445810794830322,497400,0.0,0
2009-01-14,6.416346998900358,6.467913282464332,6.0111814354376225,6.040647983551025,453700,0.0,0
2009-01-15,6.0259130446024,6.2100790843270435,5.80491365642529,6.158512115478516,569300,0.0,0
2009-01-16,6.254280548820468,6.298480721664567,5.782815434083323,6.011181354522705,380200,0.0,0
2009-01-20,5.952247098338366,6.003813371152255,5.488148535400036,5.4955153465271,358200,0.0,0
2009-01-21,5.591282178806018,5.878581158961392,5.392382830810926,5.856481075286865,290200,0.0,0
2009-01-22,5.679682637759769,5.782815556959862,5.230317248627347,5.407116889953613,354500,0.0,0
2009-01-23,5.281883477594502,5.5249826583592805,5.024051023791523,5.303983211517334,445600,0.0,0
2009-01-26,5.32608334861804,5.672315444024661,5.267150255890866,5.385016441345215,419800,0.0,0
2009-01-27,5.267150609690433,5.532349896045351,5.200850700284463,5.407116889953613,459900,0.0,0
2009-01-28,5.480782821940768,5.812281639888143,5.473416009810458,5.71651554107666,439200,0.0,0
2009-01-29,5.628113742613337,5.7680799666745015,5.252415226465011,5.267148494720459,363500,0.0,0
2009-01-30,5.340816238919742,5.517615504426626,5.001950628762631,5.024050712585449,477900,0.0,0
2009-02-02,4.95038359908755,5.222949638202048,4.876717244435882,5.149282932281494,569800,0.0,0
2009-02-03,5.171383816428455,5.296616814395228,5.031417545246119,5.156650543212891,478000,0.0,0
2009-02-04,5.156650864605732,5.348183779614476,5.0977177680704155,5.164017677307129,505400,0.0,0
2009-02-05,6.20271248845429,6.20271248845429,5.362915416647283,5.429214954376221,744600,0.0,0
2009-02-06,5.458682508925892,5.768081580103201,5.458682508925892,5.510249137878418,920800,0.0,0
2009-02-09,5.51024787312694,5.73124725931935,5.473414525005258,5.6207475662231445,503400,0.0,0
2009-02-10,5.613381448291635,5.871213863130858,5.414482116699219,5.414482116699219,505000,0.0,0
2009-02-11,5.458683335072565,5.59128315779917,5.333450325283649,5.466050148010254,283200,0.0,0
2009-02-12,5.362915310086141,5.502881193215472,5.164015998313746,5.451314926147461,382900,0.0,0
2009-02-13,5.488147158547379,5.502880425836372,5.311347951079467,5.362914562225342,319300,0.0,0
2009-02-17,5.230316794472128,5.281883425229059,5.090350526362402,5.178750514984131,393600,0.0,0
2009-02-18,5.208216559650851,5.377649357242573,4.943017321840134,5.2745161056518555,822900,0.0,0
2009-02-19,5.3113511917244685,5.407117663167865,5.090351696281095,5.134551525115967,240700,0.0,0
2009-02-20,5.060884834662569,5.090351385419665,4.780952251201168,4.950385093688965,372500,0.0,0
2009-02-23,4.972485392912363,5.060885048926243,4.780952453613281,4.780952453613281,369300,0.0,0
2009-02-24,4.884084304683035,5.1492831949573965,4.803051134798084,5.075616836547852,382300,0.0,0
2009-02-25,5.00931769664454,5.053517515281712,4.670452069157289,4.884084701538086,406200,0.0,0
2009-02-26,4.943017027906708,5.112449815423215,4.898817216111386,5.009316921234131,473200,0.0,0
2009-02-27,4.957750695115111,5.009317321969318,4.795684705567315,4.8619842529296875,464700,0.0,0
2009-03-02,4.714651063577307,4.898817118004007,4.626251441757019,4.699917793273926,626500,0.0,0
2009-03-03,4.773586145961197,4.773586145961197,4.383153792342253,4.471553802490234,644400,0.0,0
2009-03-04,4.545219173510485,4.567318907678197,4.272653443649106,4.456819534301758,395600,0.0,0
2009-03-05,4.346318776318377,4.43471839451008,3.926420063004499,3.9558866024017334,398000,0.0,0
2009-03-06,4.066387259199663,4.140053625055485,3.9632543470015142,4.095853805541992,369200,0.0,0
2009-03-09,4.066388014367337,4.287387504245488,3.9927216348309553,4.022188186645508,513400,0.0,0
2009-03-10,4.162152277655271,4.3905181088294665,4.14005219987185,4.309484958648682,546500,0.0,0
2009-03-11,4.324218896740536,4.508384952151315,4.198985922858188,4.272652626037598,259500,0.0,0
2009-03-12,4.325308873990216,5.047447427734224,4.024417750148531,4.927091121673584,621700,0.12,0
2009-03-13,5.039926003984874,5.039926003984874,4.633723029750399,4.701423645019531,439400,0.0,0
2009-03-16,4.7239900626115245,5.039925391886813,4.573544309028415,4.596111297607422,380100,0.0,0
2009-03-17,4.581066467641815,4.821779084207498,4.566021929106459,4.799212455749512,208100,0.0,0
2009-03-18,4.701423403584863,4.949658501903722,4.528411007985334,4.821779727935791,358300,0.0,0
2009-03-19,4.904524494930393,4.972225101403717,4.648766967089048,4.6939005851745605,244900,0.0,0
2009-03-20,4.648767050877822,4.746556737837369,4.468232575281846,4.558499813079834,311400,0.0,0
2009-03-23,4.769122976117231,4.942135334014893,4.603632707507261,4.942135334014893,359700,0.0,0
2009-03-24,4.8518677173375435,5.062491596250751,4.7540784051503975,4.761600494384766,262700,0.0,0
2009-03-25,4.8293022988647305,5.107626485262816,4.693901071878522,5.070014953613281,359400,0.0,0
2009-03-26,5.122669639094802,5.483738882139328,5.002313344309977,5.476216793060303,424600,0.0,0
2009-03-27,5.280638417800358,5.340816576160912,4.987269716447592,5.024880886077881,200400,0.0,0
2009-03-30,4.90452437622477,4.90452437622477,4.498321464596499,4.581066608428955,288500,0.0,0
2009-03-31,4.656289125214531,4.8217790478558,4.505843382305107,4.6111555099487305,234800,0.0,0
2009-04-01,4.513365512733684,4.7841675439309235,4.415575840538839,4.626199722290039,252000,0.0,0
2009-04-02,4.723989675851212,5.047447427734224,4.588588472842908,4.927091121673584,549300,0.0,0
2009-04-03,4.889478392458809,5.1753249076420005,4.535931651135386,4.8669114112854,676800,0.0,0
2009-04-06,4.784168180035696,4.881957506542582,4.543455191556188,4.6939005851745605,540800,0.0,0
2009-04-07,4.648766418023097,4.912046363794414,4.59611071582089,4.769123077392578,737900,0.0,0
2009-04-08,4.821779717250696,5.250549659835929,4.821779717250696,5.243027210235596,509100,0.0,0
2009-04-09,5.340816016956396,5.9200312685657925,5.340816016956396,5.844808578491211,438800,0.0,0
2009-04-13,5.784630843509418,5.784630843509418,5.378427929128947,5.468695163726807,506700,0.0,0
2009-04-14,5.1978937821004125,5.243027405311267,4.851868978793713,4.972225666046143,1016700,0.0,0
2009-04-15,4.912047294349031,5.062492698699174,4.799213061741355,5.04744815826416,375300,0.0,0
2009-04-16,5.4009934331542135,5.829763246196427,4.769122563927306,5.175325393676758,873200,0.0,0
2009-04-17,5.182849244120732,5.190371694005436,4.844346890492397,5.160282611846924,827700,0.0,0
2009-04-20,5.107626320004217,5.107626320004217,4.927091834784045,5.04744815826416,702500,0.0,0
2009-04-21,5.002314304098901,5.197893320649787,4.739034679396879,5.16780424118042,623000,0.0,0
2009-04-22,5.070014128884927,5.558962167342012,5.0474475005181905,5.3032050132751465,561900,0.0,0
2009-04-23,5.295684366060782,5.295684366060782,5.00231558667091,5.1076273918151855,474600,0.0,0
2009-04-24,5.167803408863335,5.551439648345187,5.115147707617636,5.498783588409424,457000,0.0,0
2009-04-27,5.355858619930436,5.468692793621011,5.227979913660448,5.378425598144531,433100,0.0,0
2009-04-28,5.310726816413243,5.5363952400361285,5.205415052777929,5.280637741088867,294500,0.0,0
2009-04-29,5.340815287465307,5.656750901315625,5.23550353574521,5.543916702270508,443700,0.0,0
2009-04-30,5.574006381519379,5.641706980060933,5.325771331787109,5.325771331787109,496200,0.0,0
2009-05-01,5.325770360024205,5.438604550775227,5.25806977383559,5.318248271942139,544200,0.0,0
2009-05-04,5.355861404343465,5.649230480194092,5.310727783141092,5.649230480194092,292500,0.0,0
2009-05-05,5.596573397500288,5.596573397500288,5.355860435922078,5.506306171417236,476900,0.0,0
2009-05-06,5.543917790151487,5.596573855689231,5.280638179842969,5.551440238952637,341100,0.0,0
2009-05-07,5.596573527353095,5.70188529356012,5.4386056986975175,5.566484451293945,548600,0.0,0
2009-05-08,5.641707072010966,5.754541285189201,5.491261693566704,5.701885223388672,235800,0.0,0
2009-05-11,5.566484971537666,5.566484971537666,5.3934725886827755,5.528873443603516,233100,0.0,0
2009-05-12,5.513828231122473,5.61161790486248,5.265593181390204,5.325771331787109,216500,0.0,0
2009-05-13,5.258069785331769,5.265592232120286,4.889478501254552,4.964701175689697,375400,0.0,0
2009-05-14,4.9797467939955045,5.355860606690454,4.912046551619671,5.250548839569092,426300,0.0,0
2009-05-15,5.250548108995659,5.348337772775285,5.07001331750327,5.13771390914917,333100,0.0,0
2009-05-18,5.1903708112807125,5.333294106571801,4.942135746345172,5.310727119445801,236400,0.0,0
2009-05-19,5.258071214090236,5.363383345605566,5.137714902289976,5.273116111755371,282500,0.0,0
2009-05-20,5.303205259641113,5.574006964762878,5.265593732362481,5.4235615730285645,543900,0.0,0
2009-05-21,5.378427415238122,5.438605565886873,5.137714453953048,5.280637741088867,305100,0.0,0
2009-05-22,5.333293077301476,5.333293077301476,5.115147131507116,5.122669219970703,211100,0.0,0
2009-05-26,5.085060341650375,5.4987854360832324,5.02488181349288,5.40099573135376,275300,0.0,0
2009-05-27,5.370907244384853,5.476219411363737,5.227983896647986,5.265595436096191,333200,0.0,0
2009-05-28,5.325770789329974,5.348337772775285,4.964701565035229,5.13771390914917,385300,0.0,0
2009-05-29,5.235504820702345,5.235504820702345,5.0474478957020885,5.212937831878662,352400,0.0,0
2009-06-01,5.295684770924709,5.378429946352036,5.070016241101172,5.340818405151367,671300,0.0,0
2009-06-02,5.333293417127217,5.596572986548762,5.250548286615287,5.431082725524902,955500,0.0,0
2009-06-03,5.483739367591588,5.792152579625245,5.363383062152129,5.762063503265381,528300,0.0,0
2009-06-04,5.807197676466437,5.9350764426430365,5.671796819821276,5.859853744506836,354800,0.0,0
2009-06-05,5.93507559139773,5.95012012886719,5.814719291642056,5.912508964538574,297200,0.0,0
2009-06-08,5.82224101993168,5.889941613690436,5.739496248326585,5.747018337249756,275800,0.0,0
2009-06-09,5.799675060064822,5.829764136590729,5.6417072289587695,5.664274215698242,320500,0.0,0
2009-06-10,5.694362541132251,5.739496149967945,5.461172049469482,5.5965728759765625,500800,0.0,0
2009-06-11,5.641828601684224,5.739881858636734,5.558860433520032,5.57394552230835,525300,0.02,0
2009-06-12,5.513606501537296,5.596574689781136,5.17419174182782,5.430638313293457,1122500,0.0,0
2009-06-15,5.385381452613493,5.490977428298152,5.249615660577762,5.377839088439941,440200,0.0,0
2009-06-16,5.453265348135922,5.528690799492915,5.317499535693336,5.340126991271973,333900,0.0,0
2009-06-17,5.35521188768821,5.649371317160563,5.2647013493362405,5.558860778808594,332600,0.0,0
2009-06-18,5.536233324049056,5.709712035718784,5.460807515765507,5.558860778808594,201000,0.0,0
2009-06-19,5.6493716268739975,5.694627258187924,5.468350540246007,5.48343563079834,296800,0.0,0
2009-06-22,5.423093774694699,5.513604293075851,5.362753429107264,5.400465965270996,244300,0.0,0
2009-06-23,5.460808842524653,5.498521755829164,5.1364791548024415,5.166649341583252,712500,0.0,0
2009-06-24,5.2269879191934,5.332583896301295,5.1591052020890364,5.181732654571533,323600,0.0,0
2009-06-25,5.121391962037851,5.30241336817495,5.0761367004177895,5.196817398071289,1056600,0.0,0
2009-06-26,5.15156267657856,5.641828601684224,5.15156267657856,5.57394552230835,886100,0.0,0
2009-06-29,5.664455949780885,5.664455949780885,5.415551465717321,5.5965728759765625,304000,0.0,0
2009-06-30,5.619200902889176,5.76250942911953,5.573945635604364,5.717254161834717,445800,0.0,0
2009-07-01,5.770052940277905,6.079297848376924,5.69462748451849,5.996329307556152,279000,0.0,0
2009-07-02,5.875648313055082,5.89827612858973,5.611659049987793,5.611659049987793,356900,0.0,0
2009-07-06,5.611657788065465,5.830391730532558,5.543774716383661,5.7926788330078125,223800,0.0,0
2009-07-07,5.807764802273779,5.845477705527036,5.54377555847168,5.54377555847168,429200,0.0,0
2009-07-08,5.551318282985091,5.641828819204628,5.415552118998885,5.54377555847168,430400,0.0,0
2009-07-09,5.54377594976517,5.6267441269842955,5.39292504541851,5.423095226287842,165900,0.0,0
2009-07-10,5.445723246998806,5.581489434650816,5.392925604829214,5.566404342651367,274500,0.0,0
2009-07-13,5.581488673641889,5.845477927467085,5.46080759444361,5.830392837524414,140700,0.0,0
2009-07-14,5.845478497052641,5.9963294111783165,5.656914674567072,5.9737019538879395,199100,0.0,0
2009-07-15,6.071753957110593,6.36591299826118,6.01141324443238,6.328200817108154,314400,0.0,0
2009-07-16,6.260319783346895,6.441340901491802,5.702170616419449,6.396085262298584,362700,0.0,0
2009-07-17,6.411169528961182,6.509222796310015,6.33574371736551,6.411169528961182,241500,0.0,0
2009-07-20,6.463966536480172,6.675158500671387,6.350828549409991,6.675158500671387,300500,0.0,0
2009-07-21,6.675158715645986,6.705328894457255,6.494136923464568,6.644988536834717,244300,0.0,0
2009-07-22,6.592190275801047,6.848637158908232,6.592190275801047,6.765669345855713,285400,0.0,0
2009-07-23,6.727954765634457,7.489752500508548,6.6826991484094,7.459582328796387,376300,0.0,0
2009-07-24,7.376616073697934,7.504839522528113,7.0522868084044115,7.482212066650391,326500,0.0,0
2009-07-27,7.474669753849441,7.617978660711491,7.421872114118103,7.56518030166626,253000,0.0,0
2009-07-28,7.474667815027236,7.587806509937116,7.3238169411277685,7.504837989807129,307800,0.0,0
2009-07-29,7.421870887321635,7.497295971711333,7.233307097376731,7.346445083618164,237900,0.0,0
2009-07-30,7.4822125162655695,7.783914343810997,7.361531785247398,7.436956882476807,260800,0.0,0
2009-07-31,7.38415765762329,7.542551262917099,7.135253523492126,7.384157657623291,237400,0.0,0
2009-08-03,7.542554839873374,7.542554839873374,7.278565132752173,7.4972991943359375,225800,0.0,0
2009-08-04,7.42187069867812,7.693402290344238,7.286104543188183,7.693402290344238,226300,0.0,0
2009-08-05,7.678316903335027,7.685858907416104,7.331359539626218,7.369072437286377,463200,0.0,0
2009-08-06,7.421872589884047,7.512383143502884,7.157882935676984,7.17296838760376,247600,0.0,0
2009-08-07,7.308732587943755,7.5048391130202345,7.28610513330072,7.414328575134277,276600,0.0,0
2009-08-10,7.353990243162979,7.452043532722834,7.059830374483415,7.203139305114746,214100,0.0,0
2009-08-11,7.142796792377338,7.263477506701609,7.082456435215201,7.188051700592041,168500,0.0,0
2009-08-12,7.2182224905704695,7.459584658976651,7.203137759659128,7.2106804847717285,288200,0.0,0
2009-08-13,7.278560567452604,7.278560567452604,6.939145956410654,7.089996814727783,231300,0.0,0
2009-08-14,7.097540790211991,7.15788114418912,6.901434280129445,7.022115707397461,227200,0.0,0
2009-08-17,6.863723278045653,6.908978191649573,6.7430418300361445,6.863723278045654,139100,0.0,0
2009-08-18,6.924063320571908,7.007031137865443,6.848637508985894,6.916520595550537,242800,0.0,0
2009-08-19,6.848637356777902,7.248392422946152,6.848637356777902,7.195594787597656,209900,0.0,0
2009-08-20,7.157882613125011,7.31627625464885,7.0899995211413795,7.225765705108643,128600,0.0,0
2009-08-21,7.323818392866678,7.897052546625743,7.316275667848147,7.753743648529053,296800,0.0,0
2009-08-24,7.76882690381095,7.76882690381095,7.338901050292187,7.4671244621276855,326300,0.0,0
2009-08-25,7.52746613370217,7.678317740795928,7.44449832525162,7.474668502807617,216900,0.0,0
2009-08-26,7.4520421496130576,7.70094633102417,7.331361421572988,7.70094633102417,301700,0.0,0
2009-08-27,7.68585759662128,7.761283379078007,7.5500921952381725,7.746198654174805,228400,0.0,0
2009-08-28,7.776373040976703,7.776373040976703,7.482213193027883,7.58026647567749,166800,0.0,0
2009-08-31,7.48975401880756,7.504838748064752,7.210679694068613,7.263477325439453,262600,0.0,0
2009-09-01,7.195592775206591,7.467124320177424,6.96931612807408,7.089996814727783,287500,0.0,0
2009-09-02,7.037202207091468,7.135255486807078,6.954234379323155,6.984404563903809,177800,0.0,0
2009-09-03,6.984404011974977,7.08245728394212,6.780754742663093,7.0522871017456055,217500,0.0,0
2009-09-04,7.0221172243100725,7.172968141839598,6.848638129665682,7.1578826904296875,136400,0.0,0
2009-09-08,7.240850146411454,7.323817958755926,7.0975412568092295,7.308732509613037,87300,0.0,0
2009-09-09,7.286105327901006,7.30119077760848,7.089998797586833,7.195594787597656,161500,0.0,0
2009-09-10,7.165423235585227,7.519923323385173,7.097540163526334,7.512380599975586,214100,0.0,0
2009-09-11,7.550169954299262,7.7315552498398885,7.451919405691148,7.723998069763184,170600,0.02,0
2009-09-14,7.671093574792274,8.048979971989157,7.671093574792274,7.9960761070251465,190500,0.0,0
2009-09-15,7.958286817229771,8.094326142215923,7.90538295562896,8.003633499145508,111700,0.0,0
2009-09-16,8.0036369209964,8.237926168905362,7.950733036777221,8.200138092041016,90100,0.0,0
2009-09-17,8.215249271841728,8.283268931068733,7.852478716979064,7.8600358963012695,317900,0.0,0
2009-09-18,7.625748984091888,8.313502235527354,7.557729305024866,8.162347793579102,341000,0.0,0
2009-09-21,8.056540848334485,8.139676347708273,7.852482493281692,7.867597579956055,205000,0.0,0
2009-09-22,7.950732372798115,8.003636252599202,7.814693001010973,7.973405361175537,217600,0.0,0
2009-09-23,8.011189297466712,8.23036330756619,7.905380881268013,7.928053855895996,228400,0.0,0
2009-09-24,7.935613334576669,8.033863871877035,7.701323480897179,7.82980489730835,209900,0.0,0
2009-09-25,7.829805105297036,7.958286525121149,7.6106310457313775,7.655977725982666,145100,0.0,0
2009-09-28,7.72399833616515,8.094326840856894,7.610631981971413,7.950730323791504,190100,0.0,0
2009-09-29,7.9809608459472665,8.086768573489122,7.860036596132008,7.980960845947266,113700,0.0,0
2009-09-30,8.01119140463184,8.033864385223444,7.625747130769281,7.882709980010986,213800,0.0,0
2009-10-01,7.814693848678643,7.882713541950379,7.527499988620972,7.618192672729492,307000,0.0,0
2009-10-02,7.519939866765229,7.723998886393678,7.436805111043179,7.5274977684021,208200,0.0,0
2009-10-05,7.5426121279997895,7.603074614538601,7.315880866713927,7.587958812713623,227100,0.0,0
2009-10-06,7.640863656502245,7.8600377657166165,7.587959784859146,7.75423002243042,147700,0.0,0
2009-10-07,7.693768969613501,7.754230748801087,7.5577296060608035,7.640864372253418,194600,0.0,0
2009-10-08,7.723995774480459,7.897823117528299,7.6333031536606,7.701322078704834,211000,0.0,0
2009-10-09,7.716442423693737,7.973405361175537,7.67865362922383,7.973405361175537,158600,0.0,0
2009-10-12,7.958288327883223,8.222809127621103,7.663537362144596,7.75423002243042,201500,0.0,0
2009-10-13,7.723995558018218,7.822246074676515,7.557725397461034,7.822246074676514,129100,0.0,0
2009-10-14,7.950728992528072,8.313499535379346,7.8600356360542545,8.230364799499512,259100,0.0,0
2009-10-15,8.313500572574247,8.313500572574247,7.459477245445744,7.799574851989746,558300,0.0,0
2009-10-16,7.799575120269534,8.16234644161941,7.701324569086466,8.026307106018066,484600,0.0,0
2009-10-19,8.079211220858571,8.086769122127487,7.693767626038656,7.965845584869385,171600,0.0,0
2009-10-20,7.950730234659245,7.980961117953112,7.633305599693085,7.7391133308410645,209800,0.0,0
2009-10-21,7.693764232489775,7.9885150443580635,7.542609156827165,7.557724952697754,244900,0.0,0
2009-10-22,7.519939268792084,8.124557657201136,7.519939268792084,8.026307106018066,240900,0.0,0
2009-10-23,8.094325901787233,8.094325901787233,7.829805160118217,7.943171501159668,382500,0.0,0
2009-10-26,7.928055555528275,8.192576292353067,7.761786078263398,7.8600358963012695,222700,0.0,0
2009-10-27,7.86759295072363,8.177459613219227,7.746669445433732,7.769342422485352,148000,0.0,0
2009-10-28,7.746669162178783,7.837361787830053,7.399013736801786,7.467033386230469,281900,0.0,0
2009-10-29,7.572845340301097,7.618191313886385,7.406575088712112,7.489709854125977,203700,0.0,0
2009-10-30,7.429246755193667,7.625747861171472,7.35366918496801,7.40657377243042,291000,0.0,0
2009-11-02,7.436804739121967,7.48215070515305,7.089149209585416,7.444362640380859,262400,0.0,0
2009-11-03,7.406574004303842,7.451919971249954,7.11938023752091,7.29320764541626,368200,0.0,0
2009-11-04,7.330994799617177,7.414130255111904,6.937993383612884,6.975781440734863,293300,0.0,0
2009-11-05,7.0211295758141326,7.126938031698287,6.869975153666154,7.028687477111816,323600,0.0,0
2009-11-06,6.960667406791723,7.361226782646312,6.922878623236891,7.187399387359619,249200,0.0,0
2009-11-09,7.23274671171865,7.330997279140728,7.126938962772744,7.262977600097656,260200,0.0,0
2009-11-10,7.2403031441750025,7.361226673142764,6.998456086239481,7.036244869232178,296400,0.0,0
2009-11-11,7.066475485915571,7.111821447193835,6.968224942131255,7.043801784515381,290600,0.0,0
2009-11-12,7.006012856080581,7.1420514438294385,6.915319503233383,6.960666179656982,262400,0.0,0
2009-11-13,7.006014607684621,7.187399917206004,6.915321232162779,7.058918476104736,304000,0.0,0
2009-11-16,7.126937741470322,7.467035357643874,7.089148957281903,7.4519195556640625,327400,0.0,0
2009-11-17,7.436805978022722,7.557729535265164,7.406575088712112,7.489709854125977,180700,0.0,0
2009-11-18,7.467034246178018,7.535053903440245,7.285648973986083,7.308321952819824,158300,0.0,0
2009-11-19,7.262975727328948,7.262975727328948,6.945551120817156,7.134494304656982,328900,0.0,0
2009-11-20,7.104264227105345,7.1420530122969845,7.02112947629264,7.111822128295898,219900,0.0,0
2009-11-23,7.14205307687539,7.5350552932041595,7.14205307687539,7.444362640380859,295700,0.0,0
2009-11-24,7.474594919151138,7.474594919151138,7.285651676995498,7.399017333984375,140900,0.0,0
2009-11-25,7.414132126893741,7.587959539974713,7.308323666261082,7.5274977684021,148700,0.0,0
2009-11-27,7.338553483103079,7.482149989481269,7.19495697672489,7.383900165557861,87000,0.0,0
2009-11-30,7.346109867095947,7.43680249252171,7.043800394915821,7.346109867095947,266600,0.0,0
2009-12-01,7.436806235757192,7.542613991630639,7.383902357820468,7.429248332977295,212700,0.0,0
2009-12-02,7.414129825037881,7.5501684084599425,7.255417543744686,7.391456127166748,175200,0.0,0
2009-12-03,7.444360372367362,7.474591247431598,7.2025126510925634,7.225186347961426,152600,0.0,0
2009-12-04,7.406573432831828,7.5577278455914385,7.3309958660714765,7.550169944763184,438400,0.0,0
2009-12-07,7.527496131649276,7.655977548494816,7.512380331662264,7.580399990081787,195300,0.0,0
2009-12-08,7.504823981315848,7.640862592418951,7.323437965243222,7.550169944763184,292300,0.0,0
2009-12-09,7.580401638337843,7.595517441611582,7.436805111043179,7.5274977684021,162100,0.0,0
2009-12-10,7.580402673471084,7.580402673471084,7.346113456824401,7.399017333984375,207100,0.0,0
2009-12-11,7.436881053297514,7.550479469598897,7.39144226456618,7.452027797698975,153600,0.02,0
2009-12-14,7.520187377929688,7.565626170738914,7.444455093598859,7.5201873779296875,104800,0.0,0
2009-12-15,7.482322675335099,7.55805425199981,7.4141637507711495,7.50504207611084,154600,0.0,0
2009-12-16,7.59591825833023,7.59591825833023,7.39144226456618,7.452027797698975,289500,0.0,0
2009-12-17,7.376296856660197,7.429309749434079,7.186966850756783,7.247552394866943,251800,0.0,0
2009-12-18,7.270271176723046,7.512613308534973,7.232405038068301,7.497466564178467,384000,0.0,0
2009-12-21,7.520187338487238,7.770102864336972,7.512613965646559,7.580772876739502,153600,0.0,0
2009-12-22,7.573202073182015,7.679227162211823,7.550482669188782,7.633787631988525,105600,0.0,0
2009-12-23,7.709518691687926,8.065458611409213,7.641359768521849,7.97458028793335,171000,0.0,0
2009-12-24,8.035164533934012,8.126042842673037,7.951859598149053,8.118470191955566,45500,0.0,0
2009-12-28,8.126043032537579,8.224494716530991,8.08817761135571,8.186629295349121,221100,0.0,0
2009-12-29,8.232067636083249,8.232067636083249,8.110896561609797,8.148762702941895,122400,0.0,0
2009-12-30,8.080606687448283,8.216924556177984,7.936715443292078,8.095752716064453,70600,0.0,0
2009-12-31,8.073031868998696,8.141190791180405,7.807970276581356,7.823116302490234,179100,0.0,0
2010-01-04,7.9518596381195366,8.080604090039447,7.8837007256635125,8.065457344055176,141200,0.0,0
2010-01-05,8.073028414875258,8.073028414875258,7.78524682336969,7.838259696960449,134100,0.0,0
2010-01-06,7.823113939423698,7.87612609744686,7.762528409615375,7.785247802734375,164800,0.0,0
2010-01-07,7.815543249577257,8.027593398908833,7.709518897148203,8.004873275756836,121900,0.0,0
2010-01-08,7.951859598149053,8.133616215627105,7.944286225194984,8.118470191955566,82200,0.0,0
2010-01-11,8.186629077222756,8.209348473773861,7.9745789686238036,8.163908958435059,77800,0.0,0
2010-01-12,8.118469690493649,8.254786784063851,8.073030177812548,8.156335830688477,135800,0.0,0
2010-01-13,8.163907689507253,8.398677158166757,8.095748788211381,8.3153715133667,199100,0.0,0
2010-01-14,8.262361709171355,8.398679550594268,8.224495561860914,8.330520629882812,280100,0.0,0
2010-01-15,8.368383393462123,8.527420570070413,8.269931739158286,8.413822174072266,290400,0.0,0
2010-01-19,8.391105605384293,8.784912355022218,8.30780066476241,8.777338981628418,416800,0.0,0
2010-01-20,8.709178669065672,8.883361895773454,8.686459274763902,8.739471435546875,298800,0.0,0
2010-01-21,8.74704647064209,8.90608370546237,8.694033577544221,8.74704647064209,540500,0.0,0
2010-01-22,8.754618226571289,8.890935315345061,8.610727043341189,8.663739204406738,356400,0.0,0
2010-01-25,8.74704455289333,8.845496221648116,8.731897808975747,8.769763946533203,227900,0.0,0
2010-01-26,8.709176285288526,8.928798962723741,8.709176285288526,8.754615783691406,252200,0.0,0
2010-01-27,8.747044048472647,8.860641732357614,8.678885149247085,8.83034896850586,427000,0.0,0
2010-01-28,8.868218075990033,8.951523023942212,8.572862987772247,8.70918083190918,143500,0.0,0
2010-01-29,8.769764079764967,8.792483473749996,8.51227520714625,8.527421951293945,175900,0.0,0
2010-02-01,8.580435004412108,8.671313312047594,8.497130069638725,8.625874519348145,111100,0.0,0
2010-02-02,8.656164584093787,8.875787272821452,8.580432323607132,8.837921142578125,222400,0.0,0
2010-02-03,8.769763683113082,8.868215348910645,8.610726487938017,8.822775840759277,144900,0.0,0
2010-02-04,8.330522923738027,9.163575505006586,7.535336500206566,9.080269813537598,560300,0.0,0
2010-02-05,9.072693358790959,9.428633965154809,8.883363356590113,9.375621795654297,427200,0.0,0
2010-02-08,9.37561934812985,9.413485483132318,8.981812699682527,9.004532814025879,389000,0.0,0
2010-02-09,9.155998627534721,9.155998627534721,8.89850972007677,8.928802490234375,327400,0.0,0
2010-02-10,8.913656680585422,8.951522102515371,8.618301622770073,8.633447647094727,263500,0.0,0
2010-02-11,8.588011184843372,8.686462897526528,8.489559472160217,8.671316146850586,429300,0.0,0
2010-02-12,8.588008881589891,8.943949482408305,8.580435508283054,8.921229362487793,244100,0.0,0
2010-02-16,9.027254422073621,9.065120566371178,8.792484905218082,8.921229362487793,643500,0.0,0
2010-02-17,8.981814657451032,9.019680800707192,8.921229117135821,8.928802490234375,461900,0.0,0
2010-02-18,8.913656725886309,8.943949496926198,8.860643834889027,8.898509979248047,173200,0.0,0
2010-02-19,8.906083106994629,8.943949250309544,8.837924193475104,8.906083106994629,304000,0.0,0
2010-02-22,8.90607996286009,9.0878365199218,8.883359851550109,9.03482437133789,193500,0.0,0
2010-02-23,9.042400317850527,9.201437543849144,8.928802608810066,9.095413208007812,274900,0.0,0
2010-02-24,9.102988224879697,9.405915985176547,9.057548699716794,9.125707626342773,235200,0.0,0
2010-02-25,9.01968162223026,9.155999461473778,8.97424282397354,9.102987289428711,206900,0.0,0
2010-02-26,9.08784054185202,9.246877780223898,9.065121142723658,9.102987289428711,238400,0.0,0
2010-03-01,9.133276432748392,9.246874105482746,9.080263559534155,9.216581344604492,356400,0.0,0
2010-03-02,9.201436298258507,9.284741947698675,9.118131371054861,9.171143531799316,300900,0.0,0
2010-03-03,9.224157634947103,9.246877032237675,9.080266433554698,9.140851974487305,219000,0.0,0
2010-03-04,9.171144744953608,9.209010888595643,9.087839806730429,9.140851974487305,145800,0.0,0
2010-03-05,9.171145621915684,9.26959731590446,9.110560075189774,9.239304542541504,350000,0.0,0
2010-03-08,9.209012048467503,9.292317719419621,9.163573248163356,9.18629264831543,152100,0.0,0
2010-03-09,9.14085365323924,9.239305355894905,9.072694726613262,9.125707626342773,255800,0.0,0
2010-03-10,9.095414308766722,9.216585405670862,9.027255386198966,9.209012031555176,416100,0.0,0
2010-03-11,9.13315377589732,9.535194396972656,9.13315377589732,9.535194396972656,276000,0.02,0
2010-03-12,9.595878711184945,9.595878711184945,9.315208819323733,9.345551490783691,164900,0.0,0
2010-03-15,9.34555217895388,9.421409224902773,9.292452680845498,9.391066551208496,198700,0.0,0
2010-03-16,9.82345327595072,9.922067180884136,9.611054485631568,9.81586742401123,518800,0.0,0
2010-03-17,9.808279630936736,9.929650335289852,9.747594278760179,9.755179405212402,369200,0.0,0
2010-03-18,9.785517975964396,9.853789149377707,9.497263035771102,9.512434005737305,188500,0.0,0
2010-03-19,9.163492202758789,9.573118483485796,9.102806881423387,9.163492202758789,380300,0.0,0
2010-03-22,9.102811433470572,9.171082634969835,9.01178340594704,9.072468757629395,265400,0.0,0
2010-03-23,9.072469500662388,9.125569006876669,8.708356637321055,8.791799545288086,410800,0.0,0
2010-03-24,8.776626760002266,8.875240633234771,8.685598736270666,8.738698959350586,378300,0.0,0
2010-03-25,8.814552871349893,8.897995022740695,8.64766784514206,8.784210205078125,365800,0.0,0
2010-03-26,8.791799819158008,8.913170536243719,8.617328870777396,8.746285438537598,221700,0.0,0
2010-03-29,8.746284409976232,8.799384635026557,8.602156881242953,8.73111343383789,355800,0.0,0
2010-03-30,8.71594001155904,8.860068235231685,8.624912002441409,8.670426368713379,213000,0.0,0
2010-03-31,8.647666946957663,8.746280782955,8.511125324629635,8.533882141113281,350200,0.0,0
2010-04-01,8.564226843705335,8.708354346992264,8.518712476473167,8.6097412109375,230300,0.0,0
2010-04-05,8.617326037819584,8.76904010772705,8.503541208815284,8.76904010772705,282500,0.0,0
2010-04-06,8.700772937801556,8.723529769423202,8.624915867827221,8.685601234436035,337300,0.0,0
2010-04-07,8.640085295419409,8.723527471671442,8.57939994479494,8.655256271362305,611200,0.0,0
2010-04-08,8.609743192360277,8.708356351109604,8.435272255148755,8.624914169311523,204200,0.0,0
2010-04-09,8.624913464379272,8.640085163516995,8.450443264854057,8.602156639099121,142600,0.0,0
2010-04-12,8.602154019889172,8.632496685499358,8.465611662930229,8.579397201538086,295000,0.0,0
2010-04-13,8.571811541175757,8.784210205078125,8.473197694935958,8.784210205078125,581400,0.0,0
2010-04-14,8.822142163809033,9.155911623134994,8.715942428673882,9.1179838180542,473600,0.0,0
2010-04-15,9.08005720158991,9.595882838259671,9.0345428131116,9.474512100219727,829700,0.0,0
2010-04-16,9.019366079220054,9.702076406915003,8.989023414065306,9.482091903686523,1226300,0.0,0
2010-04-19,9.391067039170268,9.732422316824366,9.375895339821604,9.648980140686035,895800,0.0,0
2010-04-20,9.66415262188357,9.838623574436365,9.61105311274542,9.770352363586426,428400,0.0,0
2010-04-21,9.755179314858704,10.081363622356387,9.755179314858704,10.043435096740723,303400,0.0,0
2010-04-22,9.975164366971926,10.710975194371818,9.846207807837105,10.665461540222168,586000,0.0,0
2010-04-23,10.703386775435284,10.72614432047488,10.36961740587736,10.506159782409668,683000,0.0,0
2010-04-26,10.460649490356445,10.612362899250437,10.354449742417351,10.460649490356445,256600,0.0,0
2010-04-27,10.3923782754975,10.695805816712081,10.362035593718701,10.460649490356445,542900,0.0,0
2010-04-28,10.483407844926012,10.65787883308888,10.392379786355832,10.619950294494629,700800,0.0,0
2010-04-29,10.688221519278938,10.794420559230796,10.58960760830457,10.619950294494629,425500,0.0,0
2010-04-30,10.612361278915085,10.68821833349324,10.544090074480044,10.604775428771973,470300,0.0,0
2010-05-03,10.642702777685887,11.05232923551522,10.612360103899507,11.01440143585205,370800,0.0,0
2010-05-04,10.893029247651642,10.893029247651642,10.490988667531,10.627531051635742,476800,0.0,0
2010-05-05,10.490989358229013,10.61994590205667,10.308933316387522,10.346861839294434,373700,0.0,0
2010-05-06,10.308933267960732,10.362032765725129,9.489680360096102,9.982748985290527,359200,0.0,0
2010-05-07,9.861378612464973,9.95240663592271,9.451752145191946,9.823450088500977,586400,0.0,0
2010-05-10,10.10412030506869,10.3772051068877,10.058606653716486,10.29376220703125,351600,0.0,0
2010-05-11,10.202731793658511,10.50615919985833,10.081361120549095,10.362030982971191,227100,0.0,0
2010-05-12,10.407550798539994,10.991647649683571,10.377208114369244,10.976476669311523,246200,0.0,0
2010-05-13,10.908203702260975,11.143359286070446,10.809589813641134,10.877861022949219,157900,0.0,0
2010-05-14,10.82475854526092,10.832343670437993,10.597188151142934,10.802000999450684,157500,0.0,0
2010-05-17,10.88544534196591,11.105429916879212,10.673045893243357,11.059915542602539,192000,0.0,0
2010-05-18,11.173701577650155,11.32541569237093,10.779246760285075,10.847517967224121,182600,0.0,0
2010-05-19,10.817173137078214,10.938543825969052,10.430303523668893,10.544088363647461,249100,0.0,0
2010-05-20,10.308931789910377,10.384788101065505,10.005504375010974,10.20273208618164,330600,0.0,0
2010-05-21,10.02067786420486,10.817173976114306,10.02067786420486,10.794416427612305,467800,0.0,0
2010-05-24,10.771660307993477,10.839931511117845,10.52133304548844,10.536504745483398,160200,0.0,0
2010-05-25,10.339280266379905,10.642707128280499,10.005509994862548,10.619950294494629,264400,0.0,0
2010-05-26,10.680631371629023,10.976472985578598,10.627531873007205,10.72614574432373,327400,0.0,0
2010-05-27,10.97647167501372,11.15852769720267,10.87027196702367,11.150941848754883,583200,0.0,0
2010-05-28,11.097844686129006,11.325415123349869,11.037159332660305,11.219215393066406,290700,0.0,0
2010-06-01,11.128185239098954,11.272312745224406,10.824758529663086,10.824758529663086,419000,0.0,0
2010-06-02,10.893031565023314,11.302658081054688,10.657875990623245,11.302658081054688,304300,0.0,0
2010-06-03,11.257143678501993,11.416442908798775,10.991644720198536,11.090258598327637,457400,0.0,0
2010-06-04,10.81717553340436,10.93854624918242,10.544090699477191,10.612361907958984,495400,0.0,0
2010-06-07,10.635115277782901,10.726143278822294,10.399959065861454,10.468230247497559,478900,0.0,0
2010-06-08,10.415135944989897,10.551678385707275,10.05102373431243,10.21790885925293,320000,0.0,0
2010-06-09,10.286175479588124,10.392374465163064,10.051019239451852,10.134461402893066,419700,0.0,0
2010-06-10,10.293761620869807,10.536503733489312,10.293761620869807,10.498575210571289,530700,0.0,0
2010-06-11,10.346644336379722,10.680897572206709,10.316257744438497,10.673300743103027,268800,0.02,0
2010-06-14,10.794842113227787,10.931582075894159,10.680892627321251,10.825228691101074,204300,0.0,0
2010-06-15,10.908793802889265,11.068323550069934,10.825230877974938,11.01514720916748,245600,0.0,0
2010-06-16,10.93918266241683,11.258242223147388,10.901199967855993,11.136695861816406,176100,0.0,0
2010-06-17,11.227853446442614,11.303820269718376,11.037937112726524,11.273433685302734,194200,0.0,0
2010-06-18,11.34940053972013,11.39498078161487,11.129097606921176,11.174677848815918,466000,0.0,0
2010-06-21,11.296225588750216,11.394982187982883,11.03793920990685,11.121502876281738,198800,0.0,0
2010-06-22,11.136698175346371,11.425371205712919,10.969571531560767,10.992362022399902,242400,0.0,0
2010-06-23,10.961970715611045,10.961970715611045,10.65810415525057,10.756860733032227,290700,0.0,0
2010-06-24,10.665701393617574,10.680895048234568,10.39981823360682,10.452995300292969,249100,0.0,0
2010-06-25,10.528963277290096,10.72647647568798,10.430206678091155,10.703686714172363,463800,0.0,0
2010-06-28,10.734070651189391,11.015146721986035,10.63531407640031,10.802440643310547,277700,0.0,0
2010-06-29,10.61252469152169,10.741667853493423,10.263078616387581,10.346641540527344,374400,0.0,0
2010-06-30,10.361839099896784,10.559351606346898,10.057972423597205,10.095955848693848,210000,0.0,0
2010-07-01,10.156728706513295,10.156728706513295,9.609769286661143,10.065568923950195,304900,0.0,0
2010-07-02,10.11114572613647,10.133935482879817,9.602169903870815,9.609766006469727,356100,0.0,0
2010-07-06,9.792088463932538,9.799684568261423,8.910875883643122,8.941263198852539,624100,0.0,0
2010-07-07,9.002036195114213,9.214742325889574,8.941263014892682,9.184355735778809,520400,0.0,0
2010-07-08,9.305899231946647,9.435042381286621,9.15396632815645,9.435042381286621,314100,0.0,0
2010-07-09,9.389466461910956,9.518609670585883,9.374273526788146,9.4882230758667,148300,0.0,0
2010-07-12,9.495818714612176,9.586978487335635,9.267918920566789,9.29830551147461,165300,0.0,0
2010-07-13,9.868053436279297,10.057969787513956,9.693330740890636,9.868053436279297,487600,0.0,0
2010-07-14,9.860457705736863,9.860457705736863,9.640154742765848,9.799684524536133,201300,0.0,0
2010-07-15,9.845261204822194,9.906034363999172,9.54899151047952,9.738907814025879,207200,0.0,0
2010-07-16,9.92882463408247,10.285867506175952,9.799681482994897,9.852858543395996,798700,0.0,0
2010-07-19,9.913635436979526,10.179517941163592,9.906038607709649,10.012392044067383,328800,0.0,0
2010-07-20,9.921228344251093,10.01998418782589,9.670538148761041,10.004791259765625,261600,0.0,0
2010-07-21,10.10354912283729,10.149128637333476,9.921229615905908,9.959212303161621,403000,0.0,0
2010-07-22,10.057968506612596,10.696087481411134,10.035178750219304,10.589734077453613,507200,0.0,0
2010-07-23,10.513769330869062,10.886005205790761,10.331449807373541,10.863215446472168,258300,0.0,0
2010-07-26,10.901199364467542,11.432965028093745,10.863215947535654,11.243048667907715,356200,0.0,0
2010-07-27,11.364598012422446,11.43296803599263,10.901202232464193,10.992362022399902,204700,0.0,0
2010-07-28,10.931584060492046,10.931584060492046,10.604927745695816,10.665700912475586,153400,0.0,0
2010-07-29,10.794843232271875,10.794843232271875,10.369430373472401,10.597330093383789,107600,0.0,0
2010-07-30,10.422606240664617,10.696085438572384,10.369429186605464,10.658102035522461,146000,0.0,0
2010-08-02,10.74926525864017,11.045535029265963,10.74926525864017,10.954375267028809,157600,0.0,0
2010-08-03,10.939180245302934,11.281030216603208,10.650508063163393,11.007550239562988,242100,0.0,0
2010-08-04,11.037935744376993,11.243045707110515,10.97716258307963,11.075919151306152,162600,0.0,0
2010-08-05,10.954375189104384,11.174678127395387,10.954375189104384,11.11390495300293,105100,0.0,0
2010-08-06,10.916396650704371,11.121506749263382,10.764463646849757,10.969573020935059,135500,0.0,0
2010-08-09,11.045535617781654,11.11390562422068,10.992359268095047,11.098711967468262,99400,0.0,0
2010-08-10,10.946778101022353,11.091114930129121,10.794845168652099,10.923988342285156,127000,0.0,0
2010-08-11,10.696086421986069,10.703683248189147,10.263077471035679,10.323850631713867,233400,0.0,0
2010-08-12,10.141534470844338,10.28587059360414,10.004794452301978,10.1111478805542,134400,0.0,0
2010-08-13,10.04277753893878,10.149130239198026,9.814877757067856,9.928827285766602,160100,0.0,0
2010-08-16,9.84526153053008,10.13393440840741,9.84526153053008,10.004791259765625,97700,0.0,0
2010-08-17,10.149127588991316,10.45299412696274,10.027581263592046,10.35423755645752,126000,0.0,0
2010-08-18,10.331450099229585,10.696089156521417,10.293466682976668,10.551753044128418,162100,0.0,0
2010-08-19,10.506171069185909,10.521364722973788,9.913632336451146,10.073162078857422,176300,0.0,0
2010-08-20,9.97440393030213,10.05796683954283,9.875647369668663,10.027580261230469,141200,0.0,0
2010-08-23,10.06556355027245,10.225093265708525,9.79968044972127,9.860453605651855,125800,0.0,0
2010-08-24,9.731313752346543,10.01998595671161,9.564187167340435,9.670539855957031,117300,0.0,0
2010-08-25,9.632556701027891,9.982002784883035,9.617363046546949,9.959212303161621,103500,0.0,0
2010-08-26,9.99719772567524,10.118744088076701,9.678138162134672,9.799684524536133,135600,0.0,0
2010-08-27,9.913632336245984,10.270675231047555,9.86805209935658,10.247884750366211,138600,0.0,0
2010-08-30,10.171917222171139,10.33904304345555,10.13393381752534,10.20989990234375,220900,0.0,0
2010-08-31,10.171920018568615,10.392222956710656,10.019986358216821,10.194709777832031,222900,0.0,0
2010-09-01,10.377030328995478,10.688493059522887,10.369433500330551,10.62771987915039,188400,0.0,0
2010-09-02,10.574542180504537,10.62771852543874,10.323852662281343,10.506172180175781,148300,0.0,0
2010-09-03,10.635314951272655,10.764458119353119,10.475785198024631,10.711281776428223,94900,0.0,0
2010-09-07,10.6656984205749,10.711278647247152,10.39981533467854,10.536555290222168,193700,0.0,0
2010-09-08,10.597333338395089,10.802443366464088,10.589736509694728,10.718879699707031,72600,0.0,0
2010-09-09,10.855616473016804,10.984759624420379,10.612523823068072,10.68848991394043,264800,0.0,0
2010-09-10,10.696090028148753,11.091116430212455,10.696090028148753,11.053133010864258,383400,0.0,0
2010-09-13,11.15202377661157,11.349808821945423,11.00748899761873,11.304165840148926,192100,0.02,0
2010-09-14,11.296560124093627,11.296560124093627,10.855347744174033,10.931418418884277,185200,0.0,0
2010-09-15,10.908596785258622,11.182452507415983,10.68799060548643,11.144416809082031,111600,0.0,0
2010-09-16,11.11398844834315,11.136810302734375,10.786883182245614,11.136810302734375,213900,0.0,0
2010-09-17,11.25852191693203,11.692126915183344,11.152022125488516,11.425878524780273,624000,0.0,0
2010-09-20,11.433484364782968,12.026839375676134,11.326985305497347,11.981196403503418,243500,0.0,0
2010-09-21,11.94316130553951,12.13333903564514,11.836662240981456,11.844268798828125,139900,0.0,0
2010-09-22,11.821451097010723,11.920343632354452,11.34220299133142,11.448702812194824,170200,0.0,0
2010-09-23,11.349809958961071,11.813843480604188,11.288953127449536,11.547595024108887,245300,0.0,0
2010-09-24,11.745378986707246,11.752986271769624,11.593236912812845,11.654093742370605,224600,0.0,0
2010-09-27,11.684520421370284,11.745377241887535,11.372629034851736,11.661699295043945,88200,0.0,0
2010-09-28,11.730165337269622,11.844271713221753,11.365023628375642,11.836665153503418,157900,0.0,0
2010-09-29,11.760590858751016,11.965982430020453,11.760590858751016,11.844268798828125,140000,0.0,0
2010-09-30,11.973590068378604,12.049661452864711,11.486735529173071,11.798626899719238,266700,0.0,0
2010-10-01,11.927947464375702,11.935554022222371,11.676912918673906,11.844268798828125,264500,0.0,0
2010-10-04,11.752981302791381,11.851873790380191,11.372625916128422,11.51716136932373,158200,0.0,0
2010-10-05,11.600841654731362,12.255053517266496,11.600841654731362,12.194196701049805,476000,0.0,0
2010-10-06,12.186592537581879,12.681054477298819,12.087700004544358,12.635412216186523,491700,0.0,0
2010-10-07,12.75712563017991,12.779946034818904,12.194199584337829,12.460447311401367,264700,0.0,0
2010-10-08,12.45283897195335,12.643016710706242,12.224624814885281,12.597373008728027,302500,0.0,0
2010-10-11,12.627805726316467,12.711482968469928,12.544127033221596,12.566948890686035,127200,0.0,0
2010-10-12,12.49087913395629,12.741913795471191,12.45284415076436,12.741913795471191,181200,0.0,0
2010-10-13,12.711481751470977,13.069016896143033,12.620197232235629,12.98533821105957,318500,0.0,0
2010-10-14,12.932088201914155,13.023374168812392,12.50609040858523,12.536518096923828,248600,0.0,0
2010-10-15,12.977729230650588,13.274407506762769,12.186590546547299,12.201805114746094,432600,0.0,0
2010-10-18,12.125733101911791,12.125733101911791,11.593235543443594,11.616057395935059,657500,0.0,0
2010-10-19,11.418274730492843,11.555202246509769,11.053132995016078,11.11398983001709,335600,0.0,0
2010-10-20,11.136810883836825,11.296560245557847,10.969454236921791,11.24330997467041,213800,0.0,0
2010-10-21,11.326985642518236,11.47912767850338,10.893379933122516,11.106379508972168,161300,0.0,0
2010-10-22,11.182453988889042,11.243310824097554,10.984668911726033,11.167240142822266,151800,0.0,0
2010-10-25,11.28895249444637,11.676915317681233,11.266131365276852,11.50955867767334,285800,0.0,0
2010-10-26,11.441093571889981,11.441093571889981,11.288951514844348,11.395450592041016,241400,0.0,0
2010-10-27,11.288951688887211,11.441093748278433,11.197666453252477,11.403058052062988,137500,0.0,0
2010-10-28,11.524772974374985,11.562808674797704,11.266131807535903,11.365023612976074,151000,0.0,0
2010-10-29,11.304165867261162,11.593236151410743,11.304165867261162,11.539986610412598,186300,0.0,0
2010-11-01,11.63127119538677,11.829056230084753,11.281344105332854,11.441093444824219,285100,0.0,0
2010-11-02,11.593237064474692,11.798629411022034,11.517166389267658,11.783414840698242,276200,0.0,0
2010-11-03,11.79102069633781,11.897520499280583,11.53998612019536,11.752985000610352,108700,0.0,0
2010-11-04,11.973591530318638,12.293090223417355,11.965984245847103,12.247447967529297,233500,0.0,0
2010-11-05,12.285480486325792,12.293087769278642,12.042053235598035,12.163766860961914,120100,0.0,0
2010-11-08,12.10291129613394,12.224624934046934,11.965983090746565,12.125732421875,122200,0.0,0
2010-11-09,12.110521141852857,12.178985259030133,11.958379062275945,12.102913856506348,202900,0.0,0
2010-11-10,12.14855523317761,12.171376360722206,11.973591320747536,12.064876556396484,237700,0.0,0
2010-11-11,11.920340890336082,12.270267238099917,11.874697913187902,12.118125915527344,178000,0.0,0
2010-11-12,11.965982784835894,12.072482578022349,11.768198491018891,11.798626899719238,143700,0.0,0
2010-11-15,11.87470012850703,11.981199944740826,11.730165337269622,11.836665153503418,240500,0.0,0
2010-11-16,11.71494632630153,11.806232263025764,11.471519096291223,11.737768173217773,229600,0.0,0
2010-11-17,11.75298629365726,11.867093393393537,11.418273730466241,11.829057693481445,240600,0.0,0
2010-11-18,11.98119877944109,12.171376537844916,11.920341954789512,12.072484016418457,245300,0.0,0
2010-11-19,12.049661218432309,12.262660800661202,12.019232810323965,12.194196701049805,197000,0.0,0
2010-11-22,12.125733214896831,12.156161626365096,11.646485915639312,11.874698638916016,211600,0.0,0
2010-11-23,11.699735342102521,11.760592164455234,11.486736463868027,11.67691421508789,93100,0.0,0
2010-11-24,11.813841093970668,12.133339757596397,11.768198842292998,12.118125915527344,88600,0.0,0
2010-11-26,12.004018783962003,12.262661352732879,11.950769248742695,12.125732421875,66700,0.0,0
2010-11-29,12.019234358549278,12.140948006660874,11.752985209202233,11.996413230895996,99100,0.0,0
2010-11-30,11.851877397984303,11.912734220337017,11.654092362602713,11.67691421508789,268000,0.0,0
2010-12-01,11.813843419008984,12.004021197858643,11.798629573945751,11.851879119873047,326200,0.0,0
2010-12-02,11.89752305321534,12.521305259882851,11.874701195597567,12.262664794921875,345700,0.0,0
2010-12-03,12.201805502764898,12.315911866002294,11.829056550216904,12.004019737243652,512000,0.0,0
2010-12-06,11.958377053055365,12.270267719681847,11.927948642252497,12.148554801940918,150100,0.0,0
2010-12-07,12.331127465892347,12.422413445422015,12.20941379381374,12.262664794921875,137700,0.0,0
2010-12-08,12.308303171441953,12.376767271728369,12.087697029113768,12.08769702911377,184700,0.0,0
2010-12-09,12.209411817582783,12.232233671506581,11.996413651392084,12.034448623657227,179200,0.0,0
2010-12-10,12.06487642516521,12.24744761994782,11.912734367405164,12.17137622833252,207300,0.0,0
2010-12-13,12.255368752441681,12.255368752441681,11.728502727607149,11.751410484313965,211700,0.06,0
2010-12-14,11.827767220609056,11.91176087022738,11.766681327178253,11.820131301879883,105200,0.0,0
2010-12-15,11.774317752229042,11.919396573315586,11.560517116027329,11.621603012084961,217300,0.0,0
2010-12-16,11.68269178809159,12.308823469334628,11.598698114155725,12.087386131286621,342800,0.0,0
2010-12-17,12.30118595489784,12.568435871159643,12.10265640538706,12.507349967956543,728900,0.0,0
2010-12-20,12.560799644131516,12.805143222639169,12.492077830625913,12.514984130859375,349000,0.0,0
2010-12-21,12.591341287219658,12.744056745001874,12.49971317767236,12.698241233825684,132000,0.0,0
2010-12-22,12.736419982190926,12.927313563563326,12.705876310098168,12.751691818237305,156400,0.0,0
2010-12-23,12.774596646949743,12.881498030579328,12.67533263686757,12.866226196289062,129200,0.0,0
2010-12-27,12.805145306350784,13.003674860294538,12.766965705744575,12.97313117980957,150100,0.0,0
2010-12-28,12.980763533323207,12.996035369369586,12.728784064167737,12.751691818237305,102100,0.0,0
2010-12-29,12.766966911950407,12.934954257683257,12.766966911950407,12.820418357849121,93800,0.0,0
2010-12-30,12.82804916081955,12.980764621277965,12.82804916081955,12.850956916809082,118200,0.0,0
2010-12-31,12.820415543992036,12.889135903687212,12.682971911796354,12.7746000289917,140700,0.0,0
2011-01-03,12.93494987487793,13.04184981764802,12.812778095597116,12.93494987487793,163600,0.0,0
2011-01-04,13.003677420471574,13.011313342096182,12.553168239441518,12.789875984191895,158000,0.0,0
2011-01-05,12.76696274069862,12.980764085230854,12.713512768666188,12.965492248535156,114900,0.0,0
2011-01-06,12.957856875304335,12.957856875304335,12.47680565037286,12.56843376159668,116400,0.0,0
2011-01-07,12.598977958993029,12.980765169871605,12.308820319542468,12.75932788848877,213800,0.0,0
2011-01-10,12.660064303936869,12.8891360560355,12.476806610977428,12.782236099243164,156400,0.0,0
2011-01-11,12.866228989023918,12.942586720647128,12.530255843723351,12.721149444580078,219500,0.0,0
2011-01-12,12.8662288243636,13.034214666662725,12.57606973918934,12.996036529541016,553000,0.0,0
2011-01-13,12.973127857217477,13.041849664305232,12.850956079373129,12.927313804626465,93800,0.0,0
2011-01-14,12.919678458520742,13.08766429639421,12.873864403901166,13.04948616027832,100600,0.0,0
2011-01-18,13.003671388645962,13.202200889587402,12.881499612128529,13.202200889587402,175500,0.0,0
2011-01-19,13.164023076612564,13.164023076612564,12.713514043724787,12.912043571472168,211500,0.0,0
2011-01-20,12.828046610563396,12.996033874951769,12.65242488543217,12.866226196289062,149400,0.0,0
2011-01-21,12.934952177303673,12.934952177303673,12.52262125653402,12.598978996276855,217500,0.0,0
2011-01-24,12.576070648512786,12.85095791615329,12.560800266401511,12.782236099243164,62300,0.0,0
2011-01-25,12.660065736852879,12.97313117980957,12.637157976489153,12.97313117980957,148400,0.0,0
2011-01-26,12.980764505008487,13.255651748810427,12.912042694058004,13.080028533935547,339600,0.0,0
2011-01-27,13.041850169225553,13.217471924625759,12.927314305112484,13.20983600616455,137900,0.0,0
2011-01-28,13.171662498419552,13.217476568882072,12.789875179624781,12.797511100769043,468900,0.0,0
2011-01-31,12.873865673924225,13.003673388487497,12.744057959360951,12.782236099243164,139900,0.0,0
2011-02-01,12.904405188068411,13.072392463684082,12.774597500730108,13.072392463684082,314400,0.0,0
2011-02-02,12.980764505008487,13.179294019265159,12.942586368437132,13.080028533935547,347600,0.0,0
2011-02-03,13.09530233015201,13.110574169626206,12.965494607426889,12.988402366638184,203700,0.0,0
2011-02-04,13.797792440969683,15.25621977367321,13.797792440969683,15.15695571899414,1545800,0.0,0
2011-02-07,15.24094579867336,16.26413571012448,15.210403577049378,16.21068572998047,724000,0.0,0
2011-02-08,16.12669561065038,16.60011102997462,16.12669561065038,16.3634033203125,471700,0.0,0
2011-02-09,16.371038136341816,16.508481783132073,16.11142268271641,16.35576629638672,314700,0.0,0
2011-02-10,15.973979108603766,16.210686803373488,15.492927799052032,15.599827766418457,451400,0.0,0
2011-02-11,15.584551616547722,16.050332413667864,15.485287596644662,16.01978874206543,393000,0.0,0
2011-02-14,15.989248553661733,16.04269852933888,15.714361300004835,15.790719032287598,247800,0.0,0
2011-02-15,15.722000160873439,15.935801559992518,15.492928377562402,15.889986038208008,379600,0.0,0
2011-02-16,15.928159743339032,15.928159743339032,15.638000705060994,15.859437942504883,246100,0.0,0
2011-02-17,15.813628291636702,16.004521929863525,15.790721987147325,15.889986038208008,635900,0.0,0
2011-02-18,15.935800964945136,15.935800964945136,15.554013702747534,15.599827766418457,298500,0.0,0
2011-02-22,15.393661596912052,15.393661596912052,15.195132054807893,15.233311653137207,476800,0.0,0
2011-02-23,15.271486759643237,15.279122677791355,14.668262333564144,14.920243263244629,466400,0.0,0
2011-02-24,14.943149729926452,15.4089305474009,14.904971595157475,15.25621509552002,291200,0.0,0
2011-02-25,15.25621703591395,15.70672607421875,15.17222483745898,15.70672607421875,221200,0.0,0
2011-02-28,15.783080101013184,16.035059549970917,15.630364665595385,15.783080101013184,222800,0.0,0
2011-03-01,15.874707375553612,16.035057248970297,15.25621126162666,15.324933052062988,365400,0.0,0
2011-03-02,15.340217080254153,15.714368538747758,15.271495235183565,15.36312484741211,197200,0.0,0
2011-03-03,15.55401345042227,16.080878815097844,15.546377530533851,15.729635238647461,239200,0.0,0
2011-03-04,15.790718907626035,15.821261126456456,15.080594478886944,15.195130348205566,261300,0.0,0
2011-03-07,15.302035473799272,15.355485462043802,14.59954679315055,14.950790405273438,188300,0.0,0
2011-03-08,14.904971021281803,15.317300395240572,14.462097975561862,15.111136436462402,246800,0.0,0
2011-03-09,15.072953639263826,15.523462507056589,14.904967849531758,15.324933052062988,163600,0.0,0
2011-03-10,15.072959690061174,15.103503367583976,14.569000662156599,14.897337913513184,301600,0.0,0
2011-03-11,14.912657505577348,15.234348184107159,14.912657505577348,15.058184623718262,238000,0.06,0
2011-03-14,14.958615210576578,15.188393653632335,14.713516354182534,14.981592178344727,149100,0.0,0
2011-03-15,14.736496585676884,14.935638609105801,14.522035607931306,14.705860137939453,202300,0.0,0
2011-03-16,14.659895071223024,14.805422134001692,14.284589665863368,14.41479778289795,237300,0.0,0
2011-03-17,14.736495475029455,14.736495475029455,13.610578713738043,13.671853065490723,649800,0.0,0
2011-03-18,13.840351569628188,14.284590805379178,13.740781336138824,14.261613845825195,466200,0.0,0
2011-03-21,14.430119514465332,14.659897901406453,14.353526231853174,14.430119514465332,178300,0.0,0
2011-03-22,14.399484036465813,14.483736807584886,14.22332047948557,14.422462463378906,111900,0.0,0
2011-03-23,14.422460135583824,14.820744039087199,14.169703323917329,14.721172332763672,302000,0.0,0
2011-03-24,14.882019314623046,15.042863904540152,14.368846184432753,14.621603012084961,240800,0.0,0
2011-03-25,14.728829822590063,14.882016368187912,14.560325791148566,14.736489295959473,216400,0.0,0
2011-03-28,14.721174000131663,14.874360583720406,14.659899658875272,14.767130851745605,128000,0.0,0
2011-03-29,14.744152928618343,15.25732610197231,14.744152928618343,15.165413856506348,107600,0.0,0
2011-03-30,15.226688644062756,15.724544341776083,15.150096808318205,15.663269996643066,141800,0.0,0
2011-03-31,15.624968030908363,16.06920726793288,15.57135317726845,16.05388832092285,185800,0.0,0
2011-04-01,16.15346179694455,16.674294365559764,16.13048337389552,16.390899658203125,241800,0.0,0
2011-04-04,16.413878081252157,16.6130200316577,16.34494427300042,16.390899658203125,203700,0.0,0
2011-04-05,16.321968789545984,16.597704072213006,16.19942009967078,16.3679256439209,125900,0.0,0
2011-04-06,16.482813418456598,16.72025130174001,16.41387960381053,16.574724197387695,121700,0.0,0
2011-04-07,16.597702571784584,16.835140454341513,16.360264689227655,16.383241653442383,231200,0.0,0
2011-04-08,16.436861343507516,16.436861343507516,14.889683454237161,15.134780883789062,551000,0.0,0
2011-04-11,15.119456469585634,15.448806569453719,14.935633463800155,15.387532234191895,300100,0.0,0
2011-04-12,15.173071859416707,15.318598958573881,14.866700172424316,14.866700172424316,223400,0.0,0
2011-04-13,14.920314727913711,15.081160773333483,14.491394374953337,14.728832244873047,170000,0.0,0
2011-04-14,14.567985050717382,15.019883746614257,14.560325577460384,14.996905326843262,298000,0.0,0
2011-04-15,14.920311738545742,17.409583519334852,14.920311738545742,16.567060470581055,1378100,0.0,0
2011-04-18,16.076869375704952,16.1304842381299,14.80542578344459,15.28796100616455,821600,0.0,0
2011-04-19,15.410517809802416,15.510088102977882,14.943299873534613,15.111804008483887,379800,0.0,0
2011-04-20,15.318601608276367,15.364557004050402,14.973932487731872,15.318601608276367,379600,0.0,0
2011-04-21,15.333916545239886,15.471784157356387,14.98158804084268,15.257323265075684,206200,0.0,0
2011-04-25,15.188392674948842,15.318600840529164,14.82074660539109,14.882020950317383,232900,0.0,0
2011-04-26,14.927975246170355,15.165413132689551,14.82074551565759,15.012228012084961,327700,0.0,0
2011-04-27,14.996910129104736,15.226688556812995,14.836065521888077,15.188392639160156,187800,0.0,0
2011-04-28,15.17307126678386,15.318598360257008,15.035203647798285,15.196049690246582,192100,0.0,0
2011-04-29,15.264980885279162,15.264980885279162,14.813082194177436,15.035201072692871,205000,0.0,0
2011-05-02,15.127114897834698,15.157752793794227,14.874358099749728,14.889677047729492,210000,0.0,0
2011-05-03,14.874358099749728,15.180729754868588,14.767128385681948,14.889677047729492,225000,0.0,0
2011-05-04,14.874359647211056,15.081161083766709,14.820744784599318,14.866700172424316,276000,0.0,0
2011-05-05,14.721176676238807,15.157758080562552,14.57565100236002,14.805429458618164,188700,0.0,0
2011-05-06,15.02754622115497,15.502421970769316,14.713513598480402,14.866700172424316,117100,0.0,0
2011-05-09,14.82074558008279,15.318599780779003,14.751811764197642,15.3032808303833,158000,0.0,0
2011-05-10,15.441146599734699,15.923683252730038,15.441146599734699,15.701562881469727,312600,0.0,0
2011-05-11,15.63263108651801,15.63263108651801,14.958613333477507,15.073502540588379,319100,0.0,0
2011-05-12,14.973932561584059,15.31860168382848,14.805428468984397,15.203712463378906,161000,0.0,0
2011-05-13,15.242006613624621,15.44880806296151,14.920315957176863,15.073502540588379,208400,0.0,0
2011-05-16,14.973934534001563,15.16541708027215,14.698200660781122,14.705860137939453,216200,0.0,0
2011-05-17,14.575648638739956,14.90499731639649,14.445440478402979,14.506714820861816,197100,0.0,0
2011-05-18,14.49139183810185,14.49139183810185,14.085448519197405,14.238635063171387,319400,0.0,0
2011-05-19,14.353523981746104,14.545006427811385,13.924603711610509,14.085448265075684,255900,0.0,0
2011-05-20,14.261616024110543,14.920314774414456,14.246297074804648,14.307571411132812,374700,0.0,0
2011-05-23,14.077793698843795,14.131410029582344,13.832696316192965,13.855674743652344,216900,0.0,0
2011-05-24,13.886313882062593,14.06247893832899,13.373140589669005,13.794403076171875,448400,0.0,0
2011-05-25,13.8020585668212,14.215659995654509,13.763761191348813,14.13140869140625,159900,0.0,0
2011-05-26,14.062471423034832,14.483732223510742,13.72546190611702,14.483732223510742,345300,0.0,0
2011-05-27,14.575647781953446,14.675218034760281,14.506713968127379,14.590965270996094,80700,0.0,0
2011-05-31,14.767129266584254,14.774788741031047,14.30757102604433,14.698195457458496,350500,0.0,0
2011-06-01,14.636919296443471,14.813082804052598,13.94758129119873,13.94758129119873,383300,0.0,0
2011-06-02,13.962905720548402,14.223322077913512,13.901631369456362,14.093113899230957,171300,0.0,0
2011-06-03,13.825036726946667,13.92460845089141,13.610577249334527,13.679511070251465,227000,0.0,0
2011-06-06,13.641210160471307,13.71014396354489,13.212289855376422,13.30420207977295,249600,0.0,0
2011-06-07,13.449728208964894,13.70248500952368,13.27356468815929,13.511002540588379,213600,0.0,0
2011-06-08,13.419093400911308,13.533982604025846,13.196973008780454,13.465048789978027,310600,0.0,0
2011-06-09,13.511003554897576,13.825034710655052,13.334840020866876,13.702486038208008,269200,0.0,0
2011-06-10,13.56461893570614,13.648871699074279,13.043787788317594,13.082083702087402,206000,0.0,0
2011-06-13,13.143722128528482,13.243880274437554,12.804729170296431,13.028156280517578,123400,0.1,0
2011-06-14,13.213055072439063,13.590570763708897,13.128307611622551,13.444188117980957,162900,0.0,0
2011-06-15,13.251580643088007,13.359441870972763,13.020447551121938,13.082082748413086,162800,0.0,0
2011-06-16,13.120605718259261,13.49812148688282,12.966516989658247,13.3902587890625,141900,0.0,0
2011-06-17,13.567458523923506,13.575163105745286,13.266985710868987,13.397960662841797,233900,0.0,0
2011-06-20,14.022021976674173,14.214632160587284,13.798593457975402,13.937273025512695,424100,0.0,0
2011-06-21,14.11447497494853,14.70001014908603,14.068248939213754,14.692305564880371,356100,0.0,0
2011-06-22,14.561330832682101,14.807871653673667,14.476583343903254,14.49199104309082,151600,0.0,0
2011-06-23,14.361015266549273,15.19309122685365,14.314789232504344,15.162274360656738,396300,0.0,0
2011-06-24,15.216205164535577,15.362589321882009,14.753940409940997,15.100639343261719,393300,0.0,0
2011-06-27,15.092935499764684,15.439634450095872,14.877211545169807,15.254727363586426,210100,0.0,0
2011-06-28,15.354886176429265,15.647653049051666,15.262432629048922,15.455042839050293,145300,0.0,0
2011-06-29,15.570615098009855,15.647659507710772,15.231622046525644,15.41652774810791,160400,0.0,0
2011-06-30,15.478153879607959,15.693877806008068,15.377995765047578,15.46274471282959,160000,0.0,0
2011-07-01,15.532084080902278,15.87878297670326,15.362587659343456,15.72469425201416,216800,0.0,0
2011-07-05,15.740105755753238,15.91730678681037,15.62453992982464,15.840262413024902,96700,0.0,0
2011-07-06,15.817147797256908,16.148436057536404,15.763215714910071,16.079097747802734,138200,0.0,0
2011-07-07,16.302525744862695,16.780199644500037,16.156141594562676,16.5490665435791,188000,0.0,0
2011-07-08,16.217776196337272,16.441204705373746,16.163845582293714,16.40268325805664,169000,0.0,0
2011-07-11,16.117615062523747,16.33333892811343,15.98664012082619,16.063684463500977,194700,0.0,0
2011-07-12,15.986645140298984,16.194664489985062,15.770921206976487,15.794034957885742,224000,0.0,0
2011-07-13,15.94042249445058,16.133032717782996,15.63994954679243,15.747812271118164,145700,0.0,0
2011-07-14,15.786333364801735,15.878786916454022,14.915735821948063,15.062118530273438,326500,0.0,0
2011-07-15,15.131453473489124,15.3394727958637,14.985070812113426,15.177680969238281,294400,0.0,0
2011-07-18,15.108344618080114,15.139161486062585,14.86950691109471,15.015891075134277,244700,0.0,0
2011-07-19,14.307084600701172,15.008185570949381,14.02972545836153,14.946550369262695,596100,0.0,0
2011-07-20,14.98506972317168,15.586012429252378,14.98506972317168,15.26242733001709,506800,0.0,0
2011-07-21,15.354885415688896,15.647652273806496,15.254727288530805,15.393406867980957,220300,0.0,0
2011-07-22,15.37029738321281,15.424228014041711,15.20079943546543,15.223913192749023,131000,0.0,0
2011-07-25,15.000483790844367,15.085232760066457,14.777056694030762,14.777056694030762,163300,0.0,0
2011-07-26,14.792456804340985,14.823273657319561,14.376418267891474,14.384122848510742,199600,0.0,0
2011-07-27,14.314793034795558,14.322497620766057,13.94498172520869,14.191522598266602,313600,0.0,0
2011-07-28,14.222334811426872,14.29937917638186,13.783183841532187,13.914158821105957,193800,0.0,0
2011-07-29,13.675323630032475,14.09906546457185,13.544348640711352,14.06054401397705,255500,0.0,0
2011-08-01,14.337905184435668,14.484287892956972,13.844822024129071,13.898754119873047,243300,0.0,0
2011-08-02,13.783181639880215,13.898748903602117,13.136011428832292,13.151420593261719,217400,0.0,0
2011-08-03,13.182240654595216,13.413372273417865,12.71997594745092,13.213057518005371,301600,0.0,0
2011-08-04,12.98192982303707,13.305515068893465,12.696866035461426,12.696866035461426,329800,0.0,0
2011-08-05,12.912588500080393,13.213059953841748,12.465732877012542,12.789318084716797,392800,0.0,0
2011-08-08,12.434909661786575,12.789313069093923,11.818557826685126,11.833966255187988,804900,0.0,0
2011-08-09,12.211488967159294,12.219192818007082,10.98648777764461,11.864789962768555,536200,0.0,0
2011-08-10,11.348588262064947,11.818557439364541,10.9633680103764,11.001890182495117,362300,0.0,0
2011-08-11,11.017302439219412,11.872491373620013,10.940258073345689,11.602837562561035,394400,0.0,0
2011-08-12,11.75692522447987,11.857082603361356,11.27154749670782,11.433340072631836,429000,0.0,0
2011-08-15,11.525794189885637,11.787744174729564,11.464158985775253,11.687586784362793,213500,0.0,0
2011-08-16,11.50268243003291,11.764632443525237,11.387115858624705,11.417933464050293,318800,0.0,0
2011-08-17,11.502681022800793,11.656769031077681,11.048120847321787,11.14827823638916,254800,0.0,0
2011-08-18,10.778463462912837,10.778463462912837,10.14670242682555,10.269972801208496,533400,0.0,0
2011-08-19,9.984911586890945,10.539629101370862,9.815414425709676,10.03884220123291,431000,0.0,0
2011-08-22,10.362430543661807,10.408657323564087,10.015732266018796,10.277682304382324,326300,0.0,0
2011-08-23,10.347020744797643,11.001895019750245,10.246863347152026,10.99419116973877,277800,0.0,0
2011-08-24,10.994191206142865,11.402524648088885,10.878624638592344,11.387115478515625,190200,0.0,0
2011-08-25,11.494973863922297,11.610539660556803,10.924847993626411,10.955665588378906,201400,0.0,0
2011-08-26,10.878622391543622,11.348590945208398,10.816987195481012,11.271547317504883,279900,0.0,0
2011-08-29,11.464155031434135,12.211482541933188,11.387110685496333,12.188368797302246,233300,0.0,0
2011-08-30,12.07280447493737,12.411798756410404,11.934124929357546,12.296232223510742,197900,0.0,0
2011-08-31,12.380978927397411,12.411797253572,12.08050759468853,12.188368797302246,270800,0.0,0
2011-09-01,12.180669151995454,12.380983197979406,11.595133978197216,11.687586784362793,250200,0.0,0
2011-09-02,11.317778134546362,11.42564014065582,10.940262215287966,10.97107982635498,198500,0.0,0
2011-09-06,10.52422261940639,11.202210702344317,10.44717896994167,11.155983924865723,407200,0.0,0
2011-09-07,11.371704727277535,11.695289874905313,11.317773379506574,11.649063110351562,178600,0.0,0
2011-09-08,11.518089480678606,11.548907082399335,10.847806092190575,10.924850463867188,277000,0.0,0
2011-09-09,10.79387779533404,10.909443642965131,10.139002699425223,10.277682304382324,326300,0.0,0
2011-09-12,10.069658821220889,10.462583719728602,9.738369849218795,10.10818099975586,325700,0.0,0
2011-09-13,10.170289120210846,10.558468082960992,10.084889274554541,10.473068237304688,187200,0.1,0
2011-09-14,10.527412738434208,11.032045043179108,10.084888261868679,10.845719337463379,392900,0.0,0
2011-09-15,10.96993874234009,11.412462569992702,10.806903531037651,11.319299697875977,405200,0.0,0
2011-09-16,11.40469922936811,11.4435172792681,11.210609720260878,11.36588191986084,324300,0.0,0
2011-09-19,11.086393048583844,11.148501635043704,10.845722461150068,11.047574996948242,187800,0.0,0
2011-09-20,11.07863103813983,11.249429296241672,10.605052097821833,10.612815856933594,154500,0.0,0
2011-09-21,10.589524581152128,10.729268533449703,10.22463607267888,10.24016284942627,311300,0.0,0
2011-09-22,9.859746370439426,10.154762496848504,9.774347257686541,10.05383586883545,415400,0.0,0
2011-09-23,10.061601540726299,10.744796793908106,10.061601540726299,10.628342628479004,250000,0.0,0
2011-09-26,10.775850121044545,11.04757500182828,10.40319786172801,11.032048225402832,220800,0.0,0
2011-09-27,11.334827628019392,11.660898062550958,11.210609720260878,11.36588191986084,285800,0.0,0
2011-09-28,11.365882586229809,11.427991173554062,10.496361623297497,10.504124641418457,222500,0.0,0
2011-09-29,10.806901084681156,10.876773408049885,10.36437735720257,10.814664840698242,143900,0.0,0
2011-09-30,10.581762606397017,11.039814073748687,10.581762606397017,10.636107444763184,231200,0.0,0
2011-10-03,10.504123339425483,11.008756474376387,10.022781477128778,10.030545234680176,305400,0.0,0
2011-10-04,9.867514379894478,11.365886190072638,9.867514379894478,11.311540603637695,286100,0.0,0
2011-10-05,11.31153681865266,11.738533904313098,11.21061018092254,11.59878921508789,189900,0.0,0
2011-10-06,11.575494994003314,11.87827481077009,11.427987333768739,11.854984283447266,213000,0.0,0
2011-10-07,11.862750505640648,11.862750505640648,11.109683748699705,11.241663932800293,173200,0.0,0
2011-10-10,11.521151617062959,11.963675393223719,11.350352667860035,11.955911636352539,200600,0.0,0
2011-10-11,11.79288144225167,12.07237088493058,11.769590902159399,11.994734764099121,167600,0.0,0
2011-10-12,12.10342361674317,12.305276912433143,12.018023746816661,12.188822746276855,211500,0.0,0
2011-10-13,12.0878936960174,12.212110856248911,11.816168843109134,12.103421211242676,105400,0.0,0
2011-10-14,12.281985593339527,12.38291224084245,11.979206391223586,12.305276870727539,141400,0.0,0
2011-10-17,12.11894829700668,12.181056878715934,11.5599710616234,11.591025352478027,143500,0.0,0
2011-10-18,11.645370248396034,12.413964507095923,11.412462695349573,12.297511100769043,209500,0.0,0
2011-10-19,12.344092113982505,12.344092113982505,10.139235978378004,11.474571228027344,1502600,0.0,0
2011-10-20,11.19508268624971,11.870514073512567,10.969938890495426,11.6143159866333,357400,0.0,0
2011-10-21,11.886043296018011,12.025787255950256,11.598790136373664,12.002496719360352,195500,0.0,0
2011-10-24,12.08013341710353,12.763328693635183,12.08013341710353,12.670165061950684,214600,0.0,0
2011-10-25,12.499364121653427,12.522653913998298,11.800641475992553,11.847223281860352,303900,0.0,0
2011-10-26,12.080133328123408,12.173296218728842,11.528919003413293,12.087896347045898,208200,0.0,0
2011-10-27,12.577001049723565,12.732271771837583,12.28974791859515,12.538182258605957,414300,0.0,0
2011-10-28,12.507132260975366,12.615821945422908,12.087898082473314,12.212115287780762,177100,0.0,0
2011-10-31,11.932623250946593,12.235403159811957,11.754061253169684,11.839460372924805,197900,0.0,0
2011-11-01,11.218376654285528,11.715246204807125,11.19508611390898,11.288249015808105,259700,0.0,0
2011-11-02,11.544443920587975,11.82393254734832,11.466808561128683,11.800642013549805,171500,0.0,0
2011-11-03,12.033553081050119,12.351859850537606,11.606555888160075,12.320805549621582,154000,0.0,0
2011-11-04,12.165532209202727,12.266458857047715,11.909334080208849,12.188822746276855,94500,0.0,0
2011-11-07,12.181056954049463,12.382910216049241,11.878277801442493,12.297511100769043,117300,0.0,0
2011-11-08,12.460546121138526,12.507128670345006,11.86275080711729,12.250929832458496,183300,0.0,0
2011-11-09,11.808403873005737,12.095656211644116,11.629841168213307,11.653132438659668,186300,0.0,0
2011-11-10,11.917092849903142,11.979201416359016,11.567731238098201,11.854984283447266,97600,0.0,0
2011-11-11,12.064605178186454,12.421729943683054,12.025787124033885,12.398439407348633,146500,0.0,0
2011-11-14,12.274222868649606,12.406203075046008,11.994733456440464,12.087896347045898,164800,0.0,0
2011-11-15,11.979205856168624,12.499365848315975,11.893805990345967,12.367384910583496,142700,0.0,0
2011-11-16,12.188820476784365,12.42172802533799,11.831695766440191,11.847223281860352,173700,0.0,0
2011-11-17,11.81616976643018,12.025786055602204,11.622080253304027,11.699715614318848,147400,0.0,0
2011-11-18,11.715243641340836,11.86275135197271,11.58326270743153,11.769588470458984,99200,0.0,0
2011-11-21,11.466809066141437,11.466809066141437,10.900067289204259,11.047574996948242,225300,0.0,0
2011-11-22,11.00875691785554,11.063101742119231,10.643868442559896,10.659395217895508,168400,0.0,0
2011-11-23,10.53517760766842,10.53517760766842,10.038308971678887,10.16252613067627,179900,0.0,0
2011-11-25,10.092655181884766,10.341089534051628,10.0538371292605,10.092655181884766,101200,0.0,0
2011-11-28,10.558470534168931,10.931122069533753,10.465306909934942,10.830195426940918,154000,0.0,0
2011-11-29,10.822427856322804,10.876773408049885,10.643865910284964,10.814664840698242,109200,0.0,0
2011-11-30,11.521154119755712,11.800642764296892,11.233901716656863,11.769588470458984,409700,0.0,0
2011-12-01,11.730769646830202,12.14223993862156,11.645370529488664,11.917096138000488,247200,0.0,0
2011-12-02,12.150004940782855,12.499366706044283,12.04907903125493,12.087896347045898,127900,0.0,0
2011-12-05,12.351856493155225,12.351856493155225,11.132974588016767,11.280482292175293,520800,0.0,0
2011-12-06,11.342591018950717,11.637607171349318,11.125210968906968,11.559971809387207,186300,0.0,0
2011-12-07,11.443518534911398,11.528918402140444,10.954412829446788,11.435754776000977,142500,0.0,0
2011-12-08,11.288246474217688,11.3658825785167,10.869013139867096,10.907831192016602,175900,0.0,0
2011-12-09,10.977704404208565,11.544445492985288,10.884541515932645,11.459046363830566,172900,0.0,0
2011-12-12,11.257192967301707,11.466810019322773,11.156266320816693,11.451282501220703,139000,0.0,0
2011-12-13,11.638881821475437,11.685780859578426,11.15425420354617,11.193336486816406,193600,0.1,0
2011-12-14,11.06826784732026,11.169883391269389,10.786871472462577,10.79468822479248,164300,0.0,0
2011-12-15,10.990103293651686,11.31058270609564,10.872854237219563,11.240233421325684,167300,0.0,0
2011-12-16,11.318398167977868,11.615428052997824,11.130800581264173,11.310582160949707,322700,0.0,0
2011-12-19,11.396566280359105,11.76394551376165,11.138619365221293,11.169885635375977,176200,0.0,0
2011-12-20,11.505996593039104,12.092239615337714,11.490363087963463,11.889008522033691,267100,0.0,0
2011-12-21,11.849924118761912,11.95935640515197,11.646693049228858,11.89682388305664,183500,0.0,0
2011-12-22,11.990627370819919,12.193858520092368,11.60761533634652,11.623248100280762,238900,0.0,0
2011-12-23,11.701410756607089,11.724860268418896,11.513812425773015,11.61542797088623,91400,0.0,0
2011-12-27,11.5216315967794,11.72486272966751,11.466915809250562,11.670146942138672,82100,0.0,0
2011-12-28,11.662331087377915,11.677963851257323,11.302768572790514,11.318401336669922,100200,0.0,0
2011-12-29,11.365298309701455,11.717043982674292,11.357481556970674,11.654511451721191,105700,0.0,0
2011-12-30,11.65451738126184,11.834299058305566,11.57635205052509,11.60761833190918,100000,0.0,0
2012-01-03,12.029707803150814,12.076606830280797,11.66232861188182,11.724861145019531,213800,0.0,0
2012-01-04,11.646695601471361,11.69359537604365,11.22460061210728,11.443465232849121,209800,0.0,0
2012-01-05,11.373114943540019,11.513812763990387,11.068268299245526,11.474730491638184,175200,0.0,0
2012-01-06,11.46691628587257,11.490365803581508,11.068270757586978,11.083904266357422,199700,0.0,0
2012-01-09,11.17770250538971,11.248051800330204,10.927571596107214,11.107353210449219,179600,0.0,0
2012-01-10,11.318396496330351,11.373113010125511,11.076083168974773,11.15424919128418,225600,0.0,0
2012-01-11,11.099537665163654,11.216786751314672,11.068271391279405,11.193336486816406,165400,0.0,0
2012-01-12,11.263682642792789,11.490363251489752,11.037002034095828,11.474730491638184,177000,0.0,0
2012-01-13,11.294950883276229,11.420015965747215,11.04482071833426,11.365300178527832,294500,0.0,0
2012-01-17,11.513814777600453,11.513814777600453,11.279318120690702,11.365300178527832,144300,0.0,0
2012-01-18,11.365297407308278,11.795209082561223,11.341847896424374,11.701410293579102,196700,0.0,0
2012-01-19,11.748314230076641,12.170409329796556,11.615432370401221,12.107876777648926,165100,0.0,0
2012-01-20,12.100060022268766,12.232941881944186,12.02189470480764,12.107876777648926,190200,0.0,0
2012-01-23,12.131323471699494,12.225122272301714,11.834293563735827,11.904642105102539,239700,0.0,0
2012-01-24,11.787394136374274,12.053157785263997,11.607613282976299,12.006258010864258,262400,0.0,0
2012-01-25,11.98280668179684,12.42053510993696,11.974989929672825,12.342369079589844,115800,0.0,0
2012-01-26,12.451802800386643,12.498701827613926,12.240754941524077,12.381453514099121,141300,0.0,0
2012-01-27,12.279838851052396,12.592502285493769,12.248572582152924,12.412720680236816,157800,0.0,0
2012-01-30,12.240753438483635,12.576866322609831,12.178220912894554,12.404901504516602,135400,0.0,0
2012-01-31,12.52996963432758,12.725383999542895,12.225122956230898,12.475253105163574,212800,0.0,0
2012-02-01,12.623767345961406,13.00677931229438,12.483069513797297,12.78791618347168,270900,0.0,0
2012-02-02,12.795732936771525,12.952063530088704,12.733200401266005,12.78791618347168,145000,0.0,0
2012-02-03,12.936430650434884,13.694639357439748,12.912981880292183,13.553940773010254,225400,0.0,0
2012-02-06,13.428875943071922,13.444509450716977,13.147478769034336,13.186562538146973,207900,0.0,0
2012-02-07,12.092241624664107,12.998963451768155,10.958838408975705,12.772283554077148,653700,0.0,0
2012-02-08,12.748833836460264,12.764467344800632,12.420538361226331,12.537787437438965,402600,0.0,0
2012-02-09,12.569052963226284,12.600319979907018,12.404904852885965,12.537787437438965,222300,0.0,0
2012-02-10,12.373637414848407,12.506519241424272,12.279838609991321,12.490885734558105,377400,0.0,0
2012-02-13,12.647216385594378,12.694115409975156,12.475251556822908,12.57686710357666,332300,0.0,0
2012-02-14,12.483072168214958,12.592504501342773,12.397089354526395,12.592504501342773,160900,0.0,0
2012-02-15,12.662850470382288,12.662850470382288,12.35800381616536,12.428352355957031,277300,0.0,0
2012-02-16,12.412724181125974,12.82700254724886,12.412724181125974,12.66285514831543,379500,0.0,0
2012-02-17,12.694116217137795,12.694116217137795,12.443986083344845,12.545600891113281,261500,0.0,0
2012-02-21,12.60813683578447,12.70193640678158,12.490888490208283,12.647220611572266,351900,0.0,0
2012-02-22,12.576868089949103,12.647217377484141,12.38927048682008,12.498702049255371,318600,0.0,0
2012-02-23,12.49088689280683,12.701934782390193,12.334555536882139,12.608135223388672,326700,0.0,0
2012-02-24,12.63158520408534,12.639401958068879,12.318922499210629,12.35800552368164,200000,0.0,0
2012-02-27,12.225121111105807,12.483067974622633,12.029706775384179,12.397085189819336,221400,0.0,0
2012-02-28,12.436170827176973,12.569052663110398,12.107874614335183,12.35800552368164,202600,0.0,0
2012-02-29,12.436167805828882,12.52996733994953,12.037522394878907,12.053155899047852,228900,0.0,0
2012-03-01,12.139138949532747,12.279837517018754,11.982807622018612,12.021890640258789,263000,0.0,0
2012-03-02,11.998440954984227,12.045339979840886,11.670144799201378,11.748310089111328,332800,0.0,0
2012-03-05,11.717045591088295,12.123507843525623,11.615430027978963,11.93591022491455,496500,0.0,0
2012-03-06,11.748310089111328,12.037523227215923,11.701411064254671,11.748310089111328,256100,0.0,0
2012-03-07,11.834292771704142,11.865559036478997,11.732677224824226,11.810842514038086,170100,0.0,0
2012-03-08,11.943725475295691,12.092240806356006,11.779577383066547,12.006258010864258,279000,0.0,0
2012-03-09,12.053157153467737,12.389270073615558,12.045340400569744,12.186038970947266,398700,0.0,0
2012-03-12,12.225125250783554,12.303290564272661,12.123509672345607,12.256391525268555,240600,0.0,0
2012-03-13,12.327188774615626,12.689058303833006,12.240654854615544,12.689058303833008,317200,0.1,0
2012-03-14,12.696927840872176,12.783462528908252,12.413725248776583,12.460926055908203,214100,0.0,0
2012-03-15,12.476655401513312,12.673324746820072,12.350787620701908,12.586790084838867,304800,0.0,0
2012-03-16,12.62612440742727,12.79132682328136,12.5867912848471,12.689058303833008,312900,0.0,0
2012-03-19,12.62612394606242,13.192530493479728,12.602524673561625,12.877861022949219,288100,0.0,0
2012-03-20,12.744126722599757,13.027328505005626,12.586791232014598,12.893593788146973,222000,0.0,0
2012-03-21,12.932931336426924,13.066666083536102,12.783462736607778,12.822795867919922,112800,0.0,0
2012-03-22,12.64186074706651,12.972264143401075,12.64186074706651,12.925064086914062,212200,0.0,0
2012-03-23,12.885734499927471,12.917202216877907,12.649732624652522,12.830667495727539,206500,0.0,0
2012-03-26,12.987996035844247,13.003729885786612,12.854261312259176,12.99586296081543,328800,0.0,0
2012-03-27,13.035198357021073,13.310534777148831,12.901463610128323,13.082398414611816,238100,0.0,0
2012-03-28,13.121732698585474,13.137466550853018,12.909330194361821,13.058798789978027,199600,0.0,0
2012-03-29,12.925064389155082,13.224000087846822,12.736262658329334,13.082398414611816,307300,0.0,0
2012-03-30,13.216133093955023,13.224000020257066,13.011599011952947,13.090265274047852,258600,0.0,0
2012-04-02,13.035198132275555,13.129599746292199,12.901463387688581,12.980131149291992,281000,0.0,0
2012-04-03,12.932929458284493,13.027329559909802,12.633992302058372,12.751993179321289,454800,0.0,0
2012-04-04,12.602524122792346,12.767725024927676,12.27998699180545,12.696924209594727,734100,0.0,0
2012-04-05,12.602525580157662,12.72052645253751,12.539590931292993,12.61825942993164,201800,0.0,0
2012-04-09,12.358654969684844,12.52385662524036,12.358654969684844,12.492389678955078,400900,0.0,0
2012-04-10,12.48452578247659,12.539592764272454,12.012521473730553,12.020387649536133,356900,0.0,0
2012-04-11,12.146252408458608,12.177719354455995,12.028251548526203,12.106919288635254,221100,0.0,0
2012-04-12,12.106921747558564,12.335057339931886,12.083320970593814,12.130521774291992,463500,0.0,0
2012-04-13,12.075451445430573,12.075451445430573,11.823715145924346,11.831582069396973,287000,0.0,0
2012-04-16,11.894521842407523,12.004656574828221,11.745053973622953,11.752920150756836,588400,0.0,0
2012-04-17,11.886651808510594,12.287855996513349,11.81585173142007,12.169855117797852,422400,0.0,0
2012-04-18,12.106922349488226,12.232790165299473,11.973187607630937,12.083321571350098,252100,0.0,0
2012-04-19,12.075455795248736,12.130522778931105,11.548383736418849,11.674251556396484,499900,0.0,0
2012-04-20,11.721452097170976,11.87092070223212,11.43824949054188,11.705718994140625,414200,0.0,0
2012-04-23,11.296647020393783,12.036121566780203,10.793175755005274,11.689984321594238,774400,0.0,0
2012-04-24,11.674250536539006,11.807985271140081,11.42251491857525,11.682117462158203,377200,0.0,0
2012-04-25,12.201322034679706,12.201322034679706,11.80011784779903,11.847318649291992,385700,0.0,0
2012-04-26,11.863049442709388,11.894516387508439,11.689980871199037,11.737181663513184,208400,0.0,0
2012-04-27,11.768650144282022,11.902384864689985,11.524780727587727,11.82371711730957,464200,0.0,0
2012-04-30,11.78438413661363,11.807984912754913,11.540515451670752,11.634916305541992,458500,0.0,0
2012-05-01,11.61918229373046,11.981051830073465,11.485447573677073,11.564114570617676,276900,0.0,0
2012-05-02,11.438249194454958,11.571983942792516,11.26518056421258,11.52478313446045,193000,0.0,0
2012-05-03,11.485445213715852,11.587712213702295,11.351710521141475,11.461844444274902,222800,0.0,0
2012-05-04,11.351715806938829,11.383182763947907,11.092113224056071,11.099979400634766,191800,0.0,0
2012-05-07,11.068508610234568,11.288777983242975,10.974107771901469,11.037041664123535,291000,0.0,0
2012-05-08,10.950509992174291,11.115711680642791,10.87970916136903,11.084244728088379,361600,0.0,0
2012-05-09,10.919040676030393,11.052775382995605,10.832506762795148,11.052775382995605,334500,0.0,0
2012-05-10,11.162909046842673,11.280910653185847,11.10784208068788,11.194375991821289,245400,0.0,0
2012-05-11,11.076377704601047,11.328113322813833,11.076377704601047,11.225846290588379,217000,0.0,0
2012-05-14,11.076378432978109,11.170779296015656,10.840375900268555,10.840375900268555,308500,0.0,0
2012-05-15,10.832508152725103,10.926909002066537,10.745973478155342,10.824641227722168,228000,0.0,0
2012-05-16,10.871839890165523,11.029175369225122,10.777439052868463,10.785305976867676,172100,0.0,0
2012-05-17,10.832506304752034,10.871839422594146,10.541436131148695,10.54930305480957,231100,0.0,0
2012-05-18,10.54143750776594,10.934774739402448,10.54143750776594,10.588638305664062,283600,0.0,0
2012-05-21,10.620107259984307,10.722375049552662,10.48637251595118,10.70664119720459,163900,0.0,0
2012-05-22,10.72237310753593,10.73810620680308,10.391969770382183,10.447036743164062,225300,0.0,0
2012-05-23,10.368370271947107,10.620105874832081,10.234635545356646,10.604372024536133,202000,0.0,0
2012-05-24,10.627973654923618,10.777441493602359,10.391971133118622,10.74597454071045,174600,0.0,0
2012-05-25,10.793173764732549,10.942641581524896,10.651572122337841,10.730239868164062,285100,0.0,0
2012-05-29,10.840374524913797,10.926909201059463,10.620105872439076,10.801040649414062,218000,0.0,0
2012-05-30,10.683037657156884,10.683037657156884,10.376234389305019,10.49423599243164,218200,0.0,0
2012-05-31,10.502103777129982,10.525703799597917,10.250367453290975,10.439169883728027,413600,0.0,0
2012-06-01,10.203171517397276,10.250371581341655,10.006502833755556,10.014369010925293,235900,0.0,0
2012-06-04,10.085167853689182,10.116634806811795,9.739031369340442,9.95930004119873,401700,0.0,0
2012-06-05,9.880633825762903,10.014367824583644,9.817699164240071,9.849166870117188,169200,0.0,0
2012-06-06,9.943566873507867,10.00650077933382,9.817698311624627,9.967166900634766,278100,0.0,0
2012-06-07,10.12450036407306,10.266102009099518,9.982898719046606,10.179567337036133,403000,0.0,0
2012-06-08,10.132367686551046,10.423437162572487,10.093033811363009,10.352636337280273,206000,0.0,0
2012-06-11,10.462772057644958,10.462772057644958,9.998633935691911,10.022233963012695,266700,0.0,0
2012-06-12,10.093032378800858,10.226767085319684,9.912097628940774,9.990764617919922,512700,0.0,0
2012-06-13,9.998695774707135,9.998695774707135,9.610166133590743,9.65774154663086,356200,0.1,0
2012-06-14,9.657738987522558,9.895613721134469,9.641880268649585,9.800463676452637,205300,0.0,0
2012-06-15,9.84803907688622,9.927331158880415,9.760818391640877,9.800463676452637,327700,0.0,0
2012-06-18,9.713246780619572,9.744963474553762,9.483300560550289,9.586380004882812,366500,0.0,0
2012-06-19,9.641884622298818,10.165210482441546,9.554663897670256,10.157281875610352,270700,0.0,0
2012-06-20,10.11763510780614,10.268289213642547,10.030413633103189,10.165209770202637,289400,0.0,0
2012-06-21,10.173134947588464,10.173134947588464,9.800463383261164,9.88768482208252,330000,0.0,0
2012-06-22,9.959050691968093,9.966979297489402,9.784608515344878,9.95112133026123,663000,0.0,0
2012-06-25,9.760820978063164,9.895616343274831,9.65774154663086,9.65774154663086,162500,0.0,0
2012-06-26,9.705317422393993,9.776680172823978,9.522946621237928,9.721176147460938,193800,0.0,0
2012-06-27,9.729103366001402,9.887686800795805,9.705315283643142,9.871828079223633,121500,0.0,0
2012-06-28,9.760819952253389,10.125562226610036,9.760819952253389,10.117632865905762,221800,0.0,0
2012-06-29,10.355508600623077,10.72817948694394,10.355508600623077,10.640958786010742,365500,0.0,0
2012-07-02,10.696465144770396,10.878836703668073,10.52995231107497,10.728181838989258,389900,0.0,0
2012-07-03,10.712322018171884,10.997772216796875,10.70439265694148,10.997772216796875,97000,0.0,0
2012-07-05,10.966055528060764,11.069134955499498,10.918480873049353,10.997772216796875,224100,0.0,0
2012-07-06,10.862976688530997,10.966056121548435,10.767826617173105,10.815402030944824,169100,0.0,0
2012-07-09,10.775757258410367,10.862977978465823,10.60924442471494,10.728181838989258,107700,0.0,0
2012-07-10,10.775755515006319,10.902622271356053,10.617172069569152,10.672676086425781,302600,0.0,0
2012-07-11,10.656816993501824,10.759896418500709,10.537879602602992,10.569596290588379,231900,0.0,0
2012-07-12,10.45858740299802,10.529950139318611,10.196924540612837,10.450658798217773,246900,0.0,0
2012-07-13,10.50616294366342,10.744038482304218,10.482375616654988,10.704392433166504,207500,0.0,0
2012-07-16,10.704393449780746,10.704393449780746,10.442730559280951,10.474447250366211,119100,0.0,0
2012-07-17,10.55373891238122,10.55373891238122,10.307933999667515,10.466517448425293,125500,0.0,0
2012-07-18,10.45858611379324,10.791611671447754,10.371365422478158,10.791611671447754,197400,0.0,0
2012-07-19,10.855045835236346,11.259434150077942,10.831258509711972,11.132567405700684,256100,0.0,0
2012-07-20,11.06120707271592,11.18807384461744,10.720252812276986,10.7757568359375,317300,0.0,0
2012-07-23,10.561669600322062,10.870907953517193,10.458590149257018,10.759899139404297,250000,0.0,0
2012-07-24,10.767823674580702,10.767823674580702,10.458585460035904,10.62509822845459,416000,0.0,0
2012-07-25,10.68060343314564,10.720249476073189,10.553736700725782,10.633028030395508,297400,0.0,0
2012-07-26,10.791611105554733,10.918478590158585,10.442727602403851,10.66474437713623,159600,0.0,0
2012-07-27,10.71232473064689,11.124641788619401,10.5378825203349,11.013633728027344,162600,0.0,0
2012-07-30,11.069135900368396,11.084993867997344,10.79161428309887,10.862977027893066,106800,0.0,0
2012-07-31,10.815403830776631,10.942270613699531,10.736111713356982,10.855049133300781,215200,0.0,0
2012-08-01,10.958125907455758,10.981913990583916,10.569596290588379,10.569596290588379,242100,0.0,0
2012-08-02,10.474447057347703,10.593384457679315,10.276217552671318,10.39515495300293,190300,0.0,0
2012-08-03,10.60131474503895,10.973986458103546,10.60131474503895,10.950199127197266,194300,0.0,0
2012-08-06,10.997772484933845,11.108781276309491,10.934339105915054,11.061205863952637,315400,0.0,0
2012-08-07,11.13256623968662,11.338725055799515,11.037416191369598,11.053274154663086,214300,0.0,0
2012-08-08,11.053276187580007,11.22771835300394,10.98191420535638,11.14842700958252,186700,0.0,0
2012-08-09,11.100852374254195,11.354585900829198,11.084993650750478,11.20393180847168,183700,0.0,0
2012-08-10,11.180144016752013,11.180144016752013,10.997772484933845,11.061205863952637,123100,0.0,0
2012-08-13,11.029488978686276,11.07706439019874,10.870905533953918,10.90262222290039,192900,0.0,0
2012-08-14,10.981913600965528,11.196001048225092,10.926408831821192,11.11670970916748,343000,0.0,0
2012-08-15,11.061207681992018,11.299083270502893,11.013633018001233,11.291153907775879,330500,0.0,0
2012-08-16,11.322868736278934,11.584531613658294,11.211860701139525,11.560744285583496,374800,0.0,0
2012-08-17,11.529026613309588,11.790689468383789,11.529026613309588,11.790689468383789,155400,0.0,0
2012-08-20,11.735186406343493,11.806549146452065,11.544886270177644,11.71139907836914,216600,0.0,0
2012-08-21,11.75897075324915,11.941342237980095,11.6479619905353,11.67175006866455,257800,0.0,0
2012-08-22,11.632109738807733,11.735189192752516,11.521100921593572,11.536959648132324,172600,0.0,0
2012-08-23,11.552815962249097,11.703470818026235,11.497311939692043,11.679682731628418,149900,0.0,0
2012-08-24,11.624179053969682,11.727258496195224,11.560745667397905,11.647966384887695,175600,0.0,0
2012-08-27,11.743116088228167,11.743116088228167,11.536957223662494,11.624177932739258,121100,0.0,0
2012-08-28,11.600390700440972,11.774832876228544,11.592461338772093,11.663824081420898,119000,0.0,0
2012-08-29,11.679679023721647,11.743113144458693,11.60038769612471,11.719325065612793,81200,0.0,0
2012-08-30,11.64003400745387,11.64003400745387,11.449733153208445,11.47352123260498,66300,0.0,0
2012-08-31,11.584530999797018,11.632106409611131,11.378372907097152,11.529026985168457,172600,0.0,0
2012-09-04,11.49730828968187,11.75897110750394,11.251503434905047,11.719325065612793,221300,0.0,0
2012-09-05,11.687608489479352,11.782758537171008,11.60831716116232,11.758971214294434,153700,0.0,0
2012-09-06,11.822406289370122,12.052352460263169,11.766902275901774,11.965131759643555,168000,0.0,0
2012-09-07,12.03649616241455,12.123716875118433,11.925487363912321,12.03649616241455,84600,0.0,0
2012-09-10,12.004776053808282,12.195076148914255,11.965130011614864,12.139572143554688,220400,0.0,0
2012-09-11,12.171291767737737,12.321945857061705,12.052353612411459,12.123716354370117,335800,0.0,0
2012-09-12,12.15568322584933,12.267570130561584,12.131707732756412,12.251585960388184,139000,0.12,0
2012-09-13,12.227609453453596,12.6431879353313,12.219617369029551,12.611220359802246,540200,0.0,0
2012-09-14,12.699133062861682,13.082744770609084,12.563270662426891,13.010817527770996,207700,0.0,0
2012-09-17,12.986839595593965,12.986839595593965,12.627204189995552,12.667163848876953,206700,0.0,0
2012-09-18,12.443390581871906,12.443390581871906,12.115722737308447,12.227609634399414,271100,0.0,0
2012-09-19,12.219618258397709,12.387448232682024,12.155683102686274,12.187650680541992,200400,0.0,0
2012-09-20,12.147689435158322,12.147689435158322,11.708134725279153,11.732110977172852,284400,0.0,0
2012-09-21,11.899940973710443,11.915924379531756,11.612232047256024,11.684159278869629,468900,0.0,0
2012-09-24,11.700146194421771,11.740105099442205,11.516332030225291,11.620226860046387,420300,0.0,0
2012-09-25,11.61223213793628,11.716126944170908,10.93292099863353,10.964888572692871,628900,0.0,0
2012-09-26,10.972881389751103,11.172678945388236,10.972881389751103,11.084768295288086,278100,0.0,0
2012-09-27,11.172677829599175,11.252597148739548,11.100751356973372,11.24460506439209,172900,0.0,0
2012-09-28,11.164687745601869,11.220630817904047,10.98087359606055,11.148703575134277,133800,0.0,0
2012-10-01,11.196653498823324,11.348499282671925,11.04480695280765,11.260588645935059,180100,0.0,0
2012-10-02,11.292557428367695,11.388460159301758,11.172678443074753,11.388460159301758,149400,0.0,0
2012-10-03,11.43641256874535,11.532315305238257,11.276573912423306,11.484363555908203,167100,0.0,0
2012-10-04,11.532316675760248,11.700146675109865,11.380470086642013,11.700146675109863,187800,0.0,0
2012-10-05,11.676169344583037,11.955886238542131,11.604242861894077,11.636210441589355,135900,0.0,0
2012-10-08,11.580265164096977,11.644200315529497,11.484362436948194,11.556289672851562,78400,0.0,0
2012-10-09,11.596246352889768,11.604238435306709,11.29255408054838,11.308537483215332,75200,0.0,0
2012-10-10,11.308540544026329,11.444402933219617,11.308540544026329,11.396451950073242,72000,0.0,0
2012-10-11,11.532315901123138,11.644202051729184,11.356493827384327,11.38046932220459,104000,0.0,0
2012-10-12,11.36448698998431,11.468381826940524,11.348502817144595,11.356494903564453,119700,0.0,0
2012-10-15,11.404446288297237,11.59625178311988,11.324526951037491,11.58825969696045,139100,0.0,0
2012-10-16,11.668178377768209,11.82801628112793,11.596251130714524,11.82801628112793,136100,0.0,0
2012-10-17,11.188660893075596,11.684158641166043,11.188660893075596,11.31653118133545,365400,0.0,0
2012-10-18,11.27657325279499,11.332517084102125,11.188662606693999,11.300549507141113,214900,0.0,0
2012-10-19,11.164689301985364,11.30854304541125,11.012842710044264,11.204648971557617,264400,0.0,0
2012-10-22,11.196655152585606,11.220630645751953,11.060792754364329,11.220630645751953,219800,0.0,0
2012-10-23,11.076775907093428,11.604242079764974,11.076775907093428,11.564282417297363,305800,0.0,0
2012-10-24,11.612235571661405,11.612235571661405,11.316535233632477,11.356494903564453,161900,0.0,0
2012-10-25,11.452395977077234,11.524323219988714,11.3325177470029,11.484363555908203,105000,0.0,0
2012-10-26,11.516330170106315,11.564281915419826,11.308540544026329,11.396451950073242,110000,0.0,0
2012-10-31,11.372477009579152,11.556291165312045,11.372477009579152,11.500348091125488,118500,0.0,0
2012-11-01,11.508339474539122,11.875967025756836,11.508339474539122,11.875967025756836,202700,0.0,0
2012-11-02,11.971869324571234,11.971869324571234,11.49235564206869,11.572274208068848,210200,0.0,0
2012-11-05,11.604247462397066,11.604247462397066,11.436417411918843,11.548303604125977,233000,0.0,0
2012-11-06,11.612233872152526,11.628218042652877,11.524323220902193,11.572274208068848,283100,0.0,0
2012-11-07,11.452395852673503,11.452395852673503,11.212638632962042,11.332517623901367,170000,0.0,0
2012-11-08,11.292558727913478,11.3165342228643,11.084769072560368,11.156696319580078,159400,0.0,0
2012-11-09,11.108743325158846,11.260589887922446,10.876978200774492,11.164687156677246,215500,0.0,0
2012-11-12,11.196654655473397,11.244605639677152,10.964889532709517,11.052800178527832,96400,0.0,0
2012-11-13,11.01284231000695,11.172680220322606,10.821036817628162,10.900956153869629,199300,0.0,0
2012-11-14,10.956899045960673,10.956899045960673,10.749109384993613,10.813044548034668,216100,0.0,0
2012-11-15,10.789068150953229,10.845011223398002,10.549310928498606,10.677181243896484,267800,0.0,0
2012-11-16,10.74911066100697,10.765094834748327,10.381483048796662,10.629232406616211,176700,0.0,0
2012-11-19,10.7571016535019,10.900956153869629,10.749109567444298,10.900956153869629,106900,0.0,0
2012-11-20,10.853002390274183,11.036816524729733,10.757099661841034,11.012840270996094,137000,0.0,0
2012-11-21,11.06079536127059,11.108746358904801,10.94091634285033,11.09276294708252,85300,0.0,0
2012-11-23,11.156696144308023,11.284566464926554,11.036817909269958,11.228623390197754,95700,0.0,0
2012-11-26,11.156696197206687,11.2525989381253,11.060793456288073,11.180671691894531,144000,0.0,0
2012-11-27,11.172678847482622,11.348500908309394,11.036817212033736,11.268582344055176,134700,0.0,0
2012-11-28,11.180670168383227,11.372475624084473,11.00484888174065,11.372475624084473,57200,0.0,0
2012-11-29,11.484363556818515,11.636210127903054,11.356493241484504,11.572274208068848,101600,0.0,0
2012-11-30,11.628217373812925,11.628217373812925,11.388460165268576,11.476370811462402,205300,0.0,0
2012-12-03,11.548297672894181,11.572273164315055,11.316532556713392,11.372475624084473,154800,0.0,0
2012-12-04,11.388460530716802,11.620225661907861,11.268582303681393,11.580265998840332,96000,0.0,0
2012-12-05,11.572271757855153,11.620223497036116,11.30853909777745,11.31653118133545,110100,0.0,0
2012-12-06,11.308540434975159,11.50833797454834,11.100751573066068,11.50833797454834,111000,0.0,0
2012-12-07,11.596250463819375,11.596250463819375,11.404444990818357,11.572274208068848,156300,0.0,0
2012-12-10,11.556292587712049,11.796049847141889,11.484365333666366,11.668179512023926,122800,0.0,0
2012-12-11,11.78006595796271,11.828017715870814,11.62822012189383,11.748098373413086,259500,0.0,0
2012-12-12,11.756086510483234,11.923916463525952,11.66018378905412,11.684159278869629,122800,0.0,0
2012-12-13,11.67610269236609,11.764741646332663,11.466593415594808,11.5632905960083,144200,0.12,0
2012-12-14,11.506883768479275,11.643870544048355,11.490768084075437,11.539115905761719,80400,0.0,0
2012-12-17,11.627756624384201,11.974251960639231,11.627756624384201,11.893671989440918,168400,0.0,0
2012-12-18,11.909786495184244,12.054831504821777,11.9017290367959,12.054831504821777,259700,0.0,0
2012-12-19,12.046772472546095,12.183759246161936,11.982308198900379,12.08706283569336,237600,0.0,0
2012-12-20,12.062890220945294,12.489966271841766,11.974251258805099,12.377153396606445,172700,0.0,0
2012-12-21,12.312688370170596,12.385210873537618,12.199876270243935,12.2965726852417,445600,0.0,0
2012-12-24,12.296569348961029,12.352975383620386,12.1595826060958,12.336859703063965,100600,0.0,0
2012-12-26,12.344920350810707,12.36909503060744,12.183759661206413,12.240165710449219,127900,0.0,0
2012-12-27,12.280458810586799,12.296575267374754,12.095124168375069,12.232110977172852,210000,0.0,0
2012-12-28,12.143468898114792,12.336862487767183,11.9823082138001,12.006482124328613,105000,0.0,0
2012-12-31,12.038715539375326,12.393269850986423,11.982309485995087,12.377153396606445,152600,0.0,0
2013-01-02,12.691415613510243,12.884808428901223,12.546370617729638,12.71558952331543,277900,0.0,0
2013-01-03,12.747824063386513,12.860636944544536,12.570547666748753,12.675301551818848,116600,0.0,0
2013-01-04,12.763936503376998,12.88480680565022,12.67529756446697,12.780052185058594,105500,0.0,0
2013-01-07,12.659185865067633,12.755882290999562,12.538315524771443,12.675301551818848,130500,0.0,0
2013-01-08,12.635008811950684,12.667240945920978,12.538312410039799,12.635008811950684,104500,0.0,0
2013-01-09,12.707533772045462,12.828404105776428,12.683359090519398,12.820345878601074,89000,0.0,0
2013-01-10,12.852576603431933,12.997620834241063,12.739764509299803,12.804228782653809,227400,0.0,0
2013-01-11,12.852576293002727,12.852576293002727,12.610834889526632,12.71558952331543,248500,0.0,0
2013-01-14,12.667239650761463,12.771994267572978,12.60277538941201,12.763936042785645,88400,0.0,0
2013-01-15,12.64306746127039,12.933156694357125,12.64306746127039,12.917041778564453,82000,0.0,0
2013-01-16,12.836459770219859,12.917040488936212,12.820343319086714,12.884807586669922,38200,0.0,0
2013-01-17,12.98956700176529,13.191018092421421,12.973450545644836,13.142668724060059,67600,0.0,0
2013-01-18,13.10237597231702,13.10237597231702,12.965389202109636,13.078201293945312,71500,0.0,0
2013-01-22,13.06208322356915,13.231302877309245,12.981504046211217,13.19906997680664,65500,0.0,0
2013-01-23,13.215186135647876,13.23936081049175,13.054026247536482,13.158780097961426,97300,0.0,0
2013-01-24,13.21519057441495,13.328004224629373,13.142668062473453,13.231307029724121,130600,0.0,0
2013-01-25,13.303827585595968,13.43275613521335,13.158782583039029,13.26353645324707,90600,0.0,0
2013-01-28,13.255479726189419,13.569742872873148,13.215188593954618,13.52945327758789,120200,0.0,0
2013-01-29,13.545567859909102,13.682554632234396,13.424697540080786,13.497220039367676,118100,0.0,0
2013-01-30,13.521396464300999,13.521396464300999,13.126552548830936,13.182958602905273,163500,0.0,0
2013-01-31,13.191016107605648,13.42469853839129,13.191016107605648,13.360234260559082,144200,0.0,0
2013-02-01,13.473046224875734,13.714788416988874,13.360234124059364,13.666439056396484,143400,0.0,0
2013-02-04,13.52945332124626,13.626148965022725,13.31994404379786,13.39246654510498,178600,0.0,0
2013-02-05,13.74701639661481,14.343311197641093,12.780051709022938,12.900922775268555,1107900,0.0,0
2013-02-06,12.280455485431181,12.957331117749787,11.86949517031278,12.610835075378418,1224000,0.0,0
2013-02-07,12.586660354729542,12.9815049604735,12.514137860440352,12.723647117614746,750200,0.0,0
2013-02-08,12.72364839651646,13.150724411010742,12.707532711984959,13.150724411010742,427600,0.0,0
2013-02-11,13.134609239170382,13.199073520533869,13.11043609425264,13.182958602905273,292400,0.0,0
2013-02-12,13.223244006504665,13.344114303588867,13.13460507139995,13.344114303588867,271800,0.0,0
2013-02-13,13.32800200564401,13.352175147633394,13.102376279729468,13.166840553283691,297600,0.0,0
2013-02-14,13.150723753829155,13.34411656939141,13.110434160276405,13.31994342803955,299000,0.0,0
2013-02-15,13.368294605346561,13.585862153855603,13.360236377222167,13.561687469482422,243600,0.0,0
2013-02-19,13.626152240744716,13.827603340148924,13.424701141340506,13.827603340148926,246500,0.0,0
2013-02-20,13.875947120224794,13.875947120224794,13.553625762724405,13.593916893005371,306400,0.0,0
2013-02-21,13.57780392573121,13.67449958932421,13.448875349640636,13.561687469482422,309200,0.0,0
2013-02-22,13.698670955452172,13.884005546569824,13.682554503107292,13.884005546569824,208200,0.0,0
2013-02-25,13.940414386293895,13.940414386293895,13.40052542015004,13.432758331298828,190300,0.0,0
2013-02-26,13.529454575903609,13.5616859478349,13.384409559838579,13.456932067871094,151400,0.0,0
2013-02-27,13.432757887890416,13.771195759032066,13.432757887890416,13.698673248291016,245000,0.0,0
2013-02-28,13.682555529781284,13.827600537869715,13.634207706068343,13.714788436889648,177500,0.0,0
2013-03-01,13.569744339582567,13.90818220218782,13.464988921398957,13.771195411682129,200700,0.0,0
2013-03-04,13.722844374465266,14.08545529724713,13.698669698166736,14.06128215789795,239700,0.0,0
2013-03-05,14.101573813382142,14.480301242496845,14.101573813382142,14.4077787399292,322500,0.0,0
2013-03-06,14.415833796149842,14.593111668749517,14.319138171958416,14.585053443908691,347400,0.0,0
2013-03-07,14.576995816745363,14.649518306337075,14.456125513075609,14.609227180480957,324800,0.0,0
2013-03-08,14.77039555664723,14.915440604046552,14.657583425092211,14.859034538269043,790200,0.0,0
2013-03-11,14.859031695134778,15.060482769765862,14.738161357746073,14.754276275634766,419300,0.0,0
2013-03-12,14.762331366184503,14.891259903596206,14.697867097478653,14.738158226013184,229000,0.0,0
2013-03-13,14.786826026006,14.965274729118091,14.713824565114693,14.851716041564941,158400,0.12,0
2013-03-14,14.867938529129667,14.884161419354568,14.697602823068099,14.778714179992676,214100,0.0,0
2013-03-15,14.511043846565581,14.600268202877416,14.292040999318488,14.49482250213623,401300,0.0,0
2013-03-18,14.32448362390809,14.632712339894287,14.32448362390809,14.53537654876709,223300,0.0,0
2013-03-19,14.527262177165834,14.648930731237822,14.397482179875768,14.519150733947754,186000,0.0,0
2013-03-20,14.575933014565388,14.575933014565388,14.389374414169337,14.429931640625,167800,0.0,0
2013-03-21,14.292039638590145,14.584043922818248,14.267705303612829,14.324483871459961,303100,0.0,0
2013-03-22,14.365040779113768,14.49482236300346,14.227150843737366,14.36504077911377,192300,0.0,0
2013-03-25,14.38126648412771,14.72193953412686,14.38126648412771,14.713828086853027,336600,0.0,0
2013-03-26,14.738160640807322,14.835496449185275,14.665159171298907,14.746272087097168,254500,0.0,0
2013-03-27,14.665159732598912,14.77060544420239,14.600269706896714,14.673271179199219,234000,0.0,0
2013-03-28,14.592156130465431,14.867939086222313,14.592156130465431,14.705713272094727,263000,0.0,0
2013-04-01,14.713822902171266,14.811158688058873,14.30014851957364,14.308259963989258,171900,0.0,0
2013-04-02,14.40559731450666,14.462375884483038,13.98381144168214,14.00003433227539,154600,0.0,0
2013-04-03,14.040589627181417,14.040589627181417,13.578248087634188,13.594470977783203,184700,0.0,0
2013-04-04,13.6350255692681,13.716138466448067,13.521468441476047,13.562024116516113,253300,0.0,0
2013-04-05,13.302466185051646,13.553914813649369,13.253799057894039,13.529582023620605,190100,0.0,0
2013-04-08,13.594470791217242,13.829696506749972,13.5052464437221,13.821586608886719,151200,0.0,0
2013-04-09,13.837809179491863,13.959477770535036,13.78914205249461,13.862143516540527,158600,0.0,0
2013-04-10,13.886477641505088,14.26770630017799,13.886477641505088,14.243371963500977,154900,0.0,0
2013-04-11,14.227149454538381,14.340706588866079,14.194703674959083,14.219038009643555,127200,0.0,0
2013-04-12,14.137926931530787,14.300151209053785,14.073036911101562,14.105481147766113,139900,0.0,0
2013-04-15,14.008148653673054,14.154151604789092,13.35924682061291,13.383581161499023,186400,0.0,0
2013-04-16,13.529584052016142,13.57825118647007,13.35924676077693,13.367358207702637,277900,0.0,0
2013-04-17,13.261910760216628,13.440357927980788,12.95368277923755,13.221353530883789,290800,0.0,0
2013-04-18,13.286241232060569,13.489022702035912,12.832011172503753,12.864456176757812,175800,0.0,0
2013-04-19,12.799565576231023,12.89690058449116,12.42644765779223,12.68600845336914,257300,0.0,0
2013-04-22,12.734676605586621,12.734676605586621,12.239890080002121,12.523783683776855,209300,0.0,0
2013-04-23,12.63734379563155,12.856348200409863,12.58867666582531,12.661677360534668,189600,0.0,0
2013-04-24,12.710345383129717,12.82390330965972,12.604898902826875,12.645455360412598,118100,0.0,0
2013-04-25,12.718456710042053,12.84012530810773,12.596787338426298,12.661677360534668,95400,0.0,0
2013-04-26,12.645455298991738,12.710345321393678,12.434562339410395,12.629232406616211,356800,0.0,0
2013-04-29,12.653566806639759,12.702233936902555,12.6211217952812,12.645455360412598,79700,0.0,0
2013-04-30,12.604897562152026,12.653565460788522,12.458894639792542,12.62112045288086,159000,0.0,0
2013-05-01,12.572450908824544,12.62111880109163,11.972217954313285,11.996551513671875,238300,0.0,0
2013-05-02,12.093886748229597,12.272334658441245,12.028996739707166,12.248001098632812,135500,0.0,0
2013-05-03,12.450785072383288,12.64545513709682,12.442673626299372,12.475118637084961,157900,0.0,0
2013-05-06,12.50756246656277,12.58056392732306,12.410227443399053,12.556229591369629,157700,0.0,0
2013-05-07,12.613007736360322,12.767121315002441,12.5481177270847,12.767121315002441,78300,0.0,0
2013-05-08,12.807678068187863,12.937458089819541,12.686009491295652,12.905013084411621,111500,0.0,0
2013-05-09,12.929348389270404,12.994239182390062,12.734678330561575,12.750901222229004,88200,0.0,0
2013-05-10,12.807679849988865,13.042906365308419,12.791457731803062,12.969904899597168,80500,0.0,0
2013-05-13,12.978014696489675,13.010460475838856,12.783344661694318,12.80767822265625,87100,0.0,0
2013-05-14,12.978016914681511,13.042906937370912,12.896903999544717,12.994239807128906,108300,0.0,0
2013-05-15,12.978014121989444,13.042904130715398,12.87256766442229,13.010459899902344,138700,0.0,0
2013-05-16,12.969903316504213,13.05912766306069,12.669786817973248,12.823901176452637,191300,0.0,0
2013-05-17,12.929346034637115,12.994236815939162,12.880678915597967,12.961791038513184,198500,0.0,0
2013-05-20,12.888791876637175,13.042905469796272,12.888791876637175,12.986126899719238,120400,0.0,0
2013-05-21,12.986129821818428,13.067242746080263,12.872571882561896,12.95368480682373,61300,0.0,0
2013-05-22,12.929346801015857,13.059127597762718,12.718454650095866,12.80767822265625,100000,0.0,0
2013-05-23,12.686009153910527,12.84823417663574,12.572451251227914,12.848234176635742,146200,0.0,0
2013-05-24,12.734676714765792,12.913124632715489,12.613008136897788,12.840123176574707,118700,0.0,0
2013-05-28,12.994236815939162,13.026681046265322,12.78334390396976,12.961791038513184,196700,0.0,0
2013-05-29,12.88879310057411,12.88879310057411,12.702233708455063,12.775235176086426,62100,0.0,0
2013-05-30,12.621119031627336,12.945569074167917,12.621119031627336,12.864456176757812,73900,0.0,0
2013-05-31,12.750899301285864,12.88879076548523,12.653564286595124,12.702231407165527,115800,0.0,0
2013-06-03,12.7184559704353,12.7184559704353,12.175001486718228,12.280447959899902,365100,0.0,0
2013-06-04,12.337226076147552,12.369671084114705,12.045221004443174,12.239891052246094,176900,0.0,0
2013-06-05,12.223667629614747,12.239890519667442,11.939774015642358,11.980330467224121,98600,0.0,0
2013-06-06,12.020883581666377,12.11010791082815,11.850547140189128,12.069551467895508,91000,0.0,0
2013-06-07,12.166889974127159,12.175001419761918,11.834328438602356,12.012776374816895,77800,0.0,0
2013-06-10,12.028999719128848,12.126334756021077,11.874886104103679,12.102001190185547,41300,0.0,0
2013-06-11,11.964108802867306,12.05333238664796,11.769438743591309,11.769438743591309,100300,0.0,0
2013-06-12,11.89212136291795,12.022983646856407,11.761259078979492,11.761259078979492,51400,0.12,0
2013-06-13,11.793975271030959,12.006626883629483,11.777617094676867,11.99026870727539,113900,0.0,0
2013-06-14,11.949372094940832,11.949372094940832,11.769436864435688,11.785794258117676,87900,0.0,0
2013-06-17,11.933018180592866,11.973912846722557,11.769440296074977,11.793976783752441,102300,0.0,0
2013-06-18,11.851223915385432,11.900297650314808,11.81032926627771,11.834866523742676,146600,0.0,0
2013-06-19,11.867581460316728,11.875760545706456,11.499531197784613,11.507709503173828,132500,0.0,0
2013-06-20,11.335957528815044,11.335957528815044,11.008801771273816,11.131484985351562,219900,0.0,0
2013-06-21,11.147837861799903,11.605855704544162,11.13965877675078,11.573140144348145,395300,0.0,0
2013-06-24,11.45045870523044,11.777614356236784,11.303238272277286,11.597679138183594,231000,0.0,0
2013-06-25,11.753080115739081,11.777616599237284,11.597681346916136,11.704007148742676,130200,0.0,0
2013-06-26,11.834867682022914,11.867583248510856,11.499532930521333,11.532248497009277,72000,0.0,0
2013-06-27,11.573144528061752,11.818511712473116,11.434103149562004,11.769438743591309,91200,0.0,0
2013-06-28,11.761258543701475,11.826689682692802,11.597680696223154,11.622217178344727,278900,0.0,0
2013-07-01,11.687647578070756,12.088413474043634,11.54860622150863,11.973909378051758,91000,0.0,0
2013-07-02,11.957551808418375,11.982088290227521,11.654932599436595,11.663111686706543,114300,0.0,0
2013-07-03,11.638575102786636,11.867584879679674,11.638575102786636,11.761259078979492,48100,0.0,0
2013-07-05,11.941193921722855,12.088413586510766,11.826689044665002,12.06387710571289,100200,0.0,0
2013-07-08,12.080237037055808,12.260172295752081,12.06387886081027,12.10477352142334,72000,0.0,0
2013-07-09,12.17020265528291,12.60368411414697,12.096592434343595,12.350138664245605,604800,0.0,0
2013-07-10,12.32560190517216,12.660936676420935,12.32560190517216,12.62004280090332,52700,0.0,0
2013-07-11,12.742728363501163,12.775443938015895,12.636402551328075,12.685476303100586,85800,0.0,0
2013-07-12,12.669113117789008,12.95537486663532,12.628218470810891,12.783617973327637,163700,0.0,0
2013-07-15,12.77544116973877,12.873587872015815,12.677294467461726,12.77544116973877,322900,0.0,0
2013-07-16,12.7590850012329,12.840873537650621,12.66093750953047,12.677295684814453,249400,0.0,0
2013-07-17,12.92266285406907,12.92266285406907,12.587328060754741,12.677295684814453,176800,0.0,0
2013-07-18,12.677296709548367,12.955379471848264,12.530076240095292,12.750906944274902,281800,0.0,0
2013-07-19,12.759084839632434,13.069882366084379,12.759084839632434,13.0535249710083,162600,0.0,0
2013-07-22,13.053525075032253,13.143492698669434,12.988093934205082,13.143492698669434,111800,0.0,0
2013-07-23,13.151672385686009,13.388861256995755,13.086241241876687,13.356144905090332,154900,0.0,0
2013-07-24,13.421577138126466,13.503366464526104,13.217104602128193,13.298893928527832,94700,0.0,0
2013-07-25,13.298892526446952,13.413396635333472,13.200745033114588,13.397038459777832,155100,0.0,0
2013-07-26,13.33161043848055,13.364326797250715,13.225285392481204,13.282537460327148,82700,0.0,0
2013-07-29,13.249817530269278,13.364321621616881,13.13531187892043,13.290711402893066,108200,0.0,0
2013-07-30,13.388861777898867,13.495186805725098,13.3806826896043,13.495186805725098,115200,0.0,0
2013-07-31,13.576976328592867,13.658765652741337,13.470649739199377,13.511545181274414,115600,0.0,0
2013-08-01,13.634228645271758,13.871415973784933,13.495187259591058,13.765090942382812,244000,0.0,0
2013-08-02,13.683297938335915,13.74872906930221,13.576972935516146,13.70783519744873,66100,0.0,0
2013-08-05,13.724194463414824,13.855056735771468,13.658763327236501,13.81416130065918,63600,0.0,0
2013-08-06,13.814161217631405,13.814161217631405,13.60150963632963,13.740550994873047,58600,0.0,0
2013-08-07,13.724196034758034,13.814162882303087,13.64240671517038,13.691479682922363,273100,0.0,0
2013-08-08,13.822339954910886,13.838698128443635,13.691477686651476,13.78962516784668,144300,0.0,0
2013-08-09,13.716017093799062,13.928668703005426,13.593333893103495,13.838700294494629,287000,0.0,0
2013-08-12,13.699659557329273,14.034994382887652,13.699659557329273,13.920490264892578,111800,0.0,0
2013-08-13,13.961384147033217,13.985921412318564,13.822342763752795,13.920490264892578,47400,0.0,0
2013-08-14,13.953205168502292,13.953205168502292,13.80598469563389,13.822342872619629,89100,0.0,0
2013-08-15,13.642409079035165,13.642409079035165,13.30707421462258,13.347968101501465,124600,0.0,0
2013-08-16,13.266176673923312,13.503365548390015,13.257997585838094,13.331607818603516,113700,0.0,0
2013-08-19,13.29071655001969,13.421578865096658,13.184391504020345,13.282537460327148,85800,0.0,0
2013-08-20,13.23346138422587,13.527902304221477,13.200745033114588,13.397038459777832,57200,0.0,0
2013-08-21,13.315251707803089,13.446114002130258,13.143493971497678,13.2661771774292,56200,0.0,0
2013-08-22,13.298892184955372,13.76508925630966,13.298892184955372,13.609689712524414,59600,0.0,0
2013-08-23,13.609690921845894,13.658765451613307,13.470649540841391,13.495186805725098,114800,0.0,0
2013-08-26,13.487007916029391,13.56879724017786,13.298893562489036,13.511545181274414,249200,0.0,0
2013-08-27,13.331606225692921,13.397037362555166,12.840872699226082,12.955377578735352,86100,0.0,0
2013-08-28,12.963557111877648,12.963557111877648,12.75908460714772,12.832694053649902,59600,0.0,0
2013-08-29,12.783620649471787,13.061703371136668,12.734546906824766,12.955377578735352,59400,0.0,0
2013-08-30,12.922662614393518,12.93902000937339,12.382855320045554,12.456464767456055,100900,0.0,0
2013-09-03,12.677297214471697,12.734549274872274,12.399214441096056,12.685476303100586,125500,0.0,0
2013-09-04,12.70182870028084,12.718186871099222,12.464640683417919,12.521893501281738,42300,0.0,0
2013-09-05,12.521897790596016,12.685475654810043,12.481003129542314,12.603686332702637,85400,0.0,0
2013-09-06,12.701831939855452,12.701831939855452,12.21109839015122,12.644579887390137,66100,0.0,0
2013-09-09,12.660936945477617,12.881767621968844,12.628221376367883,12.857231140136719,159200,0.0,0
2013-09-10,12.955376333262516,13.159848811300117,12.718188289938922,12.865407943725586,327100,0.0,0
2013-09-11,12.8163349857969,13.02898655015615,12.8163349857969,12.865407943725586,66800,0.0,0
2013-09-12,12.898375988038953,13.120904263186958,12.799474794416557,12.890134811401367,140500,0.12,0
2013-09-13,12.972550955754953,13.162112149937727,12.824199571173597,13.071452140808105,124400,0.0,0
2013-09-16,13.261015488669058,13.261015488669058,12.832442831172225,12.931344032287598,93100,0.0,0
2013-09-17,12.931346655143283,13.384644508361816,12.7994783602427,13.384644508361816,93500,0.0,0
2013-09-18,13.343433939721447,13.772005037765444,13.236289986215096,13.68958854675293,78100,0.0,0
2013-09-19,13.681346914019933,13.755523015319556,13.623654740118859,13.722555160522461,76500,0.0,0
2013-09-20,13.813218250193488,14.159372942300747,13.67310798024545,14.101680755615234,180000,0.0,0
2013-09-23,14.068709683676971,14.151127748135467,13.94508337298614,14.060467720031738,84700,0.0,0
2013-09-24,14.060468713094604,14.315964888160511,13.978050642815084,14.126402854919434,114600,0.0,0
2013-09-25,14.109918520946325,14.184093044608963,13.961566329633614,14.019258499145508,97800,0.0,0
2013-09-26,14.06046650660138,14.151126526881072,13.994532375123521,14.134642601013184,94400,0.0,0
2013-09-27,13.994535795984383,14.208822168666568,13.969811473132566,14.035745620727539,88300,0.0,0
2013-09-30,13.829698654256825,14.09343519584083,13.722554701742208,13.961566925048828,155200,0.0,0
2013-10-01,13.961568019525808,14.266512830139913,13.961568019525808,14.200578689575195,105900,0.0,0
2013-10-02,14.184093832252806,14.299479749677705,14.08519341388153,14.225303649902344,129300,0.0,0
2013-10-03,14.28299888452969,14.28299888452969,13.920360271442295,13.953328132629395,104800,0.0,0
2013-10-04,13.920358800542855,13.920358800542855,13.607172012329102,13.607172012329102,54100,0.0,0
2013-10-07,13.442334666703813,13.50826880422559,13.211565971374512,13.211565971374512,89300,0.0,0
2013-10-08,13.244532413552015,13.269258304917976,12.939586827344186,12.980795860290527,160600,0.0,0
2013-10-09,13.06321507141013,13.170357466067882,12.873653817637269,13.022006034851074,130000,0.0,0
2013-10-10,13.26925864202985,13.532995201991692,13.261016678031806,13.508269309997559,205400,0.0,0
2013-10-11,13.425848832939549,14.03573984000342,13.425848832939549,13.986288070678711,242000,0.0,0
2013-10-14,13.895631118773647,13.920355434078058,13.714311089242118,13.862663269042969,172100,0.0,0
2013-10-15,13.78848831610844,13.846180485900685,13.60716984361942,13.68134593963623,131100,0.0,0
2013-10-16,13.541237804250796,14.159370985294547,13.228049445538673,14.052227020263672,337400,0.0,0
2013-10-17,13.94508337298614,14.1593697117807,13.84618138123718,14.060467720031738,164500,0.0,0
2013-10-18,14.25002679008459,14.373653075184395,14.002772647891478,14.357169151306152,575100,0.0,0
2013-10-21,14.43958836343676,14.48079660446282,14.20881812650739,14.217060089111328,161500,0.0,0
2013-10-22,14.192336415238286,14.357172549043455,14.126402276114993,14.208820343017578,157200,0.0,0
2013-10-23,14.13464262616881,14.274752852307829,14.085192420470833,14.159368515014648,57900,0.0,0
2013-10-24,14.233549071689561,14.233549071689561,14.052228973964734,14.142889022827148,74000,0.0,0
2013-10-25,14.208819224500546,14.208819224500546,13.920356799046173,13.969808578491211,55400,0.0,0
2013-10-28,13.994531523978482,14.002773486411153,13.664860886639701,13.862663269042969,96200,0.0,0
2013-10-29,13.870907272172877,14.060467720031738,13.870907272172877,14.060467720031738,108200,0.0,0
2013-10-30,14.109916739887547,14.167608902117108,13.755520232484795,13.813212394714355,112500,0.0,0
2013-10-31,13.788488848699208,13.796730812129843,13.532994270324707,13.532994270324707,127300,0.0,0
2013-11-01,13.483546394439982,13.788491234161125,13.261018059295973,13.747282981872559,219200,0.0,0
2013-11-04,13.772002892407551,13.887388791439472,13.656618565369186,13.804970741271973,157800,0.0,0
2013-11-05,13.689590848563222,13.879151324955375,13.49178840728523,13.854425430297852,71400,0.0,0
2013-11-06,13.903875805974181,13.96980994636317,13.582445496083187,13.640137672424316,71100,0.0,0
2013-11-07,13.72255408443877,13.84618038624577,13.475301480824768,13.565959930419922,106900,0.0,0
2013-11-08,13.549476858787026,13.969807520266937,13.549476858787026,13.837939262390137,96900,0.0,0
2013-11-11,13.813212591394912,13.837938477842581,13.590684329346532,13.673102378845215,50800,0.0,0
2013-11-12,13.640135913817598,13.870906161423079,13.57420178192942,13.821455955505371,102800,0.0,0
2013-11-13,13.673103509708081,13.928598069491025,13.475301117747705,13.895631790161133,96700,0.0,0
2013-11-14,13.887391960211312,13.912116280507574,13.722555822264637,13.772006034851074,39700,0.0,0
2013-11-15,13.747281369154527,14.3159643015891,13.681347230031234,14.208820343017578,160600,0.0,0
2013-11-18,14.225300239767845,14.233542201321963,13.90387159912439,13.986288070678711,62400,0.0,0
2013-11-19,13.961566156921975,14.184092869144555,13.697829629848027,13.796730041503906,55500,0.0,0
2013-11-20,13.821459142748552,14.052227871575843,13.67310691879154,13.854425430297852,39300,0.0,0
2013-11-21,13.953322775085493,14.373653411865233,13.953322775085493,14.373653411865234,60100,0.0,0
2013-11-22,14.373657031227474,14.612667705270562,14.250030712102157,14.596183776855469,92900,0.0,0
2013-11-25,14.662118445688213,14.703326691795493,14.3901383622024,14.447832107543945,64800,0.0,0
2013-11-26,14.497279197148815,14.637389404550225,14.439587036217674,14.538487434387207,98600,0.0,0
2013-11-27,14.58794465372607,14.596185046656556,14.480800681700876,14.571460723876953,175900,0.0,0
2013-11-29,14.711569412750489,14.99178990228813,14.604425452165794,14.629151344299316,44800,0.0,0
2013-12-02,14.587938688181893,14.653872808621408,13.90387159912439,13.986288070678711,69200,0.0,0
2013-12-03,13.920356489619055,14.315962856416895,13.846180394094068,13.994532585144043,75500,0.0,0
2013-12-04,13.903873624844149,14.093434052226513,13.491784919059711,13.73903751373291,118100,0.0,0
2013-12-05,13.697831714697493,13.722556035377725,13.53299557419089,13.59068775177002,68700,0.0,0
2013-12-06,13.763763401997695,13.837939494798386,13.7060696627132,13.73903751373291,80300,0.0,0
2013-12-09,13.796729681023747,13.870905773824438,13.5824433653766,13.73903751373291,78600,0.0,0
2013-12-10,13.73903922663826,13.78848943733934,13.434092854661586,13.450576782226562,141200,0.0,0
2013-12-11,13.483544989997322,13.64013758997848,13.145631540050026,13.508269309997559,391800,0.0,0
2013-12-12,13.566386936510954,13.566386936510954,13.400335056933445,13.43354606628418,731000,0.12,0
2013-12-13,13.508270083501431,13.61620270334508,13.30900876592134,13.450152397155762,169300,0.0,0
2013-12-16,13.533172718036917,13.91509131706554,13.483357799411518,13.856973648071289,430900,0.0,0
2013-12-17,13.832069461182437,13.873581641636331,13.616202638928202,13.823766708374023,92000,0.0,0
2013-12-18,13.89018771752348,14.222289925553822,13.757346834311344,14.155869483947754,125800,0.0,0
2013-12-19,14.155868583982022,14.321920469234488,14.097750899220099,14.230591773986816,108700,0.0,0
2013-12-20,14.297012713159903,14.670628676296879,14.280408790922412,14.654023170471191,440900,0.0,0
2013-12-23,14.753651936737505,14.903098294793718,14.662323254905841,14.878190040588379,107900,0.0,0
2013-12-24,14.90310132436152,15.094059894657617,14.861587558913524,15.019336700439453,58500,0.0,0
2013-12-26,15.019333083216296,15.168779435660294,14.703834876148333,15.160476684570312,157900,0.0,0
2013-12-27,15.069149965214644,15.210293584917862,14.99442677927835,15.152175903320312,86500,0.0,0
2013-12-30,15.102359010528279,15.243502611882295,15.02763583430628,15.160476684570312,92500,0.0,0
2013-12-31,15.201992988586428,15.226901248626856,15.077454855560847,15.201992988586426,129200,0.0,0
2014-01-02,15.135569590069027,15.177083348697208,14.562693973291871,14.595903396606445,218700,0.0,0
2014-01-03,14.604211094839705,14.878195660233537,14.604211094839705,14.811775207519531,160800,0.0,0
2014-01-06,14.969519306320217,15.11066291848009,14.570995141429538,14.595903396606445,212100,0.0,0
2014-01-07,14.687233169923772,14.687233169923772,14.529484042627722,14.579298973083496,161900,0.0,0
2014-01-08,14.546085386548333,14.570992052857877,14.288704888373736,14.37173080444336,163200,0.0,0
2014-01-09,14.463065115114263,14.463065115114263,14.189080593665352,14.305315971374512,161000,0.0,0
2014-01-10,14.346828791682231,14.380038218729336,14.08114545736466,14.222289085388184,108500,0.0,0
2014-01-13,14.147566937863592,14.155868106616957,13.840371435582234,13.964909553527832,184200,0.0,0
2014-01-14,14.064542174417399,14.272106249550408,13.948305215502923,14.180777549743652,147000,0.0,0
2014-01-15,14.189078391039782,14.380036934372525,14.164170135288032,14.263801574707031,208200,0.0,0
2014-01-16,14.27210248044625,14.504573169705827,14.081142378227282,14.255496978759766,93100,0.0,0
2014-01-17,14.19738018913415,14.19738018913415,14.006421658630579,14.097748756408691,136100,0.0,0
2014-01-21,14.230591271532347,14.272105033173766,14.11435590611255,14.213987350463867,114600,0.0,0
2014-01-22,14.21398856188728,14.23889523740678,14.139265368152339,14.180777549743652,55700,0.0,0
2014-01-23,14.089449558233996,14.247198706670064,13.97321417706442,14.130963325500488,159000,0.0,0
2014-01-24,14.006422960033154,14.089447314166003,13.533175590100463,13.59959602355957,89900,0.0,0
2014-01-27,13.674318894220164,13.715832653918543,13.425242670381929,13.558083534240723,68000,0.0,0
2014-01-28,13.59959871087884,13.649415233508092,13.408640124898456,13.541481018066406,128400,0.0,0
2014-01-29,13.38373067761337,13.724135593863188,13.38373067761337,13.616201400756836,140000,0.0,0
2014-01-30,13.790555565186375,14.13096047004417,13.724135134569927,13.881882667541504,155600,0.0,0
2014-01-31,13.591293778584062,13.84867273990514,13.574688275637431,13.782252311706543,159300,0.0,0
2014-02-03,13.79886091383106,13.815464836918954,13.126352937534763,13.309009552001953,213900,0.0,0
2014-02-04,13.36712368941656,13.433544114881489,13.09313923642525,13.126349449157715,137200,0.0,0
2014-02-05,12.993509268884543,12.993509268884543,12.071925167986722,12.462145805358887,538900,0.0,0
2014-02-06,12.462144915725402,12.594985772123724,12.370816233106087,12.53686809539795,302000,0.0,0
2014-02-07,12.561777637091252,12.694618515475721,12.4621469783029,12.678013801574707,189700,0.0,0
2014-02-10,12.628196843184966,12.752734956561179,12.404027288954964,12.611591339111328,219300,0.0,0
2014-02-11,12.669709456308883,12.769340102574954,12.611590985474848,12.719524383544922,118300,0.0,0
2014-02-12,12.7029205525755,12.943694829029415,12.653104830091154,12.810853958129883,119800,0.0,0
2014-02-13,12.686317632076912,13.2093792616394,12.686317632076912,13.20107650756836,116100,0.0,0
2014-02-14,13.225983970896893,13.225983970896893,12.893880954263015,12.960301399230957,148100,0.0,0
2014-02-18,13.026720272846699,13.151259185984669,12.935392369980773,13.018418312072754,90600,0.0,0
2014-02-19,12.935393481372849,13.084839873261025,12.678014464003361,12.694619178771973,130300,0.0,0
2014-02-20,12.736129188397156,12.910483007745519,12.65310325850024,12.852364540100098,105800,0.0,0
2014-02-21,12.918788766604237,13.001813924035565,12.653106204159243,12.694619178771973,169800,0.0,0
2014-02-24,12.73612988715293,12.852365245233017,12.686314168122898,12.719524383544922,150200,0.0,0
2014-02-25,12.744433522680117,12.860668888820184,12.586684394641388,12.810853958129883,268300,0.0,0
2014-02-26,12.86066729144858,13.026718359448461,12.744431939745636,12.852364540100098,133100,0.0,0
2014-02-27,12.77764243997463,12.91878604888916,12.752734185370443,12.91878604888916,129600,0.0,0
2014-02-28,12.960298953705209,13.068232354360314,12.868971057055818,12.927088737487793,157000,0.0,0
2014-03-03,12.860669960775388,13.010116348890955,12.76934205236816,12.877275466918945,94800,0.0,0
2014-03-04,13.076536908716069,13.73244015505339,13.035023934774019,13.549782752990723,247000,0.0,0
2014-03-05,13.466754723534374,13.541477906721187,13.309007188884873,13.491662979125977,96600,0.0,0
2014-03-06,13.499967817695559,13.616203194580354,13.383732440810764,13.549782752990723,66900,0.0,0
2014-03-07,13.674320723459557,13.782254929525893,13.582993607082143,13.732439994812012,131600,0.0,0
2014-03-10,13.699226380561313,13.782252311706541,13.574688275637431,13.782252311706543,138400,0.0,0
2014-03-11,13.757345205346752,13.856976647752925,13.375428107230539,13.67431926727295,362400,0.0,0
2014-03-12,13.573958428233913,13.824864354142012,13.573958428233913,13.816500663757324,134700,0.12,0
2014-03-13,13.900136076749485,13.900136076749485,13.548869054009653,13.607413291931152,230600,0.0,0
2014-03-14,13.52377584471833,14.00885864751026,13.52377584471833,13.774680137634277,166900,0.0,0
2014-03-17,13.900133054695429,14.033948882340228,13.707771406646845,13.73286247253418,96200,0.0,0
2014-03-18,13.783046771284168,14.042316403924739,13.741229911934878,14.033952713012695,128200,0.0,0
2014-03-19,14.059041088711748,14.075768469224888,13.74122883501611,13.84158992767334,86400,0.0,0
2014-03-20,13.866680810569493,14.519034284846267,13.866680810569493,14.493943214416504,130600,0.0,0
2014-03-21,14.60266787589339,14.753211106813657,14.535759950507803,14.61939525604248,239300,0.0,0
2014-03-24,14.70302778534286,14.728118850828785,14.276489243344955,14.569211959838867,116600,0.0,0
2014-03-25,14.677940491447348,14.828483732625003,14.293220293069677,14.39358139038086,139000,0.0,0
2014-03-26,14.560852041008271,14.82012007064295,14.460490943502986,14.79503059387207,245100,0.0,0
2014-03-27,14.79502755879895,14.9539328631194,14.728119642450718,14.753209114074707,228100,0.0,0
2014-03-28,14.744846544482776,15.221567279265987,14.744846544482776,14.87030029296875,205500,0.0,0
2014-03-31,15.004115978505675,15.246656592933453,14.920480678795501,15.213203430175781,310700,0.0,0
2014-04-01,15.204846152652232,15.656474409204272,15.004122305827844,15.39720630645752,333500,0.0,0
2014-04-02,15.47246825660129,15.47246825660129,15.2633808477283,15.372105598449707,103800,0.0,0
2014-04-03,15.347018343854707,15.455743110257734,15.012478760448587,15.146294593811035,131800,0.0,0
2014-04-04,15.288476418572708,15.288476418572708,14.460490226745605,14.460490226745605,336400,0.0,0
2014-04-07,14.385219755263888,14.43540030552522,13.975406876628387,14.033952713012695,301100,0.0,0
2014-04-08,14.075766494162943,14.117583344367395,13.699408461480544,13.98376750946045,103400,0.0,0
2014-04-09,14.050679379496952,14.251404783533822,13.967045655561126,14.176133155822754,151600,0.0,0
2014-04-10,14.209582538489087,14.251400984520437,13.858315567878778,14.109221458435059,156300,0.0,0
2014-04-11,13.95031546932421,14.192856091378564,13.900134926004466,14.02558708190918,149700,0.0,0
2014-04-14,14.226311989978853,14.326673084657635,13.732865421377472,13.83322811126709,149900,0.0,0
2014-04-15,13.891771028487437,14.125947957284422,13.557229824130566,14.050676345825195,183100,0.0,0
2014-04-16,14.201218674896538,14.326670821028864,14.008858611146264,14.067402839660645,175200,0.0,0
2014-04-17,15.43901955100416,16.250280036034745,14.979027709446724,15.288477897644043,687400,0.0,0
2014-04-21,15.47247029384788,16.810630205871426,15.430653444651428,15.924099922180176,597700,0.0,0
2014-04-22,15.899007669925249,16.267001977212256,15.899007669925249,16.016096115112305,280100,0.0,0
2014-04-23,15.991007654647339,16.032824503364267,15.656466484069824,15.656466484069824,241000,0.0,0
2014-04-24,15.715013513628104,15.715013513628104,15.347019154830331,15.489198684692383,371800,0.0,0
2014-04-25,15.43065641769912,15.497564346431021,15.054298321575395,15.112842559814453,197500,0.0,0
2014-04-28,15.179749742703496,15.221568193113006,14.728121644756204,15.087752342224121,269600,0.0,0
2014-04-29,15.10447311401367,15.28847104432519,15.054292585387913,15.104473114013672,226800,0.0,0
2014-04-30,15.054296520247515,15.380472434385467,15.029205451771265,15.213203430175781,357800,0.0,0
2014-05-01,15.221569088294821,15.221569088294821,14.836847297955675,15.071025848388672,271000,0.0,0
2014-05-02,15.137932752064543,15.355383906616122,15.00411690237292,15.05429744720459,462900,0.0,0
2014-05-05,14.920476850842492,15.15465531090872,14.736480514854188,15.121200561523438,206000,0.0,0
2014-05-06,15.029206616902297,15.045933997183244,14.66957751212662,14.803393363952637,193900,0.0,0
2014-05-07,14.870305984040442,14.903759159951864,14.493947784966391,14.861942291259766,156000,0.0,0
2014-05-08,14.878664896979107,15.188113454395914,14.602667909515958,14.627758979797363,111000,0.0,0
2014-05-09,14.510672395652882,14.845212066849548,14.485581322109013,14.786667823791504,130600,0.0,0
2014-05-12,14.920481407596492,15.372109495754454,14.88702664799404,15.238293647766113,251000,0.0,0
2014-05-13,15.238294915827796,15.238294915827796,14.778303099490792,14.845211029052734,223300,0.0,0
2014-05-14,14.769936771118708,14.769936771118708,14.351761887236048,14.368489265441895,191200,0.0,0
2014-05-15,14.259763809888039,14.569213945549055,14.017223191308917,14.43539810180664,234700,0.0,0
2014-05-16,14.39358349578528,14.535763067115672,14.259767616322689,14.527400970458984,115300,0.0,0
2014-05-19,14.510672471685595,14.719759966680456,14.368492911280649,14.485581398010254,152400,0.0,0
2014-05-20,14.460491178486048,14.460491178486048,14.050678305512214,14.301584243774414,208900,0.0,0
2014-05-21,14.401943416694035,14.544122950796591,14.184492270701263,14.376853942871094,115700,0.0,0
2014-05-22,14.385215668122196,14.736482610571079,14.326669848371985,14.585939407348633,99700,0.0,0
2014-05-23,14.535758055656554,14.937207150848783,14.485577516961488,14.769936561584473,131300,0.0,0
2014-05-27,14.895391430992898,15.213205289696027,14.803394025756399,14.887027740478516,110900,0.0,0
2014-05-28,14.82848068569099,15.020840745353969,14.736483297927704,14.820116996765137,123800,0.0,0
2014-05-29,14.912118925288176,14.96229947354477,14.719758827628844,14.836847305297852,97700,0.0,0
2014-05-30,14.870297510599874,14.870297510599874,14.611027967770534,14.669573783874512,91000,0.0,0
2014-06-02,14.661213011076205,14.694666174577026,14.1677664865562,14.376853942871094,174300,0.0,0
2014-06-03,14.34340113399223,14.351764824807065,14.000497786638602,14.151041030883789,304100,0.0,0
2014-06-04,14.067403935473848,14.184492401623487,13.992132322888878,14.02558708190918,78600,0.0,0
2014-06-05,14.059040800253118,14.544123658705784,13.925224949315195,14.468852043151855,248300,0.0,0
2014-06-06,14.577577538519273,15.071024057251359,14.577577538519273,14.87030029296875,351400,0.0,0
2014-06-09,14.920478685563134,15.020839755639543,14.870298150524931,14.962295532226562,234500,0.0,0
2014-06-10,14.870298315044968,15.062658364161663,14.845207249643044,14.853570938110352,143400,0.0,0
2014-06-11,14.761573011379268,14.920479913153248,14.636120865856896,14.878663063049316,129200,0.0,0
2014-06-12,14.80288126235685,14.93760587859777,14.634474689033649,14.72709846496582,153300,0.12,0
2014-06-13,14.72710000658764,14.72710000658764,14.440809765596015,14.491331100463867,222900,0.0,0
2014-06-16,14.508170041501733,14.583952836173632,14.373445430094812,14.541851997375488,88200,0.0,0
2014-06-17,14.525010515986203,14.870242521505833,14.466068701294168,14.76077938079834,253300,0.0,0
2014-06-18,14.727099877243079,14.962868781296153,14.668158052740877,14.929186820983887,268900,0.0,0
2014-06-19,15.004966791353459,15.156532372040902,14.946024977984777,15.12285041809082,173400,0.0,0
2014-06-20,15.198634997219758,15.198634997219758,14.693418476859375,14.903925895690918,442900,0.0,0
2014-06-23,14.887080768179723,14.946022572060293,14.693414382273938,14.844978332519531,215400,0.0,0
2014-06-24,14.87866505006655,14.920765893177514,14.642896152930195,14.65131664276123,246500,0.0,0
2014-06-25,14.550271574269573,14.760778967152874,14.499748643625935,14.735517501831055,154000,0.0,0
2014-06-26,14.583952422199545,14.651314725990886,14.255561391972254,14.516590118408203,269900,0.0,0
2014-06-27,14.415548348214628,14.72709842005513,14.415548348214628,14.609214782714844,725200,0.0,0
2014-06-30,14.583953358691296,14.684997623888753,14.457649231727556,14.592373847961426,213800,0.0,0
2014-07-01,14.684996121603223,14.971286303323534,14.684996121603223,14.828141212463379,228300,0.0,0
2014-07-02,14.853404986003925,14.93760828623739,14.769203291814827,14.794463157653809,192600,0.0,0
2014-07-03,14.878664017866342,15.15653373883658,14.870243528619474,15.013388633728027,118800,0.0,0
2014-07-07,14.962864828932123,14.962864828932123,14.68499515393083,14.693415641784668,101200,0.0,0
2014-07-08,14.701838460529741,14.735520420964624,14.491331025944532,14.583954811096191,151600,0.0,0
2014-07-09,14.6092138883878,14.76077947342932,14.516590118408203,14.516590118408203,68900,0.0,0
2014-07-10,14.247140927133072,14.373445046198128,14.120836808068015,14.230299949645996,103600,0.0,0
2014-07-11,14.19661960071585,14.314503231037369,14.129257296811552,14.230299949645996,121600,0.0,0
2014-07-14,14.407126398265461,14.440806745786157,14.230299354139,14.348184585571289,83700,0.0,0
2014-07-15,14.339766520849496,14.423968206904751,14.230301759306922,14.39870834350586,125700,0.0,0
2014-07-16,14.516591620106178,14.55027357850815,14.322925177427358,14.356605529785156,156200,0.0,0
2014-07-17,14.263979074573616,14.415544629797905,14.19661678403434,14.289238929748535,257900,0.0,0
2014-07-18,14.777617910862146,15.56912613491814,14.56711052406329,15.282835960388184,554300,0.0,0
2014-07-21,15.181793332037515,15.190213820244681,14.777617928313052,14.92076301574707,391200,0.0,0
2014-07-22,15.063906173028009,15.257574164890157,14.895501248594286,15.07232666015625,160700,0.0,0
2014-07-23,15.072329545406046,15.080750034146195,14.760779492240552,14.786039352416992,93700,0.0,0
2014-07-24,14.853398666671696,14.870239640762323,14.575529018351093,14.684993743896484,229800,0.0,0
2014-07-25,14.55027309521815,14.609214914419665,14.390287010211095,14.423967361450195,147500,0.0,0
2014-07-28,14.415549304567866,14.457650147541269,14.129259075424933,14.339766502380371,390800,0.0,0
2014-07-29,14.415545992976963,14.592371420097338,14.247139447681882,14.46606731414795,432700,0.0,0
2014-07-30,14.592372868050347,14.651314682939075,14.491328609638243,14.533431053161621,192100,0.0,0
2014-07-31,14.37344603165122,14.499750159375772,14.120837776202114,14.154518127441406,263300,0.0,0
2014-08-01,14.171356138737368,14.238718433155054,13.86822501083589,13.977689743041992,263900,0.0,0
2014-08-04,14.087155818959912,14.112417286922545,13.851388542151822,14.019793510437012,178200,0.0,0
2014-08-05,13.94401073406047,14.398707521823153,13.94401073406047,14.213459968566895,233200,0.0,0
2014-08-06,14.171358110722075,14.583952422199545,14.171358110722075,14.516590118408203,250100,0.0,0
2014-08-07,14.533433386083871,14.659737524840477,14.4660710716774,14.617636680603027,245000,0.0,0
2014-08-08,14.6428933290862,15.097590056009755,14.6428933290862,14.92076301574707,153400,0.0,0
2014-08-11,15.038649607773953,15.291257852710865,15.013388140862642,15.156533241271973,178300,0.0,0
2014-08-12,15.11443380668784,15.324941232374055,15.038651004957268,15.164955139160156,138700,0.0,0
2014-08-13,15.240734188748329,15.30809648414211,15.097589110281067,15.131269454956055,98700,0.0,0
2014-08-14,15.131272207658489,15.324940247436306,15.06390990001006,15.240736961364746,85900,0.0,0
2014-08-15,15.409136217877544,15.409136217877544,15.097586262709495,15.207049369812012,171700,0.0,0
2014-08-18,15.367040578738173,15.602809450724806,15.291257784386898,15.594388961791992,160400,0.0,0
2014-08-19,15.628068468214787,15.729112723912321,15.552285677952625,15.619647979736328,63500,0.0,0
2014-08-20,15.518608155619985,15.594390959680236,15.40914339151329,15.560708999633789,145300,0.0,0
2014-08-21,15.594390903740416,15.804898335142818,15.240738354742616,15.712274551391602,146100,0.0,0
2014-08-22,15.65333272756601,15.838578689024194,15.527028589933419,15.712274551391602,117700,0.0,0
2014-08-25,15.7796354277189,15.7796354277189,15.501765707822639,15.64491081237793,84400,0.0,0
2014-08-26,15.644914163836704,15.779638808038431,15.55229036868135,15.57755184173584,193400,0.0,0
2014-08-27,15.644906925229376,15.661747899473697,15.383878248617197,15.451240539550781,179100,0.0,0
2014-08-28,15.459660529831671,15.50176135804574,15.324935952294268,15.383877754211426,165700,0.0,0
2014-08-29,15.400718688964844,15.451240003902686,15.257573624937923,15.400718688964844,165100,0.0,0
2014-09-02,15.484928898143783,16.04908897903006,15.409146080857228,16.040668487548828,174100,0.0,0
2014-09-03,16.10802506821629,16.10802506821629,15.712271746016183,15.830155372619629,145200,0.0,0
2014-09-04,15.897517121052058,16.183807295161728,15.880677750726239,15.931199073791504,76800,0.0,0
2014-09-05,15.855415873075234,15.94803963465159,15.745952741611793,15.905937194824219,82000,0.0,0
2014-09-08,15.914358651355213,16.07434472034843,15.771213559317905,15.830155372619629,107700,0.0,0
2014-09-09,15.796477827703313,16.09118855254981,15.535449062745212,15.653332710266113,82500,0.0,0
2014-09-10,15.712274551391603,15.855419668987004,15.661753217547416,15.712274551391602,93700,0.0,0
2014-09-11,15.661420514476308,15.958038657885698,15.661420514476308,15.856340408325195,105200,0.12,0
2014-09-12,15.898722105428877,15.898722105428877,15.517355528141167,15.678377151489258,136100,0.0,0
2014-09-15,15.703800201416016,15.763123524726621,15.542778597830566,15.703800201416016,168000,0.0,0
2014-09-16,15.703796701626954,15.95803992099377,15.678371733114687,15.771595001220703,109800,0.0,0
2014-09-17,15.763125146311422,15.763125146311422,15.466506882805339,15.669901847839355,104400,0.0,0
2014-09-18,15.805493682077005,15.830918651135041,15.568200436624661,15.610573768615723,117200,0.0,0
2014-09-19,15.644472136447849,15.669897105547372,15.24615731918934,15.381753921508789,173000,0.0,0
2014-09-22,15.31396012960589,15.373283458533766,15.102090174040919,15.135990142822266,75600,0.0,0
2014-09-23,15.042764981634805,15.254634910953605,14.958016686619429,15.085138320922852,114100,0.0,0
2014-09-24,15.169885963312213,15.381755883516124,15.034289343696846,15.152935981750488,189300,0.0,0
2014-09-25,15.08513993192046,15.161413243935879,14.915644940227995,14.983443260192871,122900,0.0,0
2014-09-26,15.000390967281353,15.229209252154252,14.983440985753226,15.20378589630127,87800,0.0,0
2014-09-29,15.03429062586697,15.195312231557335,15.008865651356066,15.042765617370605,95600,0.0,0
2014-09-30,15.076660803933404,15.076660803933404,14.661394434095618,14.669869422912598,146900,0.0,0
2014-10-01,14.695297315118093,14.754620632209063,14.237657526520632,14.322405815124512,128800,0.0,0
2014-10-02,14.322405446868796,14.635973621708986,14.296982092448724,14.568175315856934,156000,0.0,0
2014-10-03,14.737668968419987,15.059712105055286,14.669870668566077,14.788518905639648,179900,0.0,0
2014-10-06,14.805471138334115,14.890219439413936,14.627501160861947,14.678349494934082,56400,0.0,0
2014-10-07,14.619025978360488,14.619025978360488,14.263084411621094,14.263084411621094,65700,0.0,0
2014-10-08,14.280032426820132,14.669872289957521,14.093585869285597,14.610548973083496,144700,0.0,0
2014-10-09,14.559701378934577,14.559701378934577,14.12748654169323,14.135961532592773,75600,0.0,0
2014-10-10,14.000363008305001,14.59359774269412,14.000363008305001,14.280031204223633,99000,0.0,0
2014-10-13,14.22070975711172,14.788521213150679,14.212234766252724,14.517326354980469,137500,0.0,0
2014-10-14,14.695296891751438,14.958015124059402,14.695296891751438,14.856318473815918,135300,0.0,0
2014-10-15,14.610546735816717,15.017336517610296,14.364778515481019,14.974963188171387,249800,0.0,0
2014-10-16,14.737671132123529,15.449554193323808,14.737671132123529,15.152935981750488,190300,0.0,0
2014-10-17,16.085165115458196,16.746199896146365,15.237685373445359,15.703800201416016,346600,0.0,0
2014-10-20,15.669896423745351,16.288556096964644,15.652946445083167,16.229232788085938,351100,0.0,0
2014-10-21,16.313982921999408,16.6953494031153,16.254659606367852,16.542802810668945,201600,0.0,0
2014-10-22,16.62755692257084,16.62755692257084,16.271615287639975,16.39873695373535,192800,0.0,0
2014-10-23,16.2292381080677,16.593654686566577,16.127541435636065,16.449583053588867,394500,0.0,0
2014-10-24,16.500430163471318,16.500430163471318,16.23771189336911,16.297035217285156,138500,0.0,0
2014-10-27,16.356354395174446,16.356354395174446,16.11058617032852,16.229232788085938,195200,0.0,0
2014-10-28,16.28855856755672,16.76314834344839,16.28855856755672,16.55975341796875,409300,0.0,0
2014-10-29,16.619076083815212,16.737722714913577,16.542802787697948,16.686874389648438,239200,0.0,0
2014-10-30,16.576698934667334,16.924165408050627,16.534325605304065,16.856367111206055,260300,0.0,0
2014-10-31,17.11908692586281,17.203833584589347,16.78009382520105,16.856367111206055,277900,0.0,0
2014-11-03,16.915691049448657,16.99196433829687,16.737721119762142,16.87331771850586,137300,0.0,0
2014-11-04,16.83942130625064,16.95806793963442,16.729248046875,16.729248046875,118600,0.0,0
2014-11-05,16.847897259423636,16.93264556043112,16.483482313038436,16.627553939819336,212800,0.0,0
2014-11-06,16.66992661388868,16.79704825208453,16.636026648268814,16.754674911499023,95800,0.0,0
2014-11-07,16.822472278002554,16.881795598053888,16.61907734506687,16.695350646972656,320700,0.0,0
2014-11-10,16.69534937993248,16.79704603046276,16.56822614211096,16.686874389648438,110500,0.0,0
2014-11-11,16.54280535964366,16.712300342358915,16.508905393236986,16.534330368041992,173900,0.0,0
2014-11-12,16.466527316152153,16.61059889906904,16.449577337823367,16.56822395324707,199200,0.0,0
2014-11-13,16.525854471381358,16.64450111442814,16.322459533398607,16.330934524536133,100400,0.0,0
2014-11-14,16.39025179095461,16.52584836618255,16.38177680294803,16.407201766967773,227700,0.0,0
2014-11-17,16.39873285342649,16.508904505444786,16.25466123682455,16.305509567260742,124700,0.0,0
2014-11-18,16.373309850457623,16.610604781782907,16.152964903464035,16.161439895629883,77900,0.0,0
2014-11-19,16.178384152742986,16.178384152742986,15.695321085372482,15.958039283752441,128800,0.0,0
2014-11-20,15.864825318149688,16.2970403202974,15.830926958057239,16.28009033203125,112800,0.0,0
2014-11-21,16.50042988388728,16.593653172141114,16.03431667549675,16.1105899810791,162100,0.0,0
2014-11-24,16.127545286955453,16.2970403202974,16.127545286955453,16.28009033203125,120600,0.0,0
2014-11-25,16.322459932133338,16.33940991482245,15.966518377858556,16.08516502380371,178300,0.0,0
2014-11-26,16.13601370121977,16.21228538443603,16.008890457501224,16.076688766479492,72900,0.0,0
2014-11-28,16.076690124065347,16.195338387125886,15.669900235844626,15.703800201416016,124900,0.0,0
2014-12-01,15.635996820444639,15.703795113180558,15.491925246325962,15.551248550415039,106700,0.0,0
2014-12-02,15.542776076559553,15.813969291381769,15.31395619538866,15.712272644042969,279200,0.0,0
2014-12-03,15.746170665076075,16.102112156347637,15.712272322137325,16.00041389465332,164000,0.0,0
2014-12-04,15.941089954808605,15.941089954808605,15.73769505586375,15.864816665649414,117800,0.0,0
2014-12-05,15.847866389887695,16.178382858717757,15.746168144472954,15.80549144744873,123500,0.0,0
2014-12-08,15.7885430630964,16.025837915374712,15.441076582241084,15.474976539611816,134200,0.0,0
2014-12-09,15.313958592281567,16.1614383294654,15.263110260653546,16.08516502380371,279500,0.0,0
2014-12-10,15.991940848883262,16.110587476258214,15.610574380265106,15.712272644042969,159900,0.0,0
2014-12-11,15.86581113153197,16.352021202372697,15.814631552224919,16.138771057128906,156300,0.12,0
2014-12-12,15.874341549123878,16.06200109378931,15.771980762143953,15.865811347961426,216500,0.0,0
2014-12-15,16.454383086078202,16.62498223747688,16.02788276712712,16.12171173095703,255800,0.0,0
2014-12-16,16.121712822719665,16.74440294008413,16.07053323653114,16.590864181518555,429400,0.0,0
2014-12-17,16.590864164238702,17.136784088266932,16.53115274894962,17.042953491210938,278300,0.0,0
2014-12-18,17.060012817382812,17.793593889160547,17.017363436127198,17.486513137817383,540500,0.0,0
2014-12-19,17.512104153268673,17.77653390258534,17.324442966617788,17.708293914794922,581400,0.0,0
2014-12-22,17.77653479418965,17.87889396752441,17.546224213731858,17.836244583129883,186400,0.0,0
2014-12-23,17.870365253351547,18.373635794750776,17.836244444525295,18.06655502319336,424100,0.0,0
2014-12-24,18.151856792328548,18.160386995180822,17.981255989222763,18.07508659362793,102700,0.0,0
2014-12-26,18.17744178183365,18.348042547472545,18.17744178183365,18.245681762695312,81100,0.0,0
2014-12-29,18.296862801231416,18.54423211947903,18.24568159582615,18.39069175720215,149900,0.0,0
2014-12-30,18.305396037301378,18.663656431535053,18.305396037301378,18.493057250976562,324600,0.0,0
2014-12-31,18.493053970513646,18.578354359146488,18.015374071927162,18.05802345275879,193400,0.0,0
2015-01-02,18.117733290586916,18.245683060431862,17.631523188994365,17.71682357788086,200700,0.0,0
2015-01-05,17.58887506598489,17.802125239967896,17.44386488259766,17.55475425720215,286800,0.0,0
2015-01-06,17.537692061997593,17.691232431902158,17.264732127487054,17.32444190979004,478500,0.0,0
2015-01-07,17.350033345043897,17.614463090899225,17.21355337124956,17.341503143310547,346800,0.0,0
2015-01-08,17.529162994661146,17.67417317262199,17.307384253751287,17.367094039916992,252400,0.0,0
2015-01-09,17.315908637980904,17.358559637041196,17.128249123023377,17.230609893798828,449800,0.0,0
2015-01-12,17.256200725188943,17.29032152811284,17.06001098928483,17.170900344848633,267800,0.0,0
2015-01-13,17.358559637041196,17.520630179531803,16.94911980787791,17.230609893798828,348100,0.0,0
2015-01-14,17.068541585565992,17.28179172787396,16.94059182557511,16.9661808013916,252000,0.0,0
2015-01-15,17.025888351322823,17.102658522657926,16.51408937838115,16.599388122558594,319900,0.0,0
2015-01-16,16.49703392981381,16.83823388983157,16.49703392981381,16.727344512939453,344600,0.0,0
2015-01-20,16.72734495085254,16.855294735837642,16.394673557527533,16.522624969482422,228900,0.0,0
2015-01-21,16.428799238861288,16.676168679578765,16.37761963508703,16.505569458007812,300400,0.0,0
2015-01-22,16.61644971253466,17.07707077354279,16.437320384566636,17.068540573120117,613800,0.0,0
2015-01-23,17.0600132918954,17.102662674337278,16.778523137657913,16.940593719482422,174500,0.0,0
2015-01-26,16.880885304785483,17.060014677958552,16.642044513584942,16.974714279174805,125600,0.0,0
2015-01-27,16.735875751941457,16.88941452323243,16.522625560350292,16.624984741210938,212100,0.0,0
2015-01-28,16.684691668518944,16.923532427783186,16.505562319297933,16.838232040405273,271600,0.0,0
2015-01-29,17.298854699210427,17.563284459397835,17.077074323031738,17.55475425720215,390800,0.0,0
2015-01-30,17.384152880714307,17.5547536649328,17.025892535431204,17.477983474731445,493100,0.0,0
2015-02-02,17.537691409917013,17.60593139100737,17.307382490592982,17.563282012939453,252600,0.0,0
2015-02-03,17.759478152363243,17.972728373456885,17.571818543510062,17.725358963012695,399500,0.0,0
2015-02-04,17.298853406402685,17.981253261362134,16.693222111527785,17.63152313232422,575500,0.0,0
2015-02-05,17.802125450474236,18.168914387407646,17.597403849296416,17.921545028686523,325100,0.0,0
2015-02-06,17.98125503077148,18.484525583441,17.802125661331353,18.31392478942871,306200,0.0,0
2015-02-09,18.339515046528657,18.441875846375957,18.092144062630016,18.177444458007812,192000,0.0,0
2015-02-10,18.339510267502945,18.339510267502945,17.87036065563361,18.049489974975586,323100,0.0,0
2015-02-11,18.023908327772062,18.296869982830376,17.84477891945296,17.972728729248047,216700,0.0,0
2015-02-12,18.075088465808054,18.220098675376878,17.81065703090784,17.989788055419922,305300,0.0,0
2015-02-13,17.972720266798163,18.16038141797619,17.640050592574333,17.955659866333008,238000,0.0,0
2015-02-17,17.9641935275623,18.143324513019277,17.75094336157092,17.819183349609375,220100,0.0,0
2015-02-18,17.742413149125973,17.878893125121582,17.588874396358147,17.793594360351562,134100,0.0,0
2015-02-19,17.776535034179688,17.930075423224405,17.614464442746957,17.776535034179688,176400,0.0,0
2015-02-20,17.708293678596135,17.81065284543164,17.512103919686727,17.768003463745117,207300,0.0,0
2015-02-23,17.759472431556954,17.819182213913827,17.50357289946477,17.75094223022461,130000,0.0,0
2015-02-24,17.74241641992784,17.96419682854818,17.72535764001085,17.827716827392578,179100,0.0,0
2015-02-25,17.86183274107389,17.87036294217724,17.682701771842503,17.844772338867188,226800,0.0,0
2015-02-26,17.81918304716287,17.981253626116985,17.691233275133676,17.768003463745117,196200,0.0,0
2015-02-27,17.716825688115275,18.245685233658236,17.691235080310374,18.10920524597168,225700,0.0,0
2015-03-02,18.151856937835277,18.39922631465478,18.100675720311365,18.382165908813477,317800,0.0,0
2015-03-03,18.27979915075962,18.30538812194514,17.699758608339916,17.785058975219727,461400,0.0,0
2015-03-04,17.750947948283088,17.90448836778572,17.537697727189446,17.725358963012695,293200,0.0,0
2015-03-05,17.7680061136225,17.776536316625904,17.426806128335702,17.614465713500977,221500,0.0,0
2015-03-06,17.460923739242613,17.54622413461678,17.187963775621053,17.21355438232422,272800,0.0,0
2015-03-09,17.230614786792994,17.324443757431833,17.01736461184244,17.21355438232422,300300,0.0,0
2015-03-10,17.09413428624044,17.14531387112395,16.59939233347775,16.795583724975586,377900,0.0,0
2015-03-11,16.812748338522578,16.87282425703642,16.6925965014949,16.726924896240234,222200,0.12,0
2015-03-12,16.821328814085792,17.19895093233605,16.821328814085792,16.94148063659668,328200,0.0,0
2015-03-13,16.967226908416844,17.053050334013115,16.692593256065337,16.735504150390625,391700,0.0,0
2015-03-16,16.889988697699767,17.997105990906928,16.769836864763814,17.988523483276367,770800,0.0,0
2015-03-17,17.894117098389383,18.168750762939453,17.791128655710224,18.168750762939453,334100,0.0,0
2015-03-18,18.245990707879905,18.649358676452454,18.03143296433044,18.61503028869629,210000,0.0,0
2015-03-19,18.52062435771191,18.778092995192996,18.451965945253907,18.61503028869629,322500,0.0,0
2015-03-20,18.73518722155233,19.25012627419204,18.640781264766982,19.164302825927734,548900,0.0,0
2015-03-23,19.147138535795047,19.473267324191465,19.026986685831204,19.267292022705078,394400,0.0,0
2015-03-24,19.27586795330707,19.361691382829086,19.147133627496927,19.2501220703125,98700,0.0,0
2015-03-25,19.353108876182308,19.404603916062978,19.06989270462169,19.2501220703125,498700,0.0,0
2015-03-26,19.250123794355247,19.3016172019019,18.898249175052246,19.155717849731445,614100,0.0,0
2015-03-27,19.155719845749733,19.619165472798233,19.087061416218038,19.499011993408203,680400,0.0,0
2015-03-30,19.58483539981109,19.807975704572748,19.51617697041874,19.77364730834961,661400,0.0,0
2015-03-31,19.636324627340457,20.194176088817397,19.636324627340457,20.108352661132812,717900,0.0,0
2015-04-01,20.10835765257657,20.116940161170014,19.747900476382572,20.005369186401367,674000,0.0,0
2015-04-02,19.99678275748405,20.08260618964687,19.756479111763127,19.81655502319336,437800,0.0,0
2015-04-06,19.76506336462459,20.039697062248788,19.73931584161759,19.876632690429688,275800,0.0,0
2015-04-07,19.859472104531637,20.211346812712723,19.77365028259192,19.91954803466797,566500,0.0,0
2015-04-08,19.859469257798104,20.134102977309315,19.756482431454444,19.99678611755371,302400,0.0,0
2015-04-09,19.996785963477514,20.09977442597373,19.481848561834653,19.619165420532227,132600,0.0,0
2015-04-10,19.739319243107413,19.825142697640604,19.567672334041024,19.65349578857422,205300,0.0,0
2015-04-13,19.687827103797535,19.842309004600907,19.593421133985174,19.76506805419922,268100,0.0,0
2015-04-14,19.73931256300618,19.850881870280112,19.58483072451482,19.730730056762695,187400,0.0,0
2015-04-15,19.88521616028447,20.005367999572353,19.790810208303398,19.953874588012695,266500,0.0,0
2015-04-16,19.95387434519525,19.979621869134778,19.773646588456607,19.82513999938965,349500,0.0,0
2015-04-17,19.644909527946506,19.73931547359946,19.396023357969526,19.404605865478516,491100,0.0,0
2015-04-20,20.597543668034852,20.95800074770329,20.134098149770136,20.44306182861328,987200,0.0,0
2015-04-21,20.649042591084275,20.7348660400422,19.64491200325264,19.850887298583984,691900,0.0,0
2015-04-22,19.99678612882246,20.348660786762753,19.868051777347294,20.151268005371094,308300,0.0,0
2015-04-23,20.10835466287782,20.27141902801668,19.55050478281381,19.739315032958984,310600,0.0,0
2015-04-24,19.730732957705268,19.97103825701706,19.541922703425527,19.96245574951172,239500,0.0,0
2015-04-27,20.151262868754998,20.151262868754998,19.438931226092016,19.910959243774414,426300,0.0,0
2015-04-28,19.859466178539762,20.0997714643252,19.593415008633414,19.945289611816406,315300,0.0,0
2015-04-29,19.885218059638238,19.94529398502038,19.730736173257753,19.799394607543945,225600,0.0,0
2015-04-30,19.704988184815278,19.95387602636212,19.207214138667744,19.54192543029785,579300,0.0,0
2015-05-01,19.62774636139386,19.953873465520342,19.40460607459324,19.936708450317383,367200,0.0,0
2015-05-04,20.005367457559128,20.125520930537682,19.910963145081826,20.099773406982422,424200,0.0,0
2015-05-05,20.005369186401367,20.17701608437799,19.87663483139197,20.005369186401367,421800,0.0,0
2015-05-06,20.022531665103184,20.03111417260853,19.73931546521061,19.96245574951172,304600,0.0,0
2015-05-07,19.945288487197736,20.12551785061101,19.825136669552716,19.928123474121094,203100,0.0,0
2015-05-08,20.151265249205576,20.211341162547434,19.7736447547865,19.859466552734375,236700,0.0,0
2015-05-11,19.8337201891501,20.039695445753317,19.713566728422183,19.756479263305664,142600,0.0,0
2015-05-12,19.644912026100737,19.696407077703064,19.370278298672865,19.413190841674805,216600,0.0,0
2015-05-13,19.421769243550564,19.50759268169453,19.241541496699572,19.404605865478516,242000,0.0,0
2015-05-14,19.559087499908888,19.996783919169594,19.40460564043056,19.988203048706055,236300,0.0,0
2015-05-15,20.031114462368887,20.031114462368887,19.46468205439,19.687822341918945,232600,0.0,0
2015-05-18,19.653490665778577,19.84230254392595,19.370274485503337,19.81655502319336,217200,0.0,0
2015-05-19,19.87663134484072,20.15126502387303,19.773644533676528,19.88521385192871,267100,0.0,0
2015-05-20,19.85946881032318,20.11693914427317,19.52475917682885,20.048280715942383,307700,0.0,0
2015-05-21,19.996783861576922,20.06544228370889,19.550504936192088,19.67923927307129,212400,0.0,0
2015-05-22,19.644909527946506,19.73931547359946,19.172883073573583,19.404605865478516,264900,0.0,0
2015-05-26,19.318781580539937,19.361692479258053,18.88108353844254,19.11280632019043,284400,0.0,0
2015-05-27,19.181466976588695,19.559089149727672,19.00123757967957,19.43035316467285,213900,0.0,0
2015-05-28,19.430356590862516,19.55909259861759,19.15572282995152,19.361698150634766,159500,0.0,0
2015-05-29,19.318782674469883,19.627746400962206,19.095642387219424,19.533340454101562,433300,0.0,0
2015-06-01,19.644908682804346,19.722149610116347,19.39602252353468,19.670656204223633,176700,0.0,0
2015-06-02,19.55908771843621,20.03111417260853,19.456099265318034,19.96245574951172,209200,0.0,0
2015-06-03,20.074029290852124,20.40874060610142,19.988207471658928,20.3400821685791,266000,0.0,0
2015-06-04,20.21134029134745,20.340076256611894,19.936706621082124,20.245670318603516,453000,0.0,0
2015-06-05,20.262835332231546,20.271417839045565,20.031112559090502,20.245670318603516,215000,0.0,0
2015-06-08,20.245674766524946,20.691955397225684,20.177016333874537,20.597549438476562,238300,0.0,0
2015-06-09,20.563213662072158,21.38711626077532,20.443061847718955,21.369951248168945,540600,0.0,0
2015-06-10,21.412869269119536,21.696085501947607,21.078157985271005,21.086740493774414,514600,0.0,0
2015-06-11,21.112611064284465,21.30234963835425,20.707263315555398,21.138484954833984,141700,0.12,0
2015-06-12,21.04361889428184,21.22473286593749,20.940126606175973,21.172985076904297,189400,0.0,0
2015-06-15,20.91424950501152,21.233354241868877,20.784883342223942,21.138484954833984,238800,0.0,0
2015-06-16,21.08673738366172,21.310971173244,21.03498960608437,21.060863494873047,368400,0.0,0
2015-06-17,21.155736919150936,21.155736919150936,20.92287680938305,21.026369094848633,354700,0.0,0
2015-06-18,21.086734922002147,21.54382872238182,20.9746163953198,21.492082595825195,480500,0.0,0
2015-06-19,21.388595103855042,21.7421967570291,21.362722855317553,21.595582962036133,540200,0.0,0
2015-06-22,21.60420363969184,21.759443694249246,21.448965230114457,21.586956024169922,363600,0.0,0
2015-06-23,21.64732857893618,22.216541062674835,21.561083914283014,22.164794921875,1079600,0.0,0
2015-06-24,22.10442082729626,22.173416224785665,21.647326935796457,21.90605926513672,431900,0.0,0
2015-06-25,21.99230511690072,22.25966209106077,21.88881119255935,22.242414474487305,370500,0.0,0
2015-06-26,22.328653900776533,22.475269310438954,22.061296969620308,22.294157028198242,530300,0.0,0
2015-06-29,22.19928865945392,22.285533311903098,21.569705493040804,21.64732551574707,286100,0.0,0
2015-06-30,21.845688351778918,21.983679145834387,21.466212845636374,21.586956024169922,523500,0.0,0
2015-07-01,21.75081724478196,21.931931174944086,21.552455700540484,21.811189651489258,377400,0.0,0
2015-07-02,21.862938171868816,21.862938171868816,20.965996342570783,21.112611770629883,391300,0.0,0
2015-07-06,20.95736876612076,21.44896276402498,20.90562263554446,21.440338134765625,322300,0.0,0
2015-07-07,21.49208986268794,21.49208986268794,20.931501974670443,21.172985076904297,441500,0.0,0
2015-07-08,21.009116487218225,21.28509804288286,20.905622581354073,20.948745727539062,228400,0.0,0
2015-07-09,21.18160970840983,21.457591336665814,21.086742051809498,21.172985076904297,281700,0.0,0
2015-07-10,21.40583863632801,21.509332537715515,21.181603220804877,21.285097122192383,425900,0.0,0
2015-07-13,21.45758891854275,21.85431369818776,21.45758891854275,21.56108283996582,552900,0.0,0
2015-07-14,21.561084407390933,21.837066024608706,21.46621510960475,21.776695251464844,540900,0.0,0
2015-07-15,21.776696360978324,21.854316400398055,21.595584032319138,21.75944709777832,370500,0.0,0
2015-07-16,21.88881105313154,21.88881105313154,21.630078711396365,21.793943405151367,392500,0.0,0
2015-07-17,21.73357071388932,21.983678402793796,20.353661174995086,21.483461380004883,783200,0.0,0
2015-07-20,21.681822882299187,21.975053720299954,21.345470539584177,21.880186080932617,529600,0.0,0
2015-07-21,21.845690134010702,21.91468553666727,21.405843825207516,21.44896697998047,324300,0.0,0
2015-07-22,21.474840921984846,21.699076409553367,21.474840921984846,21.673202514648438,234800,0.0,0
2015-07-23,21.664573460390578,21.87155962671847,21.354093388408824,21.397214889526367,368500,0.0,0
2015-07-24,21.362722498330143,21.474839411739495,20.948750078846146,20.96599769592285,254500,0.0,0
2015-07-27,20.836628832457034,20.879750337056226,20.603768759669503,20.76763343811035,198700,0.0,0
2015-07-28,20.82800604324605,20.845255304602137,20.48302904102481,20.543399810791016,234700,0.0,0
2015-07-29,20.56926942039122,20.69863556366819,20.146672475030563,20.621015548706055,257600,0.0,0
2015-07-30,20.534770684914417,20.922870755568173,20.48302455715383,20.750381469726562,197300,0.0,0
2015-07-31,20.767632266754124,20.95736917926078,20.595142968126353,20.871126174926758,205800,0.0,0
2015-08-03,20.888373927582375,20.9142478160424,20.577895490961463,20.879749298095703,234400,0.0,0
2015-08-04,20.83662789729198,21.14710798040742,20.83662789729198,21.103984832763672,217900,0.0,0
2015-08-05,21.18160565781248,21.35409496497715,20.9487472316141,21.121234893798828,166600,0.0,0
2015-08-06,21.207483640555672,21.207483640555672,20.862506604623587,20.991872787475586,154900,0.0,0
2015-08-07,20.89699678870008,20.89699678870008,20.526145977054995,20.655513763427734,241900,0.0,0
2015-08-10,20.741762224123978,21.052242361227062,20.655519203799937,20.96599769592285,176500,0.0,0
2015-08-11,20.810754238844574,21.00911743023967,20.69001271406661,20.974618911743164,139600,0.0,0
2015-08-12,20.862503676950872,20.862503676950872,20.474403537877404,20.612394332885742,141300,0.0,0
2015-08-13,20.5865235366989,20.698640448671267,20.38816031554755,20.50890350341797,177000,0.0,0
2015-08-14,20.405405394749515,20.750382335852418,20.310536119078787,20.681386947631836,190300,0.0,0
2015-08-17,20.62102354563902,21.190236112784905,20.534778868348344,21.164363861083984,241900,0.0,0
2015-08-18,21.155737458873492,21.371348311571012,21.05224352578737,21.172985076904297,235200,0.0,0
2015-08-19,20.974615254777685,21.07810914724293,20.767629114826807,20.931493759155273,150100,0.0,0
2015-08-20,20.69001271406661,21.172980458158356,20.621017322053508,20.974618911743164,328100,0.0,0
2015-08-21,20.698637143259678,20.87112644411213,20.15529864204026,20.526147842407227,340100,0.0,0
2015-08-24,19.534338895852237,20.534772914400595,18.870257211735506,19.95693588256836,455000,0.0,0
2015-08-25,20.47440278898474,20.47440278898474,19.48259336927224,19.525714874267578,277600,0.0,0
2015-08-26,19.862068876427028,20.129425826519245,19.542964146332466,20.01730728149414,312700,0.0,0
2015-08-27,20.336411791573255,20.767633417047648,20.060430214466436,20.4571533203125,662500,0.0,0
2015-08-28,20.379535366637217,20.68139086413303,19.870695310262146,20.414033889770508,256700,0.0,0
2015-08-31,20.37091582134086,20.73314215051733,20.207051098742348,20.629648208618164,263100,0.0,0
2015-09-01,20.198423510945368,20.37953582654194,19.577464885354058,19.620586395263672,159000,0.0,0
2015-09-02,19.913815185274263,19.913815185274263,19.499842811521845,19.793073654174805,270100,0.0,0
2015-09-03,19.836201725092717,20.05181261340894,19.68096162230815,19.905197143554688,154600,0.0,0
2015-09-04,19.620584500411677,20.04318150763833,19.60333524012161,19.93106460571289,104100,0.0,0
2015-09-08,20.1984226779574,20.25879344733322,20.060431877961218,20.22429656982422,226100,0.0,0
2015-09-09,20.405408222473824,20.405408222473824,20.000060466128435,20.034557342529297,137700,0.0,0
2015-09-10,19.939689617533126,20.06905578222489,19.749951040670506,19.810321807861328,140900,0.0,0
2015-09-11,19.82766513008551,19.905691146850586,19.55023249448676,19.905691146850586,166100,0.12,0
2015-09-14,19.966382292190612,20.131105918015887,19.818996863975897,20.018400192260742,146100,0.0,0
2015-09-15,20.079084441254185,20.391195093317066,20.00972670230898,20.330507278442383,236700,0.0,0
2015-09-16,20.365185847092054,20.720644475069278,20.33917607420873,20.607938766479492,159600,0.0,0
2015-09-17,20.53857765375063,21.093439488546714,20.51256788513755,20.902706146240234,247300,0.0,0
2015-09-18,20.61660854866571,20.980737098427475,20.521241035703188,20.62527847290039,271600,0.0,0
2015-09-21,20.82467930477014,21.119450079386308,20.61660610862086,20.659954071044922,203000,0.0,0
2015-09-22,20.434541702270508,20.555917323955036,20.25247826974372,20.434541702270508,133400,0.0,0
2015-09-23,20.52991189483315,20.65995745703747,20.200461373388556,20.287158966064453,234300,0.0,0
2015-09-24,20.174452253940828,20.174452253940828,19.68894642044904,20.122432708740234,160800,0.0,0
2015-09-25,20.269818994578674,20.269818994578674,19.515553746170394,19.56757164001465,207700,0.0,0
2015-09-28,19.524221149407072,19.524221149407072,19.194770672494005,19.21211051940918,210500,0.0,0
2015-09-29,19.212109351084433,19.36816465659336,19.004036161612103,19.06472396850586,394800,0.0,0
2015-09-30,19.255456418913337,19.333484068048328,18.908667785879295,19.056053161621094,347500,0.0,0
2015-10-01,19.08206860611792,19.099408456332885,18.700600169484353,18.978031158447266,253400,0.0,0
2015-10-02,18.821973640833633,19.030048512153584,18.449176825964496,19.01270866394043,234600,0.0,0
2015-10-05,19.160094769887934,19.558901371717127,19.160094769887934,19.52422332763672,255700,0.0,0
2015-10-06,19.506882185969808,19.775643210852103,19.28146912671989,19.394176483154297,203700,0.0,0
2015-10-07,19.437523186822062,20.356513558238685,19.437523186822062,20.235137939453125,295600,0.0,0
2015-10-08,20.18312303576438,20.44321415834333,20.105095368266884,20.30449867248535,187500,0.0,0
2015-10-09,20.37385403169779,20.503899577772092,20.19179059791753,20.41720199584961,182300,0.0,0
2015-10-12,20.3998633817282,20.6599544685139,20.3998633817282,20.469221115112305,169800,0.0,0
2015-10-13,20.40853330853181,20.703302435249675,20.295825958251953,20.295825958251953,134500,0.0,0
2015-10-14,20.287158384328848,20.434543791565872,19.905689979664967,19.931699752807617,138300,0.0,0
2015-10-15,19.992388479180487,20.200461712928615,19.654269681042162,20.19179344177246,174500,0.0,0
2015-10-16,20.252483223005157,20.252483223005157,19.966382292190612,20.018400192260742,164400,0.0,0
2015-10-19,19.940366503499458,20.47789015422951,19.905686811495514,20.46055030822754,108200,0.0,0
2015-10-20,20.417199143446517,20.599264205410048,20.31316338256902,20.503896713256836,137600,0.0,0
2015-10-21,20.85935734391211,21.56160624123456,20.339173526731365,20.833349227905273,367700,0.0,0
2015-10-22,20.989404644229978,21.102112001769814,19.784313328746386,19.94036865234375,374600,0.0,0
2015-10-23,20.174451870275423,20.79867151824089,19.8970209156241,20.73798370361328,323000,0.0,0
2015-10-26,20.677294530807888,20.75532218838073,20.3131660133409,20.35651397705078,171200,0.0,0
2015-10-27,20.28715475219696,20.373852326864807,19.619585576958862,19.758302688598633,236000,0.0,0
2015-10-28,19.619585763613497,20.42587040454341,19.619585763613497,20.39986228942871,219900,0.0,0
2015-10-29,20.252480134799598,20.321837875523475,19.66293851183716,19.87101173400879,236700,0.0,0
2015-10-30,19.89702014192812,20.278486862930883,19.66293716293629,20.148441314697266,277800,0.0,0
2015-11-02,20.1224316627462,20.495230115877042,19.688945396988267,20.47789192199707,258900,0.0,0
2015-11-03,20.39119325138815,20.53857864003581,20.183120053347714,20.235137939453125,507200,0.0,0
2015-11-04,20.27848616434179,20.295826011140615,19.853669839483405,19.888349533081055,163900,0.0,0
2015-11-05,19.931696223832812,20.27848486957305,19.732292959234513,20.070411682128906,216600,0.0,0
2015-11-06,20.009727666195733,20.08775533297012,19.13408513632021,19.50688362121582,479900,0.0,0
2015-11-09,19.506877399168477,19.506877399168477,18.830638387361315,19.038711547851562,719000,0.0,0
2015-11-10,19.02138042509875,19.532894421455296,19.004040575210947,19.498214721679688,491800,0.0,0
2015-11-11,19.584911574751285,19.732296985969906,19.411516389687364,19.472204208374023,181500,0.0,0
2015-11-12,19.316152423718837,19.38551017383409,18.952023822208954,19.082069396972656,168100,0.0,0
2015-11-13,18.99536401302915,19.14274937833885,18.735272970067815,18.75261116027832,128300,0.0,0
2015-11-16,18.735276771880383,18.82197270138105,18.371148245673464,18.440505981445312,370900,0.0,0
2015-11-17,18.457847459248306,18.70926865352322,18.33647017071169,18.613901138305664,292200,0.0,0
2015-11-18,18.639911784475974,19.2121135953378,18.527206068720375,19.18610382080078,220700,0.0,0
2015-11-19,19.16876227589065,19.350825704985553,18.98669719317695,19.246789932250977,124600,0.0,0
2015-11-20,19.37683280279637,19.55889620678363,19.108071831073882,19.22077751159668,192300,0.0,0
2015-11-23,19.186099515227916,19.34215482019135,19.030045863883196,19.160091400146484,168700,0.0,0
2015-11-24,19.082061700760523,19.420180389499333,18.92600641253691,19.411510467529297,216800,0.0,0
2015-11-25,19.428855277576126,19.64559842137204,19.359497537706194,19.558900833129883,135800,0.0,0
2015-11-27,19.5415642232166,20.0097285919025,19.472204824102594,19.905691146850586,108700,0.0,0
2015-11-30,19.96637619041818,19.96637619041818,19.203439505655197,19.316146850585938,251500,0.0,0
2015-12-01,19.411515822251687,19.576241077885275,19.281470264064744,19.541563034057617,131300,0.0,0
2015-12-02,19.498215303329548,19.515555153734617,19.21211438612251,19.290142059326172,139500,0.0,0
2015-12-03,19.290143051142433,19.38551057965455,18.700601336011587,18.813308715820312,138000,0.0,0
2015-12-04,18.891334874930486,19.272801651085864,18.743949457991647,18.934682846069336,244600,0.0,0
2015-12-07,18.90867166588834,18.92601151450279,18.414497555709286,18.64858055114746,279900,0.0,0
2015-12-08,18.483852740787334,18.99536662885386,18.483852740787334,18.873991012573242,272400,0.0,0
2015-12-09,18.813310076750042,18.978033715126017,18.293126075556984,18.379823684692383,141700,0.0,0
2015-12-10,18.345140543058704,18.43183813595335,18.102387613677518,18.249773025512695,238300,0.0,0
2015-12-11,17.900492879470153,18.06640035298205,17.44643119695699,17.472627639770508,259000,0.15,0
2015-12-14,17.359110514188142,17.6821932973741,17.12334920265977,17.245595932006836,702100,0.0,0
2015-12-15,17.350385309554248,17.62107529207485,17.132086560475994,17.60361099243164,250300,0.0,0
2015-12-16,17.76951361172784,17.90922463940196,17.568679217632145,17.830636978149414,508100,0.0,0
2015-12-17,17.89176034457099,17.96161585840805,17.621070436638234,17.830636978149414,248500,0.0,0
2015-12-18,17.717123950042268,17.7433187291044,17.586143392783725,17.690927505493164,464200,0.0,0
2015-12-21,17.75205165329447,17.874298402226856,17.603608458667836,17.86556625366211,302400,0.0,0
2015-12-22,17.760781983985122,17.917957311089094,15.970733348605158,16.22395896911621,1456500,0.0,0
2015-12-23,16.197766038025662,16.590704440980623,16.005663744073924,16.38113784790039,410100,0.0,0
2015-12-24,16.372400752524584,16.59069942922491,16.23268973267531,16.311277389526367,214400,0.0,0
2015-12-28,16.302548879834376,16.372404405344362,16.101714452179056,16.363672256469727,218800,0.0,0
2015-12-29,16.363673694315054,16.765344250406834,16.328746761234648,16.721683502197266,182200,0.0,0
2015-12-30,16.739151140251575,16.887594382797914,16.61690435185609,16.634366989135742,180400,0.0,0
2015-12-31,16.616901330394338,16.83520007882864,16.407334731755885,16.416065216064453,187500,0.0,0
2016-01-04,16.12790980546849,16.337476389433018,16.031859495414224,16.0493221282959,428700,0.0,0
2016-01-05,16.136640548706055,16.250156812725916,15.962002576694985,16.136640548706055,290100,0.0,0
2016-01-06,15.935805798654489,16.11044543250577,15.734971385566404,15.874682426452637,625100,0.0,0
2016-01-07,15.630185560537305,15.796093027979227,15.525403124090573,15.542865753173828,377700,0.0,0
2016-01-08,15.62145920437518,15.743707646198203,15.237254574324012,15.272181510925293,293300,0.0,0
2016-01-11,15.359499612903775,15.438087293224608,15.045148891620443,15.219788551330566,467900,0.0,0
2016-01-12,15.359498977661133,15.411890207212467,15.115003797276307,15.359498977661133,269000,0.0,0
2016-01-13,15.359499107955063,15.516674463429537,14.791922730787263,14.861778259277344,228000,0.0,0
2016-01-14,14.914169328937861,15.245982669326779,14.78319042261295,15.062612533569336,261000,0.0,0
2016-01-15,14.695870309327603,14.966560265839908,14.643479080919088,14.949097633361816,294300,0.0,0
2016-01-19,15.062609229309162,15.23724884309007,14.660940449294577,14.748258590698242,209100,0.0,0
2016-01-20,14.582356441122453,15.176127612589292,14.337861253703963,15.123736381530762,286000,0.0,0
2016-01-21,15.123735252953594,15.307107046205527,15.053879728259307,15.176126480102539,408300,0.0,0
2016-01-22,15.350764100076256,15.438083910799886,15.088806333392235,15.280908584594727,528300,0.0,0
2016-01-25,15.176125084656228,15.280909194806291,15.097539083902342,15.14119815826416,191200,0.0,0
2016-01-26,15.184858217041288,15.376962153855773,15.106270545705733,15.289642333984375,636900,0.0,0
2016-01-27,15.245983334446025,15.350767463369547,15.0626131906889,15.219788551330566,292200,0.0,0
2016-01-28,15.315836536787305,15.717505317694732,15.272175800501634,15.39442253112793,240800,0.0,0
2016-01-29,15.411887676955962,16.07551591577419,15.411887676955962,16.02312469482422,299500,0.0,0
2016-02-01,15.865951362790033,16.04932149193057,15.665116935973131,15.918342590332031,185700,0.0,0
2016-02-02,15.752438514864473,15.918344364822934,15.63892223280102,15.726242065429688,192600,0.0,0
2016-02-03,15.86594906395251,16.1279068291942,15.438083825798099,16.031856536865234,344700,0.0,0
2016-02-04,15.996929364893042,16.442258937677202,15.857218322312168,16.337474822998047,340100,0.0,0
2016-02-05,16.267621843100613,16.346209525015514,15.734974034606285,15.778633117675781,344300,0.0,0
2016-02-08,15.638923813884142,15.944542426238645,15.525409185831728,15.883419036865234,151700,0.0,0
2016-02-09,15.665115190100934,15.953269407697862,15.612722302911012,15.839753150939941,170400,0.0,0
2016-02-10,15.900876341982888,16.171567926297598,15.638918570922016,15.647650718688965,268700,0.0,0
2016-02-11,15.324566181881792,15.621452510468078,14.74825781826999,14.818113327026367,511400,0.0,0
2016-02-12,15.56033675467533,16.538316020805873,15.56033675467533,15.892151832580566,772600,0.0,0
2016-02-16,15.99693286029969,15.99693286029969,15.577799640974447,15.804830551147461,545300,0.0,0
2016-02-17,15.927072256953647,15.979463476330531,15.67384664205968,15.962000846862793,322700,0.0,0
2016-02-18,16.014394105975754,16.180301598201986,15.935806434157383,16.12790870666504,220200,0.0,0
2016-02-19,16.110444506732097,16.154103579942593,15.93580488291634,16.02312469482422,330800,0.0,0
2016-02-22,16.145374342177092,16.800270551291568,16.110447410410988,16.5907039642334,306400,0.0,0
2016-02-23,16.564501736901583,16.678017972881513,16.31127615711496,16.4422550201416,206200,0.0,0
2016-02-24,16.258893265659545,16.69549080950608,16.22396466271784,16.669294357299805,209600,0.0,0
2016-02-25,16.68675267507264,16.721679600002446,16.320010803131915,16.424793243408203,192600,0.0,0
2016-02-26,16.520845151866475,16.721679549697555,16.450989636730146,16.678020477294922,195300,0.0,0
2016-02-29,16.68675262487282,16.92251394752864,16.634359739405433,16.678020477294922,616300,0.0,0
2016-03-01,16.861394894622745,17.16701347610631,16.678024745024977,17.158281326293945,251900,0.0,0
2016-03-02,17.167010648320392,17.21066972470331,16.983640528927733,17.18447494506836,188900,0.0,0
2016-03-03,17.19320711558327,17.603608096767015,17.19320711558327,17.577411651611328,285200,0.0,0
2016-03-04,17.577412105473982,17.603608551306085,17.219402339870513,17.36784553527832,297100,0.0,0
2016-03-07,17.36784855246989,17.743322680523182,17.36784855246989,17.734590530395508,237800,0.0,0
2016-03-08,17.6821932973741,17.725852367716115,17.193204714499064,17.245595932006836,317100,0.0,0
2016-03-09,17.50755999157415,17.516292141885387,17.15828230656152,17.332921981811523,392800,0.0,0
2016-03-10,17.315456685620028,17.411508668033665,16.765344571540286,17.009838104248047,321400,0.0,0
2016-03-11,17.168234123445615,17.793012717328654,17.15063430092206,17.467424392700195,976400,0.15,0
2016-03-14,17.42342555329728,17.502623079500488,17.07143748040056,17.361827850341797,154000,0.0,0
2016-03-15,17.265031094040946,17.291429148841644,17.018638619295444,17.19463348388672,146400,0.0,0
2016-03-16,17.159434677058325,17.353027694827766,17.09783697496857,17.238632202148438,254500,0.0,0
2016-03-17,17.247426634536225,18.400187820269867,17.168229134605344,18.303390502929688,1030300,0.0,0
2016-03-18,18.408994694112973,18.4353944302154,17.845813751220703,17.845813751220703,699200,0.0,0
2016-03-21,17.863408522741643,17.89860816422952,17.57301819411184,17.61701774597168,278600,0.0,0
2016-03-22,17.493821005850705,17.66981585975398,17.344225883556316,17.41462516784668,365400,0.0,0
2016-03-23,17.397025721003303,17.66981623985122,17.203431041863,17.51142120361328,193300,0.0,0
2016-03-24,17.511416820551613,17.590614318847656,17.18582859725538,17.590614318847656,227700,0.0,0
2016-03-28,17.608214086610825,18.15379498622219,17.608214086610825,18.11859703063965,379700,0.0,0
2016-03-29,18.092202812368576,18.892976266953376,18.021805201363694,18.734582901000977,469200,0.0,0
2016-03-30,18.778577362198035,18.936972377746,18.47938715025436,18.91937255859375,462100,0.0,0
2016-03-31,18.980967311372392,19.29775729346946,18.708176870350403,19.05136489868164,382200,0.0,0
2016-04-01,18.936972228143507,19.341757994980583,18.787377123353473,19.271360397338867,260000,0.0,0
2016-04-04,19.297766848493886,19.297766848493886,18.83138155263902,18.901779174804688,282600,0.0,0
2016-04-05,18.787377814830894,18.81377586591118,18.611382975043483,18.664180755615234,228800,0.0,0
2016-04-06,18.6817780398193,19.06016571912032,18.6817780398193,18.945770263671875,204600,0.0,0
2016-04-07,18.76097533937228,18.822573020758718,18.56738238667048,18.70817756652832,295500,0.0,0
2016-04-08,18.822575675071374,18.980970694350653,18.567385004996787,18.77857780456543,153900,0.0,0
2016-04-11,18.90177394479002,19.086568700850542,18.699381046866165,19.02497100830078,302100,0.0,0
2016-04-12,19.007372887636738,19.42095863060394,19.007372887636738,19.37696075439453,404900,0.0,0
2016-04-13,19.473752148750254,19.658546880824606,19.3417568706463,19.517751693725586,365300,0.0,0
2016-04-14,19.517758007041433,19.640953415999746,19.306565158079362,19.61455535888672,201500,0.0,0
2016-04-15,19.588149475181044,19.992935222371017,19.579349566101563,19.75534439086914,210800,0.0,0
2016-04-18,19.70254290518402,20.036932702086723,19.649745134561282,20.019332885742188,280200,0.0,0
2016-04-19,20.010537187443564,20.2569296328712,19.957739405713077,20.204130172729492,354800,0.0,0
2016-04-20,20.195328409752328,20.23932627376571,19.88733832642588,20.001733779907227,480000,0.0,0
2016-04-21,19.90494169097316,20.1161344970171,19.78174462863911,19.96653938293457,284200,0.0,0
2016-04-22,19.96653992636399,21.436091377026344,19.596952086125214,21.15450096130371,2148900,0.0,0
2016-04-25,21.207300648522658,21.321696135775547,20.899310474272156,20.97850799560547,374500,0.0,0
2016-04-26,21.119301579107955,21.471289603077498,20.90810876472623,21.27769660949707,452700,0.0,0
2016-04-27,21.251295854605647,21.251295854605647,20.811310426235295,20.90810775756836,581200,0.0,0
2016-04-28,20.811310862613183,21.01370376108869,20.64411592637152,20.6793155670166,390500,0.0,0
2016-04-29,20.626518836660303,20.776113960210573,20.459323891889685,20.547321319580078,581000,0.0,0
2016-05-02,20.679313984586635,20.696913803562396,20.10733329516327,20.564918518066406,810200,0.0,0
2016-05-03,20.388920522914038,20.424118476995424,19.86973769252944,20.045732498168945,549000,0.0,0
2016-05-04,19.992935976926425,20.388923508392956,19.940138198867924,20.32732582092285,288700,0.0,0
2016-05-05,20.380124448963183,20.52971955837727,20.256929068884936,20.37132453918457,287000,0.0,0
2016-05-06,20.292127768950532,20.556120036694224,20.21293025646855,20.529720306396484,175000,0.0,0
2016-05-09,20.591316723338625,21.110499638159478,20.46812134640186,20.714513778686523,313300,0.0,0
2016-05-10,20.872906143168482,20.98730328363354,20.59131576419457,20.644113540649414,232800,0.0,0
2016-05-11,20.564917875073125,20.59131592430028,20.318525452349625,20.380123138427734,148000,0.0,0
2016-05-12,20.47691756033627,20.635312546903194,20.274524712350008,20.600112915039062,155300,0.0,0
2016-05-13,20.573717275021178,20.573717275021178,20.133731859847483,20.221729278564453,252900,0.0,0
2016-05-16,20.26572925953661,20.705714684098236,20.23932952983488,20.582517623901367,246400,0.0,0
2016-05-17,20.5913214628367,20.661719077062696,19.95774293480272,19.99294090270996,362900,0.0,0
2016-05-18,19.984133253053116,20.327322958128086,19.940135390602645,20.019332885742188,274300,0.0,0
2016-05-19,19.931336361747764,20.212926722039878,19.74654331721017,20.151329040527344,150100,0.0,0
2016-05-20,20.25693215350902,20.485724807358856,20.2041326867973,20.476924896240234,152400,0.0,0
2016-05-23,20.49452483641752,20.66171811339916,20.35372793612078,20.36252784729004,178200,0.0,0
2016-05-24,20.512118352106068,21.022501335883202,20.49452021214973,20.996103286743164,340500,0.0,0
2016-05-25,20.934504603879503,21.436087654585453,20.934504603879503,21.216094970703125,374800,0.0,0
2016-05-26,21.163293838500977,21.383286504923692,20.95210108014447,21.163293838500977,335700,0.0,0
2016-05-27,21.08409820140088,21.83207366880188,21.08409820140088,21.77927589416504,258100,0.0,0
2016-05-31,21.823273900465797,21.884873262751526,21.612081122147725,21.84087371826172,263900,0.0,0
2016-06-01,21.805677512217645,22.236863012378723,21.603282948132943,22.19286346435547,289900,0.0,0
2016-06-02,22.27206215541851,22.40405744967724,21.93767396473565,22.122467041015625,300200,0.0,0
2016-06-03,22.05206638134703,22.14886370030779,21.814475555987606,21.867273330688477,349200,0.0,0
2016-06-06,21.884874751963213,22.140065413725182,21.717679828346746,22.06966781616211,241400,0.0,0
2016-06-07,22.069668546956432,22.254463295685568,21.94647316674446,22.140066146850586,336700,0.0,0
2016-06-08,22.192864671474158,22.33365987598446,22.131266979302303,22.2984619140625,128100,0.0,0
2016-06-09,22.316060577213925,22.316060577213925,21.920073036052344,21.955272674560547,151900,0.0,0
2016-06-10,21.744083516268173,21.7528834280466,21.48889278833993,21.59449005126953,285600,0.0,0
2016-06-13,21.71843683732714,21.824681808779786,21.470529089382016,21.505945205688477,231400,0.15,0
2016-06-14,21.426260701575817,21.683020790689167,21.293451953733232,21.61219024658203,233400,0.0,0
2016-06-15,21.744998881244463,21.81582943048369,21.37313807555515,21.399700164794922,941000,0.0,0
2016-06-16,21.320014836531374,21.435113841724977,21.178353743031508,21.328868865966797,518900,0.0,0
2016-06-17,21.38199296906472,21.656461147362652,21.249185894967884,21.46167755126953,592900,0.0,0
2016-06-20,21.780418829069923,21.992910514142093,21.62990367438541,21.638757705688477,182900,0.0,0
2016-06-21,21.84239535945758,21.939788015057502,21.585633517870086,21.638757705688477,411000,0.0,0
2016-06-22,21.709586080856692,21.771562605002266,21.51480078927503,21.532508850097656,133700,0.0,0
2016-06-23,21.700729887099243,21.93978361817258,21.559068792107663,21.789268493652344,271500,0.0,0
2016-06-24,21.010130500035988,21.107523134808545,20.540878762459354,20.744516372680664,357700,0.0,0
2016-06-27,20.549732910157115,20.549732910157115,19.558105171348174,19.6909122467041,395800,0.0,0
2016-06-28,20.01850505779307,20.72681060140261,19.938820473045293,20.47890281677246,689200,0.0,0
2016-06-29,20.79764221777571,21.151795007664962,20.673689163497897,21.125234603881836,232600,0.0,0
2016-06-30,21.24918542939656,21.497093200683594,20.939301137471155,21.497093200683594,212700,0.0,0
2016-07-01,21.47052856658614,21.736142677483564,21.311159424554354,21.41740608215332,185600,0.0,0
2016-07-05,21.240331532168206,21.364284574219255,21.045547939126056,21.24918556213379,142200,0.0,0
2016-07-06,21.16949948137474,21.497091811958022,21.134085052754976,21.346576690673828,140100,0.0,0
2016-07-07,21.320014602658937,21.58562872787414,21.231475998009394,21.346576690673828,109500,0.0,0
2016-07-08,21.523649860272354,21.762703560094938,21.452819322036024,21.603334426879883,320200,0.0,0
2016-07-11,21.77156066157599,22.063736884133913,21.736144543092134,22.0106143951416,264800,0.0,0
2016-07-12,22.231956792427955,22.38247189633115,22.046025575261307,22.320493698120117,244600,0.0,0
2016-07-13,22.382474497462855,22.435596984798316,22.18768922934379,22.28508186340332,202100,0.0,0
2016-07-14,22.435597220548576,22.48871970844224,22.20539752136477,22.26737403869629,302100,0.0,0
2016-07-15,22.400182371241897,22.453306550877244,22.13456822799932,22.42674446105957,191400,0.0,0
2016-07-18,22.34705750543784,22.497572620941792,22.196542389933885,22.22310447692871,150400,0.0,0
2016-07-19,22.249665392147236,22.391328170677717,22.063735845063583,22.072589874267578,107300,0.0,0
2016-07-20,22.22310415470612,22.568402836965408,22.090297099124346,22.471010208129883,253200,0.0,0
2016-07-21,22.39132840794377,22.417888807103793,21.99290553320927,22.054882049560547,203800,0.0,0
2016-07-22,22.028319180507797,22.639233670525556,21.895512123216985,22.57725715637207,300600,0.0,0
2016-07-25,22.577259119806374,22.71006618864677,22.4178899617045,22.462160110473633,125800,0.0,0
2016-07-26,22.462160171499622,22.736628339679925,22.382475592232193,22.568405151367188,210500,0.0,0
2016-07-27,22.612669872727512,22.692352744135825,22.43559269713924,22.674646377563477,179100,0.0,0
2016-07-28,22.718922695848608,22.718922695848608,21.612194186936524,22.311647415161133,558900,0.0,0
2016-07-29,22.311644702750122,22.66579744480115,22.240814154339915,22.355913162231445,461800,0.0,0
2016-08-01,22.42674680153706,23.09078391767661,22.249669561739694,22.63038444519043,532300,0.0,0
2016-08-02,22.594969643245236,22.594969643245236,22.258523230845096,22.311647415161133,477600,0.0,0
2016-08-03,22.338204868737954,22.479865964073106,22.178835714302547,22.373620986938477,256500,0.0,0
2016-08-04,22.435597858038754,22.58611298529211,22.311644819853694,22.34705924987793,314000,0.0,0
2016-08-05,22.453305277004638,22.772041893065722,22.35591264193221,22.506427764892578,262900,0.0,0
2016-08-08,22.444450847977357,22.665796513758725,22.391328361035182,22.648088455200195,157300,0.0,0
2016-08-09,22.69235864727902,22.807459347973385,22.550697545450216,22.772043228149414,194400,0.0,0
2016-08-10,22.754335575733542,22.834020152117105,22.338204634900833,22.391328811645508,136200,0.0,0
2016-08-11,22.417887491345038,22.594964689441387,22.417887491345038,22.488718032836914,147500,0.0,0
2016-08-12,22.409035931950672,22.5861131495602,22.311644982125586,22.462160110473633,118900,0.0,0
2016-08-15,22.479868559943,22.603823299225066,22.4356000958139,22.559553146362305,118800,0.0,0
2016-08-16,22.497573737880092,22.497573737880092,22.249665979820584,22.26737403869629,103300,0.0,0
2016-08-17,22.25851622849283,22.3204927352972,22.08144073601365,22.152271270751953,130200,0.0,0
2016-08-18,22.178835199998975,22.46215907283276,22.010613708647778,22.28508186340332,178100,0.0,0
2016-08-19,22.2673735249436,22.798603457824044,22.187688950574863,22.65694236755371,210700,0.0,0
2016-08-22,22.648090990032003,22.780898066618246,22.453307390287755,22.72777557373047,150300,0.0,0
2016-08-23,22.83402032716522,23.01109585147127,22.825166297639896,22.966827392578125,148600,0.0,0
2016-08-24,22.904850073874485,23.073071562774146,22.780895353586935,23.01109504699707,176700,0.0,0
2016-08-25,22.966827223205243,23.14390274620542,22.851726528958352,23.09078025817871,128000,0.0,0
2016-08-26,23.108488950175715,23.382957116022023,22.9402657632935,23.17046546936035,187200,0.0,0
2016-08-29,23.250152436519794,23.28556687023491,22.984536584354935,23.135051727294922,240500,0.0,0
2016-08-30,23.18817083731308,23.453784942626953,23.11734029664716,23.453784942626953,106400,0.0,0
2016-08-31,23.48920331960857,23.59544829647342,23.338688195105483,23.42722511291504,258200,0.0,0
2016-09-01,23.453786614941496,23.50690910204538,23.04651139925603,23.232440948486328,306200,0.0,0
2016-09-02,23.409518157143832,23.6928403400091,23.223586919180114,23.232440948486328,228700,0.0,0
2016-09-06,23.25014801706546,23.338686617624074,23.064216787019028,23.179317474365234,120500,0.0,0
2016-09-07,23.18817099473282,23.42722301564486,23.05536394117428,23.329832077026367,471500,0.0,0
2016-09-08,23.32097866682167,23.46263975287242,22.913701777875747,22.93140983581543,186400,0.0,0
2016-09-09,22.789749887442394,22.90485058106287,22.152274968390895,22.161128997802734,216100,0.0,0
2016-09-12,22.099150905750143,22.40018115236951,21.789268318406783,22.391328811645508,311400,0.0,0
2016-09-13,22.177567357549886,22.24882051914711,21.72332781531409,21.919275283813477,185400,0.15,0
2016-09-14,21.954900987968184,22.035061007016775,21.563007750265,21.607542037963867,156500,0.0,0
2016-09-15,21.56300486506103,21.812391746377756,21.465032842851254,21.62535285949707,368500,0.0,0
2016-09-16,21.61645313659775,21.72333205042567,21.38487989155766,21.50066566467285,375400,0.0,0
2016-09-19,21.53628841720908,21.883647359806215,21.473942114569525,21.598634719848633,257100,0.0,0
2016-09-20,21.02861201697522,21.10877204413801,19.835120166784254,19.852933883666992,742100,0.0,0
2016-09-21,19.870744823378804,20.129038607732628,19.74605220958562,19.950904846191406,569100,0.0,0
2016-09-22,19.861838654710102,20.440772550405786,19.763866611390895,20.431865692138672,533100,0.0,0
2016-09-23,20.324987197313977,20.431867808782126,19.968721323769632,20.1646671295166,369900,0.0,0
2016-09-26,19.95090455837001,20.262637787165207,19.915278825861392,20.1379451751709,267800,0.0,0
2016-09-27,20.146851233883652,20.35170385940874,20.02215692802587,20.20029067993164,199100,0.0,0
2016-09-28,20.262641234028028,20.538747078473335,20.164667480046585,20.52093505859375,394200,0.0,0
2016-09-29,20.57437075714947,20.62781020464488,20.351704410640945,20.48530387878418,446700,0.0,0
2016-09-30,20.04887728805283,20.583276839299256,20.039970430670966,20.351703643798828,1464300,0.0,0
2016-10-03,20.173572293508617,20.24482546223004,19.43432003097029,19.852933883666992,1520100,0.0,0
2016-10-04,19.84402426097887,20.164662626155987,19.763864244982262,19.799489974975586,994000,0.0,0
2016-10-05,19.888556402918603,19.933088989115607,19.559009489109236,19.594636917114258,837500,0.0,0
2016-10-06,19.514478582790577,20.039971299436097,19.389785971657542,19.746051788330078,887000,0.0,0
2016-10-07,19.790583987707496,19.87965086481986,19.17602610313187,19.193838119506836,444400,0.0,0
2016-10-10,19.229465427668668,19.487757500962715,18.98898537063639,19.113677978515625,492900,0.0,0
2016-10-11,19.01570864910863,19.069148103116913,18.508029589005865,18.579282760620117,265000,0.0,0
2016-10-12,18.650534708334806,18.650534708334806,18.427868349301043,18.43677520751953,424100,0.0,0
2016-10-13,18.3120836662904,18.508031179172153,18.14285843092312,18.338804244995117,310400,0.0,0
2016-10-14,18.418965661943297,18.53475144738365,18.160671811546525,18.36552619934082,300200,0.0,0
2016-10-17,18.34770603022808,18.632718662348164,18.320985458913338,18.39223861694336,239400,0.0,0
2016-10-18,18.623816955939752,18.63272381550799,18.329897385426875,18.338804244995117,386500,0.0,0
2016-10-19,18.43677568615252,18.77522781319414,18.231921339428055,18.606000900268555,286000,0.0,0
2016-10-20,18.552559112016958,18.632719129160172,18.17847959828508,18.401145935058594,308000,0.0,0
2016-10-21,20.057785678607196,21.295810069559263,19.75495929971382,20.111225128173828,1546300,0.0,0
2016-10-24,20.173574235073854,20.681253323425732,20.173574235073854,20.44077491760254,670600,0.0,0
2016-10-25,20.30717289602114,20.467492959216564,19.799493828442056,19.915281295776367,451200,0.0,0
2016-10-26,19.852932793578365,20.08450430510065,19.621359583246626,19.639171600341797,462600,0.0,0
2016-10-27,19.7015195641968,19.7015195641968,19.122585690191357,19.1671199798584,268400,0.0,0
2016-10-28,19.202743927973195,19.371970815360182,19.14039762704359,19.247278213500977,260800,0.0,0
2016-10-31,19.318530636983862,19.487755819127077,18.988983731845867,19.273996353149414,357900,0.0,0
2016-11-01,19.282905721651492,19.309626295432704,18.810854143182883,18.85538673400879,329000,0.0,0
2016-11-02,18.810854105444218,19.19383880268322,18.775226673807413,19.051332473754883,371900,0.0,0
2016-11-03,19.12258621650422,19.19383938312315,19.01570731598057,19.140399932861328,283000,0.0,0
2016-11-04,19.52338489329642,19.977624433874595,19.158212229092086,19.46103858947754,354800,0.0,0
2016-11-07,19.826211437758936,20.0399709237552,19.73714456055815,20.01325035095215,246300,0.0,0
2016-11-08,20.004340800629155,20.129035091449303,19.85292933822104,19.879648208618164,240900,0.0,0
2016-11-09,19.62136221776783,20.707973551705177,19.39869583549143,20.672346115112305,295000,0.0,0
2016-11-10,20.89500762592134,21.0998619409512,20.583276122459285,21.03751564025879,331300,0.0,0
2016-11-11,21.117675066132545,21.901461541538914,21.02860988835355,21.607542037963867,560500,0.0,0
2016-11-14,21.92818441427265,22.37351714511742,21.767864359359006,22.008342742919922,451100,0.0,0
2016-11-15,21.91927616639137,22.168661392618432,21.571915503160266,22.13303565979004,333900,0.0,0
2016-11-16,22.124127881098335,22.33788736560057,21.981621558096844,22.11522102355957,261800,0.0,0
2016-11-17,22.177566503415623,22.524927139282227,22.141940773393767,22.524927139282227,200800,0.0,0
2016-11-18,22.587274304664586,22.943540112553272,22.542740016922643,22.934633255004883,250200,0.0,0
2016-11-21,23.01479287081625,23.077139173753032,22.765405960259777,23.041513442993164,187600,0.0,0
2016-11-22,23.15730159204752,23.531381147256052,22.943542088901147,23.52247428894043,205700,0.0,0
2016-11-23,23.54028502487645,23.834204516837513,23.379964993114175,23.77185821533203,183400,0.0,0
2016-11-25,23.736232809173046,23.887645996649585,23.63826076937725,23.852020263671875,86600,0.0,0
2016-11-28,23.736229332928772,24.01233509360494,23.736229332928772,23.976709365844727,278300,0.0,0
2016-11-29,24.04796159379756,24.31516048753832,23.85201585164161,23.958894729614258,596100,0.0,0
2016-11-30,24.19938277554563,24.19938277554563,23.486851023487816,23.611543655395508,478200,0.0,0
2016-12-01,23.718419352886638,24.172658920288086,23.522473572340893,24.172658920288086,420000,0.0,0
2016-12-02,24.18156317666125,24.18156317666125,23.664977357338287,23.807483673095703,377700,0.0,0
2016-12-05,24.047967153539005,24.190473489655215,23.762954481306586,23.91436767578125,319100,0.0,0
2016-12-06,24.047961398701677,24.208281413169146,23.80748137700047,24.110307693481445,419500,0.0,0
2016-12-07,23.82530056270313,24.226100690945305,23.82530056270313,24.065780639648438,519600,0.0,0
2016-12-08,24.08359322889402,24.54673794575011,24.030152081756853,24.511112213134766,480600,0.0,0
2016-12-09,24.573455825730417,24.573455825730417,24.0835905890017,24.37751007080078,417000,0.0,0
2016-12-12,24.36860261247819,24.564548362571678,24.16374830691544,24.48438835144043,315400,0.0,0
2016-12-13,24.59126909160399,24.715961688032774,23.81638954525988,23.82529640197754,342500,0.0,0
2016-12-14,23.88799983128242,24.308972590412427,23.88799983128242,24.085050582885742,355300,0.15,0
2016-12-15,24.20148924326026,24.32688501177388,24.00443679743689,24.076091766357422,488000,0.0,0
2016-12-16,24.21044706327042,24.488109862722297,24.156704553655782,24.30001449584961,479600,0.0,0
2016-12-19,24.291057433973425,24.64037518028632,24.19253121490501,24.550806045532227,310100,0.0,0
2016-12-20,24.703073631904914,24.891168990066078,24.63141866412666,24.7836856842041,158600,0.0,0
2016-12-21,24.64037580410093,25.437537535976688,24.54184958253815,25.294227600097656,305500,0.0,0
2016-12-22,25.168834975573624,25.39275699188942,24.783688834168146,24.98073959350586,395800,0.0,0
2016-12-23,25.088221123836146,25.168833180632053,24.855342038469,25.061349868774414,184700,0.0,0
2016-12-27,25.186746526788816,25.35692601144518,24.747857917083472,25.267356872558594,150200,0.0,0
2016-12-28,25.356924599423355,25.437536649093406,24.909080638318226,24.98969268798828,299900,0.0,0
2016-12-29,25.07926321844707,25.36588309617276,25.007608249015647,25.267356872558594,162400,0.0,0
2016-12-30,25.276313946306086,25.321099369924536,24.96282452292306,25.016565322875977,137200,0.0,0
2017-01-03,25.24048911638052,25.374841980041747,24.703075953346264,24.935955047607422,347400,0.0,0
2017-01-04,25.088216920941996,25.267353466175894,24.97177654357041,25.1688289642334,311300,0.0,0
2017-01-05,25.240487719236437,25.303185604915186,24.622462530537305,24.909082412719727,354200,0.0,0
2017-01-06,24.900121184713495,25.10613068559472,24.488105599728986,24.49706268310547,224000,0.0,0
2017-01-09,24.443328618588154,24.52393897438436,23.932784975949236,24.022354125976562,534500,0.0,0
2017-01-10,24.147747496487572,24.72098897431131,23.861127611770335,24.559764862060547,425600,0.0,0
2017-01-11,24.49706675225774,24.783686634359174,24.45228132793611,24.65829086303711,278100,0.0,0
2017-01-12,24.54185278537186,24.59559359124264,23.780517583913234,24.040267944335938,216400,0.0,0
2017-01-13,24.156702269339018,24.488107547067038,23.914867832498686,24.407495498657227,156700,0.0,0
2017-01-17,24.219402180097248,24.425409991711675,24.102961793783614,24.138790130615234,238500,0.0,0
2017-01-18,24.219400892408895,24.425408693070374,23.941736421893992,24.2820987701416,192100,0.0,0
2017-01-19,24.273142475009482,24.335840354779155,23.547635753063275,23.72677230834961,209000,0.0,0
2017-01-20,23.717817338089745,24.058179727728778,23.699903168447847,23.977567672729492,190400,0.0,0
2017-01-23,23.968613696347933,23.995484954295655,23.6192958849749,23.75364875793457,145500,0.0,0
2017-01-24,23.744687139647578,24.201488187229412,23.744687139647578,24.129833221435547,190000,0.0,0
2017-01-25,24.38062758196418,24.613506674965606,24.255231804343925,24.34480094909668,151600,0.0,0
2017-01-26,24.237313738719777,24.24627082259456,23.950693888282945,24.17461585998535,156600,0.0,0
2017-01-27,24.21044535751055,24.21044535751055,23.79842802144025,23.950695037841797,243500,0.0,0
2017-01-30,23.798430674404177,23.798430674404177,23.359543744883396,23.574508666992188,227300,0.0,0
2017-01-31,23.57450530625503,23.646160270076297,23.207273403122404,23.386411666870117,387900,0.0,0
2017-02-01,23.520765241551256,24.094004969938645,23.332669887930926,23.950695037841797,904000,0.0,0
2017-02-02,23.89695352848321,24.040263456310676,23.44015249288724,23.637203216552734,395100,0.0,0
2017-02-03,23.762601331193785,24.488108074107572,23.70885882550451,24.380624771118164,251000,0.0,0
2017-02-06,24.282100524469527,24.282100524469527,23.583463318425,23.601377487182617,251900,0.0,0
2017-02-07,23.601377751693885,23.735730602103427,23.35058451144401,23.41328239440918,158800,0.0,0
2017-02-08,23.3684963255358,23.547634580289373,22.875868687546998,23.26101303100586,210100,0.0,0
2017-02-09,23.341627208651126,23.538679648571996,22.92065449240146,23.511808395385742,260200,0.0,0
2017-02-10,23.502846716588273,24.416448645657493,23.502846716588273,24.2373104095459,358500,0.0,0
2017-02-13,23.51180731344644,23.51180731344644,20.618735814033837,20.80682945251465,2494800,0.0,0
2017-02-14,20.806832063334056,20.959099093377294,20.511255088354748,20.520212173461914,737100,0.0,0
2017-02-15,20.412729567789526,20.699349443604078,20.206720037207255,20.484384536743164,482400,0.0,0
2017-02-16,20.421682943688097,20.582907035138582,20.260460560626658,20.31420135498047,396200,0.0,0
2017-02-17,20.251505506712324,20.439599159998448,20.15297928353051,20.39481544494629,368000,0.0,0
2017-02-21,20.21567640690489,20.547081694337876,20.21567640690489,20.511253356933594,326200,0.0,0
2017-02-22,20.53812096410075,20.72621457691576,20.376896891179964,20.50229263305664,593700,0.0,0
2017-02-23,20.556038934763276,20.609779732888576,20.233590729233132,20.25150489807129,406500,0.0,0
2017-02-24,20.108196258544922,20.24254911670129,19.902186720423256,20.108196258544922,423200,0.0,0
2017-02-27,20.135065759444853,20.600823927826532,20.090282042957462,20.448556900024414,432000,0.0,0
2017-02-28,20.43064282723718,20.43064282723718,19.92905802495802,20.018627166748047,350000,0.0,0
2017-03-01,20.03654051800979,20.38585827748815,19.84844515709814,20.224634170532227,474300,0.0,0
2017-03-02,20.215676449792518,20.51125340044829,20.081323601019744,20.42168426513672,424900,0.0,0
2017-03-03,20.323158438770946,20.70830449981621,20.000710255869972,20.31420135498047,531700,0.0,0
2017-03-06,20.278377003847304,20.41273157871163,20.12610996627187,20.305248260498047,554400,0.0,0
2017-03-07,20.188807190301066,20.341072501576047,20.099238053724054,20.2425479888916,383100,0.0,0
2017-03-08,20.26941548524305,20.323157986790697,20.081321854993323,20.16193389892578,514600,0.0,0
2017-03-09,20.099240485947618,20.16193837662189,19.7947064097674,19.964887619018555,482200,0.0,0
2017-03-10,20.063409889579948,20.24254816428614,20.018626175097996,20.233591079711914,625300,0.0,0
2017-03-13,20.23358584310346,20.64835548400879,20.008167111357057,20.64835548400879,722800,0.15,0
2017-03-14,20.468025390163803,20.783610298272038,20.2967066401845,20.72049331665039,344700,0.0,0
2017-03-15,20.80164940198169,21.081168270236454,20.648364528459556,21.000019073486328,557700,0.0,0
2017-03-16,21.027066061922756,21.063133896585615,20.846732048035502,20.873781204223633,393500,0.0,0
2017-03-17,21.03607971287566,21.31559850832523,20.90984575102271,21.27051544189453,1012700,0.0,0
2017-03-20,21.189363739391574,21.234446804105108,20.44999047131411,20.603275299072266,764100,0.0,0
2017-03-21,20.684427896817983,20.684427896817983,20.233590333276755,20.495075225830078,519600,0.0,0
2017-03-22,20.449992449149477,20.747545176539372,20.40490766026686,20.729511260986328,516500,0.0,0
2017-03-23,20.846729596995964,21.49593506631642,20.801644808968202,21.18936538696289,469600,0.0,0
2017-03-24,21.22543300682089,21.261499117076497,20.89181245796034,21.08116340637207,408400,0.0,0
2017-03-27,20.855748273160618,20.991000939733425,20.612297256909578,20.936899185180664,327800,0.0,0
2017-03-28,20.873777764397797,21.171330472096102,20.6844268230483,21.12624740600586,466600,0.0,0
2017-03-29,21.036077844102067,21.333630527613845,20.990994781676395,21.324613571166992,408700,0.0,0
2017-03-30,21.306582483885666,21.387733382860727,21.1713315588635,21.31559944152832,438300,0.0,0
2017-03-31,21.351670302727076,21.595123034207624,21.225436317430077,21.468887329101562,400700,0.0,0
2017-04-03,21.486919117241545,21.486919117241545,21.20740029758491,21.252483367919922,327000,0.0,0
2017-04-04,21.270519061580003,21.288552979144683,20.94591542465195,21.162317276000977,518600,0.0,0
2017-04-05,21.261504022548092,21.49593981262954,21.000019073486328,21.000019073486328,524300,0.0,0
2017-04-06,21.009029815672267,21.315599497086268,20.945912831818003,21.27953338623047,478600,0.0,0
2017-04-07,21.27051629641439,21.378716348118385,21.171331482511718,21.243465423583984,407200,0.0,0
2017-04-10,21.261500472065176,21.532002335552015,21.19838348523884,21.396751403808594,271300,0.0,0
2017-04-11,21.35166591678758,21.784469537309537,21.24346415175274,21.766435623168945,233000,0.0,0
2017-04-12,21.712339188363547,21.712339188363547,21.36068640355746,21.441837310791016,258800,0.0,0
2017-04-13,21.369703956301265,21.52298881647018,21.189368219699357,21.234451293945312,574200,0.0,0
2017-04-17,21.243467395361716,21.46888619711159,21.144284292061872,21.26150131225586,585800,0.0,0
2017-04-18,21.189366869092414,21.856606300295272,21.189366869092414,21.649221420288086,678800,0.0,0
2017-04-19,21.64922609722746,21.982845024996998,21.541024294826148,21.622175216674805,281600,0.0,0
2017-04-20,21.64020913704324,21.973829784622083,21.477907293345925,21.622175216674805,344100,0.0,0
2017-04-21,21.58610881408115,21.58610881408115,21.036086288685954,21.20740509033203,696100,0.0,0
2017-04-24,21.532002466438406,21.712338189731774,21.288551475743947,21.432819366455078,474700,0.0,0
2017-04-25,21.513970628169876,21.64922156298741,20.49507669827263,20.90083122253418,1047800,0.0,0
2017-04-26,20.90984389346331,21.3426474840607,20.846726918143933,21.324613571166992,607900,0.0,0
2017-04-27,21.414787806486242,21.919725479534737,21.414787806486242,21.88365936279297,527300,0.0,0
2017-04-28,21.820539060181325,21.901689960307486,21.604135513305664,21.604135513305664,471000,0.0,0
2017-05-01,21.586100407775373,21.82955135552792,21.432815585956337,21.541015625,402600,0.0,0
2017-05-02,21.64020487875259,22.0639916051636,21.64020487875259,22.027925491333008,447600,0.0,0
2017-05-03,21.910702244714972,22.036937916677395,21.477898648923095,21.541015625,366500,0.0,0
2017-05-04,21.66725498710434,21.865622905674094,21.279534388246674,21.396751403808594,484200,0.0,0
2017-05-05,21.477903425223158,21.51397125946429,21.171333713409492,21.441837310791016,529000,0.0,0
2017-05-08,21.486916523120573,21.820537050671803,21.450850415168613,21.531999588012695,541000,0.0,0
2017-05-09,21.649224993235915,21.721358951221916,21.333638282118695,21.4147891998291,359700,0.0,0
2017-05-10,21.41478650892128,21.65823923146107,21.27953556966884,21.568071365356445,371100,0.0,0
2017-05-11,21.541018268725583,21.595120014695926,21.018046763007376,21.225433349609375,322200,0.0,0
2017-05-12,21.144279748838848,21.144279748838848,20.55818961437384,20.666391372680664,353200,0.0,0
2017-05-15,20.756562293851932,21.216416825136026,20.675411393048336,20.927879333496094,382800,0.0,0
2017-05-16,20.945913011600233,21.00902999599624,20.59426025864598,20.657377243041992,283100,0.0,0
2017-05-17,20.45900987841742,20.61229472453318,20.134406270217244,20.287691116333008,252700,0.0,0
2017-05-18,20.251626848004417,20.36884560261834,19.99915885925293,19.99915885925293,370400,0.0,0
2017-05-19,20.017188336868752,20.41392415110803,19.89996960826398,20.24260711669922,337500,0.0,0
2017-05-22,20.296711952646216,20.48606294707189,20.215561035089724,20.305728912353516,145400,0.0,0
2017-05-23,20.37785781680281,20.513108739253713,20.026203354659913,20.080305099487305,290800,0.0,0
2017-05-24,20.071286487202304,20.35080526652991,19.927018619174596,20.29670524597168,450300,0.0,0
2017-05-25,20.341792197536627,20.53114488539259,20.215558218838638,20.314743041992188,256700,0.0,0
2017-05-26,20.125390381710517,20.152441257100996,19.4942187675468,19.530284881591797,462200,0.0,0
2017-05-30,19.440117149971787,19.701603787777888,19.42208495273022,19.620452880859375,295500,0.0,0
2017-05-31,19.656516784454524,19.656516784454524,19.11551309225446,19.386014938354492,451900,0.0,0
2017-06-01,19.34995152861382,20.026208018156765,19.32290236970998,19.99915885925293,682100,0.0,0
2017-06-02,20.03522138759984,20.720494713919102,20.03522138759984,20.269657135009766,448600,0.0,0
2017-06-05,20.296704432448298,20.296704432448298,19.710616027100983,19.7376651763916,381700,0.0,0
2017-06-06,19.539298630835127,19.539298630835127,19.124527208683215,19.286828994750977,506800,0.0,0
2017-06-07,19.30486494887523,19.52126677989893,19.259781879006955,19.322898864746094,388700,0.0,0
2017-06-08,19.38601607966029,19.764719718380892,19.232731232563644,19.593400955200195,452200,0.0,0
2017-06-09,19.376993818431274,19.611429503935792,19.061407252567175,19.151575088500977,483700,0.0,0
2017-06-12,19.178631131991967,19.67455178377602,19.178631131991967,19.52126693725586,467300,0.0,0
2017-06-13,19.557589420312958,19.612066898050355,19.24888082678805,19.566667556762695,531800,0.15,0
2017-06-14,19.593905836346856,19.71194065209617,19.312436866631042,19.4667911529541,473300,0.0,0
2017-06-15,19.33059266020776,19.412307988720723,18.876609761453878,18.89476776123047,385300,0.0,0
2017-06-16,18.758579718163414,19.058208465576172,18.604225409992726,19.058208465576172,822000,0.0,0
2017-06-19,19.230716644434136,19.239796510592548,18.885688657644135,19.02188491821289,264700,0.0,0
2017-06-20,19.030964563910903,19.05820416454937,18.5588236088302,18.586061477661133,196600,0.0,0
2017-06-21,18.631459469843698,18.73133453470799,18.422627742082334,18.48618507385254,436000,0.0,0
2017-06-22,18.18655916927273,18.21379704026553,17.541902424122977,17.886930465698242,1162300,0.0,0
2017-06-23,17.977724075317386,18.29551248576041,17.805211801717395,17.977724075317383,486900,0.0,0
2017-06-26,18.032203763297346,18.268275110810674,17.941406824744902,18.06852149963379,271500,0.0,0
2017-06-27,18.06852044112653,18.386308841539318,17.923246040676247,18.23195457458496,361800,0.0,0
2017-06-28,18.340911069754466,18.422628135721478,18.168397071401056,18.386308670043945,344900,0.0,0
2017-06-29,18.43170511185231,18.486184306944452,18.23195325860312,18.359067916870117,289200,0.0,0
2017-06-30,18.377229735864464,18.53158400920919,18.186557726807322,18.204715728759766,242600,0.0,0
2017-07-03,18.26827272199788,18.43170511185231,18.186555661167,18.359067916870117,132800,0.0,0
2017-07-05,18.359071458252696,18.39539092865332,17.61453963311656,17.886930465698242,397700,0.0,0
2017-07-06,17.968647930994443,17.986805934779888,17.569142406983698,17.578222274780273,422100,0.0,0
2017-07-07,17.62361840571513,18.08668123370579,17.61453853867913,18.06852149963379,255500,0.0,0
2017-07-10,18.01404015174327,18.01404015174327,17.687171936035156,17.687171936035156,294400,0.0,0
2017-07-11,17.696256066103185,17.7779731397249,17.478344447047814,17.569141387939453,404000,0.0,0
2017-07-12,17.659938494669227,17.995884927773158,17.659938494669227,17.796133041381836,198500,0.0,0
2017-07-13,17.787053844616633,17.805213580011657,17.550982479904423,17.732576370239258,116700,0.0,0
2017-07-14,17.705336767146726,17.86877092208654,17.61453982197931,17.732576370239258,142400,0.0,0
2017-07-17,17.71441305211083,17.923244771494375,17.65085572289039,17.787050247192383,183400,0.0,0
2017-07-18,17.759814110250552,17.78705371314174,17.469265273308586,17.71441650390625,166400,0.0,0
2017-07-19,17.723496371536644,17.932328131612724,17.64177929467076,17.71441650390625,422100,0.0,0
2017-07-20,17.768893307760862,17.905087853465133,17.632698762056595,17.777973175048828,192000,0.0,0
2017-07-21,17.88693080709216,17.977726021211325,17.51466488741894,17.59638023376465,248200,0.0,0
2017-07-24,17.578220990940533,17.614538727666627,17.3512295080278,17.532821655273438,305600,0.0,0
2017-07-25,17.57821992824117,17.82336939879254,17.296749259544363,17.69625473022461,521000,0.0,0
2017-07-26,17.705333511550705,17.741652975662447,17.396624993830358,17.478342056274414,316100,0.0,0
2017-07-27,17.460185725232513,17.69625709252033,17.396628382464197,17.578222274780273,339400,0.0,0
2017-07-28,15.89848339371223,17.060680389404297,15.044994947941376,17.060680389404297,1796200,0.0,0
2017-07-31,16.797370962351934,17.69625709252033,16.6702562768153,17.578222274780273,701100,0.0,0
2017-08-01,17.57821878574331,17.75981091020812,17.224110939193316,17.26951026916504,728600,0.0,0
2017-08-02,17.287672914715973,17.360310123105215,16.860927800097482,16.9154052734375,381100,0.0,0
2017-08-03,16.924483178884437,17.033439844740634,16.68841184603555,16.706571578979492,368500,0.0,0
2017-08-04,16.724730170195105,16.888164291918702,16.615773511776926,16.83368682861328,274900,0.0,0
2017-08-07,16.79736953724883,16.888166475703578,16.624855527365565,16.715652465820312,367000,0.0,0
2017-08-08,16.688411156623726,16.997119676687927,16.65209342404361,16.942642211914062,291300,0.0,0
2017-08-09,16.824609048532157,16.888166385568997,16.54313836764393,16.67933464050293,220300,0.0,0
2017-08-10,16.59761467203373,16.733809189309447,16.488658019128803,16.497737884521484,265300,0.0,0
2017-08-11,16.316150452024637,16.58854132542451,16.198115619150244,16.470504760742188,200800,0.0,0
2017-08-14,16.588536778458774,16.78828864541978,16.570377045514835,16.706571578979492,392800,0.0,0
2017-08-15,16.69749237606503,16.733811843396246,16.234429558437135,16.261669158935547,263600,0.0,0
2017-08-16,16.30706646119109,16.98804087485167,16.25258899300434,16.77920913696289,435000,0.0,0
2017-08-17,16.76105060717725,16.94264448991595,16.615776193709333,16.633935928344727,399500,0.0,0
2017-08-18,16.497739566322068,16.63393409748163,16.325225569889326,16.443262100219727,379700,0.0,0
2017-08-21,16.41602303060312,16.715651701538725,16.288908361663008,16.36154556274414,436200,0.0,0
2017-08-22,16.38878409779273,16.425103565715233,16.234429822737177,16.297988891601562,228000,0.0,0
2017-08-23,16.198111822913436,16.425103298310983,16.125474620058522,16.261669158935547,295200,0.0,0
2017-08-24,16.343388124295263,16.452344807119292,15.998361803666647,16.052839279174805,241900,0.0,0
2017-08-25,16.09823532878792,16.2979889393316,15.971120654301979,16.12547492980957,224600,0.0,0
2017-08-28,16.216272078644614,16.72473251499835,16.18903247726925,16.561298370361328,548200,0.0,0
2017-08-29,16.515900099939376,16.534058101649162,16.061917152852153,16.24350929260254,412400,0.0,0
2017-08-30,16.25259331353489,16.38878788611098,16.207195699945512,16.316150665283203,317000,0.0,0
2017-08-31,16.370624500835927,16.579456225623595,16.352464768643767,16.388782501220703,201700,0.0,0
2017-09-01,16.497736584936867,16.688408547741528,16.497736584936867,16.62485122680664,215300,0.0,0
2017-09-05,16.597616492762032,16.724731158589318,16.2525884972202,16.307065963745117,261100,0.0,0
2017-09-06,16.36154712010442,16.543139274188206,16.225352571589667,16.288909912109375,132100,0.0,0
2017-09-07,16.297988714789636,16.307066849864228,16.025597903748572,16.07099723815918,125800,0.0,0
2017-09-08,16.070996364867995,16.334305562911297,15.943879967233272,16.307065963745117,253500,0.0,0
2017-09-11,16.39786109700924,16.60669453742641,16.32522390567504,16.497737884521484,162800,0.0,0
2017-09-12,16.54313836764393,16.906326119524536,16.54313836764393,16.67933464050293,175300,0.0,0
2017-09-13,16.670252732687466,16.715650330211016,16.597615537565385,16.66117286682129,161100,0.0,0
2017-09-14,16.66117556666324,16.71610202787568,16.49639443694518,16.706947326660156,250500,0.15,0
2017-09-15,16.75272006625973,16.890038846441538,16.63371243566043,16.816802978515625,393900,0.0,0
2017-09-18,16.81680087604588,16.99988964993013,16.706946214850845,16.752717971801758,349900,0.0,0
2017-09-19,16.871729442939852,16.990737073539155,16.688638900084662,16.816802978515625,177600,0.0,0
2017-09-20,16.789336466904164,17.045662840946875,16.688636508158712,16.935808181762695,279500,0.0,0
2017-09-21,16.890035890865292,17.109743456196547,16.48723781471773,16.990734100341797,276500,0.0,0
2017-09-22,17.0090418822737,17.247058825256,16.972424831242765,17.1829776763916,236900,0.0,0
2017-09-25,17.155515554288325,17.521694837170784,17.155515554288325,17.311141967773438,174400,0.0,0
2017-09-26,17.301986055266074,17.549157708675125,17.219595504129725,17.51253890991211,232000,0.0,0
2017-09-27,17.64986061829856,18.290673989363647,17.329453059725655,18.254056930541992,572400,0.0,0
2017-09-28,18.16251014151416,18.391372414722674,18.06181018255663,18.199127197265625,701500,0.0,0
2017-09-29,18.20828098784696,18.400526195697424,18.19912628784641,18.30898094177246,306000,0.0,0
2017-10-02,18.373063434945774,18.409682237617172,18.08011999789705,18.299827575683594,435000,0.0,0
2017-10-03,18.28151947942569,18.492074117656035,18.18082125705195,18.226593017578125,308500,0.0,0
2017-10-04,18.15335532372986,18.40968169665575,18.15335532372986,18.354753494262695,551900,0.0,0
2017-10-05,18.40052731281473,18.629389588481377,18.208282093292834,18.26321029663086,380000,0.0,0
2017-10-06,18.189975929482053,18.263211793856062,17.961113635053184,18.162511825561523,272800,0.0,0
2017-10-09,18.162511382468654,18.272364303309327,17.970266151876437,17.997730255126953,531600,0.0,0
2017-10-10,18.06180489598987,18.263204754956572,17.9427973170296,18.235740661621094,262500,0.0,0
2017-10-11,18.22659099420098,18.418836208446958,18.18081923875603,18.382217407226562,286100,0.0,0
2017-10-12,18.327291677687143,18.492072797547202,18.13504645582353,18.299827575683594,519600,0.0,0
2017-10-13,18.32729095975295,18.32729095975295,18.034347534179688,18.034347534179688,339800,0.0,0
2017-10-16,18.089271500659322,18.254052591388614,17.951954507078344,18.025190353393555,308100,0.0,0
2017-10-17,18.070965575323516,18.2357466977194,17.979420313316847,18.052656173706055,211100,0.0,0
2017-10-18,18.08011993138926,18.473763328255696,18.08011993138926,18.17166519165039,128100,0.0,0
2017-10-19,18.11673857989065,18.427989668403146,18.11673857989065,18.26321029663086,165500,0.0,0
2017-10-20,18.409682047727664,18.48291790623444,18.2998273869272,18.32729148864746,188500,0.0,0
2017-10-23,18.3547526956947,18.519533803543528,18.22659038784805,18.30898094177246,517100,0.0,0
2017-10-24,21.778530173727727,21.970773604649914,19.993404119917837,20.176494598388672,2743900,0.0,0
2017-10-25,20.28635340363083,20.28635340363083,19.60892122949378,20.0849552154541,871200,0.0,0
2017-10-26,20.213116805256607,20.39620733045608,19.947637464406096,20.16734504699707,533900,0.0,0
2017-10-27,20.130725860595703,20.222271121454053,19.892708880796242,20.130725860595703,423700,0.0,0
2017-10-30,20.1490352695147,20.203961727617994,19.26105025484223,19.27935791015625,388900,0.0,0
2017-10-31,19.416676139796007,19.517376107668223,19.251896755206097,19.425830841064453,359700,0.0,0
2017-11-01,19.499066809892124,19.590612076987732,19.178660994178617,19.20612335205078,272900,0.0,0
2017-11-02,19.17865833007922,19.361747092756907,19.004722521366993,19.224430084228516,230200,0.0,0
2017-11-03,19.12372789187317,19.30681837920542,18.968101501464844,18.968101501464844,188600,0.0,0
2017-11-06,18.958948779936662,19.132884586436035,18.72093356609181,18.748395919799805,313600,0.0,0
2017-11-07,18.785019434533567,18.82163649736189,18.437147734219472,18.51038360595703,269300,0.0,0
2017-11-08,18.50122547500752,18.684315993460796,18.336446103696275,18.546998977661133,304200,0.0,0
2017-11-09,18.45545618523013,18.80332786757251,18.418839124293516,18.556156158447266,193500,0.0,0
2017-11-10,18.510381610363687,18.684317441768812,18.290674018837553,18.318138122558594,322600,0.0,0
2017-11-13,18.162512370390395,18.492074642999828,18.09843120540096,18.107585906982422,267800,0.0,0
2017-11-14,18.080121288597468,18.254057121542278,17.933649559616807,18.226593017578125,434000,0.0,0
2017-11-15,18.0435022652343,18.3456021669465,17.924494641656143,18.18997573852539,377500,0.0,0
2017-11-16,18.208283040201735,18.766707580614625,18.180820683185157,18.720935821533203,311100,0.0,0
2017-11-17,18.62023437010818,19.187811820172367,18.62023437010818,19.169504165649414,448700,0.0,0
2017-11-20,19.013880158834763,19.196968949797522,18.82163492033098,18.958951950073242,308200,0.0,0
2017-11-21,18.995569643459312,19.151196067007987,18.904024380298797,19.096269607543945,174500,0.0,0
2017-11-22,19.160349346376115,19.32513045862337,18.876560623106137,18.885713577270508,122400,0.0,0
2017-11-24,18.968104366864402,19.05964962435973,18.84909675437687,19.013877868652344,106900,0.0,0
2017-11-27,19.013879393967567,19.297668143496438,18.968105888507623,18.97726058959961,186100,0.0,0
2017-11-28,19.013880293412342,19.434986087079913,18.986416188837197,19.37090492248535,191900,0.0,0
2017-11-29,19.416675473374198,20.185652892723734,19.361749013729423,20.139881134033203,281900,0.0,0
2017-11-30,20.231425139491,20.42366860933422,19.673000638570212,19.9293270111084,392600,0.0,0
2017-12-01,19.88355328340549,19.88355328340549,18.977258908548666,19.453292846679688,304100,0.0,0
2017-12-04,19.801165056195366,19.91101972640971,19.398368672931195,19.489913940429688,305100,0.0,0
2017-12-05,19.51737485630647,19.51737485630647,19.132886158086823,19.21527671813965,170700,0.0,0
2017-12-06,19.132888195661867,19.42583166434449,19.03218996960272,19.05965232849121,149900,0.0,0
2017-12-07,19.004725208286672,19.160351638909702,18.821634673642844,18.858253479003906,166300,0.0,0
2017-12-08,18.95895148021421,19.03218909008119,18.57446450489691,18.73008918762207,173500,0.0,0
2017-12-11,18.71177886616232,18.894867626510706,18.565307159451418,18.748395919799805,325500,0.0,0
2017-12-12,18.775858775645922,19.352590864350244,18.775858775645922,19.26104736328125,280600,0.0,0
2017-12-13,19.407520185831142,20.158188113046343,19.407520185831142,19.563146591186523,546400,0.0,0
2017-12-14,19.60924069545559,19.65533599649032,18.705759431159983,18.78873062133789,348200,0.15,0
2017-12-15,18.954677598054936,19.553925337750115,18.890143469561735,19.360322952270508,537100,0.0,0
2017-12-18,19.5262701989763,19.99644971395265,19.5262701989763,19.98723030090332,198400,0.0,0
2017-12-19,20.088639453937088,20.116295931038184,19.82128178580642,19.978008270263672,166400,0.0,0
2017-12-20,20.05176334949643,20.254585150344063,19.793625073344145,20.125516891479492,249500,0.0,0
2017-12-21,20.19927010602573,20.54960074358365,20.024104787246767,20.374435424804688,267700,0.0,0
2017-12-22,20.43896924969588,20.43896924969588,20.171611569296726,20.319120407104492,187500,0.0,0
2017-12-26,21.17650642035308,21.45308353618263,20.853835756186797,21.02899932861328,423900,0.0,0
2017-12-27,21.268699317484376,21.268699317484376,20.743205070382416,21.11197280883789,333300,0.0,0
2017-12-28,21.1488473998769,21.416203312139487,20.955243266204036,21.22260093688965,413900,0.0,0
2017-12-29,21.250262653948194,21.453086249560897,21.102755543551755,21.241044998168945,346800,0.0,0
2018-01-02,21.388550322440125,21.646686864865575,21.10275378129293,21.47152328491211,674300,0.0,0
2018-01-03,21.526835155440185,21.591369282497755,21.028997446556506,21.434642791748047,420200,0.0,0
2018-01-04,21.536055958161434,21.536055958161434,21.176505892389493,21.35167121887207,323800,0.0,0
2018-01-05,21.40698552591087,21.56371202376805,21.259478440683306,21.39776611328125,243800,0.0,0
2018-01-08,21.36088937186404,21.70200059190447,21.250258183130548,21.563711166381836,371500,0.0,0
2018-01-09,21.591369676535642,21.591369676535642,20.835395445625313,20.98290252685547,463000,0.0,0
2018-01-10,20.973683114475698,21.15806784522495,20.743203080250687,20.98290252685547,271700,0.0,0
2018-01-11,21.019782969808254,21.526840209960934,20.863056442259026,21.526840209960938,283800,0.0,0
2018-01-12,21.526838790915917,21.72044120478441,21.416207584117224,21.508399963378906,166000,0.0,0
2018-01-16,21.591369930101305,21.98779587497158,21.489958151155943,21.646684646606445,325800,0.0,0
2018-01-17,21.720441135436957,21.914045307110705,21.62824875646962,21.812633514404297,219100,0.0,0
2018-01-18,21.803411705467212,21.978577030420155,21.406985750353105,21.425424575805664,171700,0.0,0
2018-01-19,21.379330878873915,21.57293328542013,21.130411991808806,21.3701114654541,334900,0.0,0
2018-01-22,21.3701114654541,21.480740909645277,21.139631405228624,21.3701114654541,151900,0.0,0
2018-01-23,21.305575503831395,21.536055544302357,21.084314875990046,21.39776611328125,128300,0.0,0
2018-01-24,21.471524066728257,21.6190311701776,21.42542699788573,21.508399963378906,180100,0.0,0
2018-01-25,21.637469444822052,21.637469444822052,21.27792107993498,21.499181747436523,76900,0.0,0
2018-01-26,21.619028167565443,21.72043818808767,21.406985197186668,21.646684646606445,228800,0.0,0
2018-01-29,21.56371210154578,21.76653566328261,21.3332320602435,21.600589752197266,311000,0.0,0
2018-01-30,21.342456530589164,21.66512901656312,21.18572999502602,21.287141799926758,198300,0.0,0
2018-01-31,21.397766600276878,21.471521902992432,21.11197183594691,21.148849487304688,192400,0.0,0
2018-02-01,21.09353021969958,21.36088788140378,20.623352536052487,20.909147262573242,198500,0.0,0
2018-02-02,20.73398595830151,20.798520093665736,20.309903492523283,20.429752349853516,186200,0.0,0
2018-02-05,20.254586740539484,20.521944450232905,19.203598245161565,19.23125648498535,305600,0.0,0
2018-02-06,18.862487335305012,19.415639833011618,18.65966551479603,18.982337951660156,375500,0.0,0
2018-02-07,18.908584073816158,19.775189579877118,18.908584073816158,19.563146591186523,273900,0.0,0
2018-02-08,19.53549148045932,19.600025619553627,18.927024228393858,19.046873092651367,266700,0.0,0
2018-02-09,19.341884489120773,19.590803353754744,18.30011548448612,18.807170867919922,691200,0.0,0
2018-02-12,18.82561078003305,20.079422829760162,18.82561078003305,19.81206512451172,438200,0.0,0
2018-02-13,19.65533798818469,19.839722727853523,19.452516181287535,19.60002326965332,300400,0.0,0
2018-02-14,19.43407821865621,20.236149585883513,19.43407821865621,20.171613693237305,268900,0.0,0
2018-02-15,20.392876428334038,20.853836547109527,20.190052850681905,20.835397720336914,222100,0.0,0
2018-02-16,20.72476605074564,20.936807278578883,20.420532449551736,20.448190689086914,227000,0.0,0
2018-02-20,20.282245736808623,20.531164629236514,20.06098508523606,20.411314010620117,434100,0.0,0
2018-02-21,20.356001119448297,20.68789300589032,20.26380873338957,20.38365936279297,178400,0.0,0
2018-02-22,20.457411078712326,20.651013489429566,20.300684564045508,20.411314010620117,129700,0.0,0
2018-02-23,20.521943447496124,20.6510117101874,20.33755870786013,20.64179229736328,110700,0.0,0
2018-02-26,20.660230750864066,20.82617666186268,20.40209247170809,20.78929901123047,205800,0.0,0
2018-02-27,20.807736404968292,21.038216430293016,20.236146926879883,20.236146926879883,235200,0.0,0
2018-02-28,20.319124356835932,20.356000254638676,19.572367644066794,19.60924530029297,212400,0.0,0
2018-03-01,19.553927020227015,19.83050414125368,19.286571070833503,19.738311767578125,156400,0.0,0
2018-03-02,19.54470965857132,19.839723852019098,19.295790773441027,19.79362678527832,124500,0.0,0
2018-03-05,19.65533861829583,19.922696323544272,19.40641973929002,19.81206512451172,261900,0.0,0
2018-03-06,19.941132157310268,20.13473630403027,19.646117989378023,20.125516891479492,159500,0.0,0
2018-03-07,19.913477984187683,20.475848147525863,19.913477984187683,20.411314010620117,135300,0.0,0
2018-03-08,20.512725505319974,20.512725505319974,20.21771130749007,20.355998992919922,96100,0.0,0
2018-03-09,20.420531664854007,20.70632642870892,20.27302457651449,20.64179229736328,150400,0.0,0
2018-03-12,20.64178990573619,20.844613447520604,20.5495993050229,20.660228729248047,106900,0.0,0
2018-03-13,20.798522128369328,21.056660453503014,20.54038556165912,20.558822631835938,199500,0.0,0
2018-03-14,20.698043186500186,20.744452418866246,20.35462371864736,20.456722259521484,161800,0.15,0
2018-03-15,20.568102954682292,20.568102954682292,20.243245376621967,20.428878784179688,186900,0.0,0
2018-03-16,20.466001284655736,20.837268043193422,20.28965152171455,20.595945358276367,257600,0.0,0
2018-03-19,20.512413108478082,20.67948281688015,20.19683738601447,20.410314559936523,208000,0.0,0
2018-03-20,20.447442032766283,20.549538811396676,20.28965417088512,20.308216094970703,120300,0.0,0
2018-03-21,20.391748343917858,20.614507337463415,20.243242348220818,20.317495346069336,138300,0.0,0
2018-03-22,20.048330834362428,20.15970945675633,19.203702238161636,19.212984085083008,231300,0.0,0
2018-03-23,19.194419914085945,19.537839389983247,18.015651939343883,18.06205940246582,383400,0.0,0
2018-03-26,18.3776341757459,18.3776341757459,17.90427241087075,18.201284408569336,171200,0.0,0
2018-03-27,18.247693705978,18.359074101491057,17.885710518640398,18.127033233642578,195600,0.0,0
2018-03-28,18.17343808149999,18.65608344198736,18.145592544049578,18.56326675415039,194900,0.0,0
2018-03-29,18.67464905168054,18.962379220229725,18.563268660770166,18.739620208740234,142700,0.0,0
2018-04-02,18.665366062787253,18.79530836895555,18.127031375378564,18.628238677978516,221700,0.0,0
2018-04-03,18.795309304649937,19.036632006927167,18.470451752725545,19.018068313598633,210100,0.0,0
2018-04-04,18.721058077695492,19.315082157912528,18.535424667461967,19.296520233154297,215400,0.0,0
2018-04-05,19.44502419634047,19.67706504942171,19.231545266054002,19.472867965698242,175200,0.0,0
2018-04-06,19.342926872843478,19.59353143483569,19.157293470553395,19.30579948425293,141000,0.0,0
2018-04-09,19.44502159931291,19.44502159931291,19.036629256741023,19.055192947387695,232300,0.0,0
2018-04-10,19.277955862625152,19.53784050344886,19.129449847774083,19.45430564880371,169300,0.0,0
2018-04-11,19.342926872843478,19.52856027513356,19.26867386599371,19.30579948425293,108700,0.0,0
2018-04-12,19.333646226641577,19.59353265192476,19.333646226641577,19.49143409729004,125100,0.0,0
2018-04-13,19.630658343538514,19.72347505078497,19.445026699377053,19.56568717956543,164000,0.0,0
2018-04-16,19.69562668689973,19.974076768762238,19.547120684705536,19.85341453552246,130400,0.0,0
2018-04-17,19.983358826175508,19.983358826175508,19.519277121836065,19.574966430664062,323000,0.0,0
2018-04-18,19.649219432545124,19.769879896727645,19.57496643066406,19.574966430664062,131600,0.0,0
2018-04-19,19.5749663452771,19.60281188473524,19.28723618553448,19.32436180114746,172800,0.0,0
2018-04-20,19.2872373257723,19.361490331719214,19.120167619808917,19.25939178466797,204100,0.0,0
2018-04-23,19.25938872293712,19.59352808174461,19.09231904353338,19.148008346557617,268100,0.0,0
2018-04-24,19.25939154935859,19.389333865595237,18.9623795291998,19.212984085083008,209600,0.0,0
2018-04-25,19.157295552917475,19.222266719681855,18.88812903770339,18.953100204467773,143500,0.0,0
2018-04-26,19.67706106218439,19.67706106218439,18.581828174319124,18.971656799316406,434500,0.0,0
2018-04-27,18.934532882094754,19.0180677291749,17.950680180222257,18.145593643188477,306700,0.0,0
2018-04-30,18.13631892870405,18.192008253110288,17.625827848929816,17.70008087158203,301800,0.0,0
2018-05-01,17.672235427535178,18.256977704471595,17.551573170649995,18.173442840576172,274000,0.0,0
2018-05-02,18.154876928770165,18.646804203868857,17.932117909007925,18.553987503051758,308500,0.0,0
2018-05-03,18.51685905456543,18.739618040278284,18.396196830847398,18.51685905456543,276500,0.0,0
2018-05-04,18.38691575131598,18.646802130642374,18.201284140652376,18.581830978393555,218200,0.0,0
2018-05-07,18.646799585737757,18.646799585737757,18.396195086696572,18.489011764526367,114200,0.0,0
2018-05-08,18.498298108429616,18.721057127201217,18.266257242584448,18.656085968017578,122300,0.0,0
2018-05-09,18.67464843653466,18.711774052061024,18.31266350574823,18.47045135498047,131300,0.0,0
2018-05-10,18.516863882246774,18.618960670860073,18.424047171417996,18.45189094543457,110300,0.0,0
2018-05-11,18.461172103881836,18.60967812752742,18.386919092059046,18.461172103881836,190300,0.0,0
2018-05-14,18.451887953624993,18.56326834262649,18.2569744857864,18.26625633239746,149800,0.0,0
2018-05-15,18.173441904359947,18.470453951651116,18.127034435844994,18.461172103881836,160500,0.0,0
2018-05-16,18.507581392914908,18.841719061857823,18.47045400173711,18.711776733398438,149500,0.0,0
2018-05-17,18.72105908466443,18.990225596616437,18.72105908466443,18.906692504882812,112200,0.0,0
2018-05-18,18.98094156353195,19.092320176187982,18.925250486872805,19.083038330078125,149600,0.0,0
2018-05-21,19.166574850476145,19.35220824824103,19.092321845436448,19.212984085083008,111800,0.0,0
2018-05-22,19.240827401896926,19.38005156177262,18.897407925558966,18.915969848632812,164800,0.0,0
2018-05-23,18.84171844123328,18.90669137365429,18.628241259986993,18.795310974121094,165800,0.0,0
2018-05-24,18.702495533572822,18.702495533572822,18.39620162706991,18.45189094543457,278400,0.0,0
2018-05-25,18.433327939415154,18.74890367554263,18.284821918923566,18.442609786987305,241700,0.0,0
2018-05-29,18.27553728141712,18.618956737503396,18.247691742951556,18.377634048461914,253300,0.0,0
2018-05-30,18.479732097560465,18.934531925160993,18.424042792431912,18.888124465942383,276500,0.0,0
2018-05-31,18.94381290403337,19.083037045648155,18.628237238863314,18.748899459838867,128100,0.0,0
2018-06-01,18.841719132317326,18.999507004750114,18.76746612001551,18.786029815673828,128900,0.0,0
2018-06-04,18.897409439086914,19.10160477190356,18.841718354411242,18.897409439086914,176000,0.0,0
2018-06-05,18.86956350681219,19.203702926635742,18.674650025469354,19.203702926635742,260900,0.0,0
2018-06-06,19.20370041597509,19.342924565922512,19.110883725899765,19.287235260009766,173500,0.0,0
2018-06-07,19.33364433633356,19.51927773200468,19.250109485314685,19.315080642700195,124700,0.0,0
2018-06-08,19.35220879530837,19.528560351137163,19.29651948253714,19.38005256652832,129700,0.0,0
2018-06-11,19.37077361753836,19.639940120214305,19.29652060607623,19.49143409729004,106100,0.0,0
2018-06-12,19.50071419481556,19.54712165894001,19.287237027313036,19.463586807250977,93100,0.0,0
2018-06-13,19.46358718528064,19.46358718528064,19.185138854463236,19.33364486694336,133300,0.0,0
2018-06-14,19.427134098316536,19.46452900062695,19.165362649455187,19.296247482299805,145500,0.15,0
2018-06-15,19.24015621284473,19.632812534869004,19.062525504907676,19.576719284057617,398800,0.0,0
2018-06-18,19.43648269081729,20.044164546433073,19.43648269081729,19.763694763183594,280600,0.0,0
2018-06-19,19.642160415109455,19.96937429246712,19.361690613157666,19.866535186767578,337700,0.0,0
2018-06-20,19.988069006332317,20.044164031444215,19.71695018431286,19.978721618652344,208700,0.0,0
2018-06-21,19.99742004125794,19.99742004125794,19.455180563501777,19.50192642211914,158600,0.0,0
2018-06-22,19.63281180328537,19.63281180328537,19.436484541175187,19.595415115356445,277800,0.0,0
2018-06-25,19.539321973755467,19.539321973755467,19.11861993128199,19.202760696411133,203300,0.0,0
2018-06-26,19.165361448028566,19.67955335897517,19.165361448028566,19.614110946655273,130600,0.0,0
2018-06-27,19.707602203559453,19.88523289412983,19.342993434174264,19.35234260559082,184900,0.0,0
2018-06-28,19.30559674850803,19.44583075341217,19.184061086437005,19.35234260559082,136000,0.0,0
2018-06-29,19.38973489919041,19.595411293164524,19.305594150934667,19.455177307128906,193200,0.0,0
2018-07-02,19.305596761450087,19.810441319249975,19.071872825395797,19.80109214782715,150500,0.0,0
2018-07-03,20.04416400272877,20.34333033687559,20.04416400272877,20.175048828125,144700,0.0,0
2018-07-05,20.296585752530707,20.418123197864297,19.903931251775738,20.39007568359375,229600,0.0,0
2018-07-06,20.43682222380779,20.651847824219494,20.43682222380779,20.567707061767578,133000,0.0,0
2018-07-09,20.651848527115906,20.932316556053376,20.502265340592956,20.913619995117188,178100,0.0,0
2018-07-10,20.80142783070948,20.857521069391797,20.427469934207508,20.520959854125977,383900,0.0,0
2018-07-11,20.399428016127665,20.539662042866937,20.13765830839366,20.296588897705078,142100,0.0,0
2018-07-12,20.4742152352809,20.558355989956233,20.10960648713581,20.2872371673584,70200,0.0,0
2018-07-13,20.259191497104098,20.511613784085256,20.231143981937688,20.399425506591797,91300,0.0,0
2018-07-16,20.464866041199535,20.464866041199535,20.02546570974937,20.203096389770508,136800,0.0,0
2018-07-17,20.175050688930796,20.399425460235673,20.14700317382812,20.147003173828125,78200,0.0,0
2018-07-18,20.12830662933227,20.19374904811749,19.165363341453826,20.00676918029785,498600,0.0,0
2018-07-19,19.997418125431246,20.11895556302047,19.857184129358448,20.09090805053711,333000,0.0,0
2018-07-20,20.0535176407421,20.23114657672836,19.931980175938442,19.96002769470215,215100,0.0,0
2018-07-23,19.950674660583022,20.13765451647536,19.866533903748675,19.931976318359375,508200,0.0,0
2018-07-24,19.931977058053647,20.651847211830535,19.84783629809676,20.362030029296875,242000,0.0,0
2018-07-25,20.33398113998811,20.474215136043284,20.09090804801221,20.231142044067383,146600,0.0,0
2018-07-26,20.268536753352734,20.408770735750046,19.98806700538628,20.06285858154297,159800,0.0,0
2018-07-27,20.128308570400964,20.249844247983475,19.73565223665174,19.78239631652832,173800,0.0,0
2018-07-30,19.7917423248291,20.10025783893707,19.773043982599027,19.7917423248291,145900,0.0,0
2018-07-31,20.352680216510336,21.633486352077853,20.006768016123942,21.081897735595703,609700,0.0,0
2018-08-01,21.1099471841469,21.334321963138496,20.707941703097372,21.250181198120117,349900,0.0,0
2018-08-02,21.119293212890625,21.287574717881302,21.05385080165469,21.119293212890625,179000,0.0,0
2018-08-03,21.119296430793185,21.381067898794466,20.866874134846114,20.913619995117188,128500,0.0,0
2018-08-06,21.025805745192496,21.100597335792415,20.735988554514336,20.848175048828125,322500,0.0,0
2018-08-07,20.988409082794742,21.437158588792137,20.988409082794742,21.296924591064453,408200,0.0,0
2018-08-08,21.306272437631073,21.502599665611967,21.091245085764296,21.474552154541016,578400,0.0,0
2018-08-09,21.493249901581297,21.717624634435595,21.446505834259437,21.63348388671875,117000,0.0,0
2018-08-10,21.54934820068822,21.84851636460354,21.46520743320771,21.708280563354492,155600,0.0,0
2018-08-13,21.745673430969894,21.89525659505381,21.287574768066406,21.287574768066406,179800,0.0,0
2018-08-14,21.28757661054064,21.44650895903215,21.016455987690133,21.17538833618164,218100,0.0,0
2018-08-15,21.109944648741635,21.16603789095941,20.848173213105323,20.96036148071289,118400,0.0,0
2018-08-16,21.12864551564195,21.25953035751626,21.07255226672042,21.166040420532227,106700,0.0,0
2018-08-17,21.147343962715528,21.33432205442244,21.119296446531983,21.306276321411133,120800,0.0,0
2018-08-20,21.324974067591594,21.474557262539772,21.222136735547437,21.409114837646484,155400,0.0,0
2018-08-21,21.41846336484015,21.895260453060104,21.41846336484015,21.792421340942383,80700,0.0,0
2018-08-22,21.736326854028068,21.904608379495834,21.502602909361098,21.661535263061523,136000,0.0,0
2018-08-23,21.62413607025642,21.764371847344275,21.49325124702453,21.68023109436035,153500,0.0,0
2018-08-24,21.689584659347567,21.829818681674816,21.465208083817163,21.80177116394043,101600,0.0,0
2018-08-27,21.867211751488977,22.128983212165004,21.801769332113018,21.998098373413086,167700,0.0,0
2018-08-28,22.026140912592275,22.082235935215998,21.87655775193954,21.923303604125977,95400,0.0,0
2018-08-29,21.904608361180518,22.16637803775845,21.87656084590195,22.02614402770996,154800,0.0,0
2018-08-30,21.970049508207858,22.007446193080597,21.68958150435063,21.951351165771484,122500,0.0,0
2018-08-31,21.90460718838603,22.091585264048963,21.84851394400436,22.0074462890625,302400,0.0,0
2018-09-04,21.988749172154023,22.06354076322235,21.65218612076046,21.829816818237305,439900,0.0,0
2018-09-05,21.783070326389996,21.932653504180234,21.65218549161657,21.90460777282715,102600,0.0,0
2018-09-06,21.91395629228955,22.04484112316852,21.81111719192917,21.8952579498291,116500,0.0,0
2018-09-07,21.876559567721646,21.876559567721646,21.55869487915843,21.72697639465332,105300,0.0,0
2018-09-10,21.811119109108535,21.89525987440437,21.437161142889398,21.446510314941406,179100,0.0,0
2018-09-11,21.371716809579123,21.50260164025255,21.166038609181356,21.22213363647461,118900,0.0,0
2018-09-12,21.194086714079987,21.409112308519788,21.100596782488555,21.343669891357422,139100,0.0,0
2018-09-13,21.428367393847065,21.588350881707147,21.428367393847065,21.55070686340332,89900,0.15,0
2018-09-14,21.503652214020327,21.720099920062587,21.475419202158765,21.63540267944336,106300,0.0,0
2018-09-17,21.663636829228206,21.682458838124578,21.522475352436548,21.569528579711914,119800,0.0,0
2018-09-18,21.6071711321741,21.6071711321741,20.986059188842773,20.986059188842773,108100,0.0,0
2018-09-19,20.948414276604673,21.15545096615236,20.854306037731956,21.146039962768555,229400,0.0,0
2018-09-20,21.447186526196365,21.64481221088631,21.29661226814382,21.607168197631836,205000,0.0,0
2018-09-21,21.691868274706565,22.839985699887368,21.691868274706565,22.680002212524414,935900,0.0,0
2018-09-24,22.661178314696397,22.774108564879004,22.096530653714233,22.45414161682129,436300,0.0,0
2018-09-25,22.548251547689492,22.858809334924192,22.416501064595288,22.69882583618164,226700,0.0,0
2018-09-26,22.689414755740504,22.8211652383979,22.096533993850816,22.14358901977539,323100,0.0,0
2018-09-27,22.17181792558911,22.341212411301093,22.058889465091465,22.16240692138672,284800,0.0,0
2018-09-28,22.124762564644136,22.29415703401063,22.011832320078025,22.06829833984375,279100,0.0,0
2018-10-01,22.13417509454249,22.13417509454249,21.240149464542558,21.296613693237305,291500,0.0,0
2018-10-02,21.29661538336276,21.428367654060484,21.164864907630648,21.2025089263916,139400,0.0,0
2018-10-03,21.211920032903244,21.785976962038472,21.146042999755355,21.75774574279785,157200,0.0,0
2018-10-04,21.795388602277605,21.795388602277605,21.45659960178691,21.494243621826172,145600,0.0,0
2018-10-05,21.475422431153362,21.767156417725435,21.287207708673137,21.334260940551758,201300,0.0,0
2018-10-08,21.30602436990584,21.89890504447278,21.26838214967604,21.767152786254883,148000,0.0,0
2018-10-09,21.785976592905467,22.04947933613548,21.400134380119198,21.55070686340332,239900,0.0,0
2018-10-10,21.466008242065,21.748332976361105,21.16486329478821,21.183685302734375,239900,0.0,0
2018-10-11,21.01429405103709,21.0989913048473,20.402593058492254,20.430824279785156,260300,0.0,0
2018-10-12,20.788431655928054,20.873128894867516,19.91322805019725,20.082622528076172,387600,0.0,0
2018-10-15,20.02615863674601,20.412000822854083,19.988514621045,20.17673110961914,207600,0.0,0
2018-10-16,20.22378817772163,20.647274460012415,19.950876191885417,20.619041442871094,233900,0.0,0
2018-10-17,20.571984882805157,20.741379368330605,20.18614268575964,20.7037353515625,127900,0.0,0
2018-10-18,20.694323863999614,20.694323863999614,19.969692712828888,20.05438995361328,135200,0.0,0
2018-10-19,20.063802909909295,20.261430422625004,19.687371689219425,19.828533172607422,106900,0.0,0
2018-10-22,19.9038178385183,20.157909565448467,19.74383435803992,19.922639846801758,239000,0.0,0
2018-10-23,19.66854949906591,19.98851648245934,19.329762301034826,19.725013732910156,133000,0.0,0
2018-10-24,19.71560355208515,19.809710005535624,18.953328355384414,19.000383377075195,147400,0.0,0
2018-10-25,19.103900804195604,19.320350313694625,18.868631081016023,19.226242065429688,199500,0.0,0
2018-10-26,19.05684586125695,19.05684586125695,18.48278721401041,18.53925323486328,257200,0.0,0
2018-10-29,18.80275555590009,18.868630790180507,18.021660158782087,18.34162712097168,503400,0.0,0
2018-10-30,18.313394450220702,19.169777896745313,17.92755224654972,18.774524688720703,486000,0.0,0
2018-10-31,18.84981059259253,18.91568582692817,18.595718864470335,18.680416107177734,371200,0.0,0
2018-11-01,18.708645122992166,19.179184507116336,18.595716675982935,19.15095329284668,330900,0.0,0
2018-11-02,19.235650968793607,19.310937200189528,18.680414339136696,18.896862030029297,323800,0.0,0
2018-11-05,18.953326408169186,19.08507866040194,18.454555794248115,18.661592483520508,145800,0.0,0
2018-11-06,18.802756969720942,19.038026706964594,18.62395326179103,18.821578979492188,225600,0.0,0
2018-11-07,18.915688234119784,18.934510244886813,18.642774462895098,18.76511573791504,242300,0.0,0
2018-11-08,18.699239595495445,18.699239595495445,18.247520333649625,18.369861602783203,170600,0.0,0
2018-11-09,18.16282231982763,18.209877342500796,17.814624126874097,17.96519660949707,210400,0.0,0
2018-11-12,17.99342834302266,18.42632375102551,17.795800851786026,18.040481567382812,537300,0.0,0
2018-11-13,18.11577066296776,18.53925692891953,18.096948652266402,18.20987892150879,196900,0.0,0
2018-11-14,18.369859522800237,18.6710044666223,18.00283755192233,18.040481567382812,211000,0.0,0
2018-11-15,17.899318693298103,18.15341039280044,17.53229675125074,18.12517738342285,358600,0.0,0
2018-11-16,18.031072910448678,18.162823391778158,17.861678408758955,18.012250900268555,193200,0.0,0
2018-11-19,17.99343100863136,18.294575997066076,17.852267724707588,18.106359481811523,426400,0.0,0
2018-11-20,17.96519594016018,18.19105465567972,17.6169959652141,17.776979446411133,183300,0.0,0
2018-11-21,17.814624272103647,18.247519714432375,17.654640783641813,17.955785751342773,99000,0.0,0
2018-11-23,17.833444595336914,18.021659284873234,17.786389576728766,17.833444595336914,61400,0.0,0
2018-11-26,17.9651960111238,18.05930425837006,17.59817582132548,17.664051055908203,261400,0.0,0
2018-11-27,17.551121710003063,17.833446466376472,17.532299700585046,17.720516204833984,172400,0.0,0
2018-11-28,17.720513418532054,18.228696823120117,17.522887735613583,18.228696823120117,196900,0.0,0
2018-11-29,18.153414978154043,18.3510407088193,17.993431474534937,18.191057205200195,173600,0.0,0
2018-11-30,18.115766579334323,18.332214268711315,17.993427127284605,18.228696823120117,210500,0.0,0
2018-12-03,18.42632288527016,18.482787110842477,17.96519448733793,18.313392639160156,422300,0.0,0
2018-12-04,18.23810939968081,18.23810939968081,17.37231668730899,17.4664249420166,212700,0.0,0
2018-12-06,17.23115544464308,17.24997745484198,16.80767098496192,17.00529670715332,220400,0.0,0
2018-12-07,16.96765662748508,17.202926399826975,16.81708411678354,16.882959365844727,344600,0.0,0
2018-12-10,16.882958048099063,16.911189269798406,16.572402044645862,16.845314025878906,403000,0.0,0
2018-12-11,16.96765453140762,17.146458243923714,16.7512050034178,16.779438018798828,323300,0.0,0
2018-12-12,16.91118706150399,17.27820905036101,16.788847595195346,16.864133834838867,217400,0.0,0
2018-12-13,16.883116371265842,16.940057232063378,16.626879782500946,16.7882137298584,186800,0.15,0
2018-12-14,16.598405500651218,16.873622930867068,16.49401243262217,16.626876831054688,182700,0.0,0
2018-12-17,16.626879597465866,16.864135293285468,16.20930906599052,16.323192596435547,439100,0.0,0
2018-12-18,16.49401439006579,16.693310106307678,16.361151785982678,16.3801326751709,329500,0.0,0
2018-12-19,16.52248451678696,16.607896701776895,15.877148812470608,15.91511058807373,1096100,0.0,0
2018-12-20,15.953072546108785,16.047975186852902,15.687347324166042,15.81071949005127,1365200,0.0,0
2018-12-21,15.772758466358564,16.52248547691631,15.64938449859619,15.649384498596191,1215300,0.0,0
2018-12-24,15.649386237138097,15.763269773099895,15.326718330383299,15.3267183303833,129700,0.0,0
2018-12-26,15.412130188930588,15.791738950211174,14.918638799265828,15.763269424438477,314900,0.0,0
2018-12-27,15.497540923414451,15.839189681371785,15.165382609857843,15.611424446105957,456500,0.0,0
2018-12-28,15.58295302184126,15.801227811430824,15.526012165886845,15.592443466186523,529200,0.0,0
2018-12-31,15.658875374901653,15.934092841256202,15.260285747499466,15.639894485473633,308900,0.0,0
2019-01-02,15.45957848954397,15.848677597311784,15.383654946450841,15.725303649902344,939400,0.0,0
2019-01-03,15.658874982203152,16.323191614585923,15.554481903084293,16.057464599609375,992100,0.0,0
2019-01-04,16.247268937339715,16.87362375590571,16.085935010732285,16.854642868041992,409600,0.0,0
2019-01-07,16.854640475803617,17.034955264682054,16.750247417487124,16.987503051757812,337700,0.0,0
2019-01-08,17.158329489367684,17.414566040039062,17.158329489367684,17.414566040039062,288800,0.0,0
2019-01-09,17.480997912872258,17.98398058706859,17.367114394332987,17.851116180419922,462700,0.0,0
2019-01-10,17.746724665728436,17.92703766987298,17.670802924478867,17.91754722595215,292900,0.0,0
2019-01-11,17.78468558402201,18.012450819972123,17.537939459213426,17.898569107055664,237900,0.0,0
2019-01-14,17.832136579963475,17.974489616378918,17.72774350853752,17.841625213623047,210700,0.0,0
2019-01-15,17.832137696814,17.92703852029002,17.585391573518567,17.756214141845703,170100,0.0,0
2019-01-16,17.794173019351256,18.107350392087163,17.54742693626889,17.594879150390625,236900,0.0,0
2019-01-17,17.443035247495548,17.585390090942383,17.30068221416574,17.585390090942383,454900,0.0,0
2019-01-18,17.6613154652818,18.505945205688477,17.6613154652818,18.505945205688477,540900,0.0,0
2019-01-22,18.344609540983374,18.56288433734051,18.249706904705462,18.54390525817871,505000,0.0,0
2019-01-23,18.5439061220969,18.686259178087052,18.316139060371874,18.524925231933594,342600,0.0,0
2019-01-24,18.543907509861008,18.676770130712505,18.259199566456793,18.51543617248535,393800,0.0,0
2019-01-25,18.619827612312726,18.771671111261636,18.486963193144458,18.59135627746582,309600,0.0,0
2019-01-28,18.458493066540314,18.657786973618418,18.354099985622888,18.54390525817871,374400,0.0,0
2019-01-29,18.515435646472856,18.676769600116607,18.306651275335163,18.648298263549805,218600,0.0,0
2019-01-30,18.724220017610545,18.79065132614902,18.41104255584531,18.648298263549805,262500,0.0,0
2019-01-31,18.61982619836189,19.189238371121693,18.524923566196204,19.13229751586914,318000,0.0,0
2019-02-01,19.13229871494774,19.2082204634151,18.724218638141696,18.942493438720703,356100,0.0,0
2019-02-04,18.951982695766056,19.170259292782276,18.781160130008406,19.13229751586914,174500,0.0,0
2019-02-05,19.094335155243094,19.36955076289132,18.999432534975217,19.26515769958496,279700,0.0,0
2019-02-06,19.236691392987716,19.483437522842408,19.22720094836439,19.360063552856445,135700,0.0,0
2019-02-07,19.74916206606287,19.844064698979604,19.32210293311332,19.701711654663086,364800,0.0,0
2019-02-08,19.68273142958049,19.68273142958049,19.084847899249013,19.360063552856445,284400,0.0,0
2019-02-11,19.426495036714204,19.47394726027443,19.24618201753708,19.398025512695312,267400,0.0,0
2019-02-12,19.540374030087822,19.77762966249771,19.540374030087822,19.739667892456055,198700,0.0,0
2019-02-13,19.76814314971611,19.92947708423124,19.654259627068942,19.88202667236328,154600,0.0,0
2019-02-14,19.758651122177376,19.910494600129176,19.701710270474713,19.711200714111328,120400,0.0,0
2019-02-15,19.863043866997426,20.2995934064353,19.834572536553516,20.2711238861084,259700,0.0,0
2019-02-19,20.12876998585637,20.299594356278888,20.043359610762202,20.290103912353516,191000,0.0,0
2019-02-20,20.185714808513804,20.46093047131886,20.17622436357331,20.36602783203125,200500,0.0,0
2019-02-21,20.2995989477186,20.451442464634912,20.204698107234034,20.375520706176758,260000,0.0,0
2019-02-22,20.403987954901325,20.517871474822083,20.242654024248584,20.29959487915039,198700,0.0,0
2019-02-25,20.39449715204379,20.546340635856165,19.86304495870048,20.185712814331055,333500,0.0,0
2019-02-26,20.157244597277924,20.223675905447017,19.777635829084982,19.99591064453125,286400,0.0,0
2019-02-27,20.024378183890523,20.157240775035124,19.9294755573085,20.138259887695312,133400,0.0,0
2019-02-28,20.09081025299527,20.214182405220015,19.94845721269991,20.08131980895996,224800,0.0,0
2019-03-01,20.25214602121121,20.34704866006879,19.901006800473354,20.04336166381836,135000,0.0,0
2019-03-04,19.957947387212243,20.15724127891095,19.863044758257917,20.00539779663086,464300,0.0,0
2019-03-05,19.99590758727371,19.99590758727371,19.787123249218844,19.796613693237305,92900,0.0,0
2019-03-06,19.739670786898134,19.758651674702143,19.331592559814453,19.331592559814453,132100,0.0,0
2019-03-07,19.28414161486092,19.454965996153216,19.113317233568626,19.17974853515625,107300,0.0,0
2019-03-08,18.98994447267919,19.246181036491397,18.98994447267919,19.13229751586914,98100,0.0,0
2019-03-11,19.15127834863652,19.379043579101566,19.046885272546113,19.379043579101562,185900,0.0,0
2019-03-12,19.388533753271933,19.663749390790247,19.2271998243415,19.30312156677246,143600,0.0,0
2019-03-13,19.398024538674914,19.48343672667733,19.265160129494962,19.27465057373047,158100,0.0,0
2019-03-14,19.28421269905755,19.303334815078088,19.14080047607422,19.14080047607422,136300,0.15,0
2019-03-15,19.15036158729597,19.37982150942395,19.01650859836563,19.064313888549805,334200,0.0,0
2019-03-18,19.0643137830267,19.245968413965027,18.920901560438686,19.217287063598633,135700,0.0,0
2019-03-19,19.32245908960365,19.32245908960365,18.92090551192985,18.949586868286133,187300,0.0,0
2019-03-20,18.95914340165793,18.95914340165793,18.175154906282152,18.54802703857422,483300,0.0,0
2019-03-21,18.5767101113917,18.93046012637842,18.5767101113917,18.701000213623047,183800,0.0,0
2019-03-22,18.54802888533711,18.567151002636855,17.964818896378684,18.041305541992188,250400,0.0,0
2019-03-25,18.01261993347022,18.318566474606705,17.85008560554331,18.10822868347168,192100,0.0,0
2019-03-26,18.28032206379192,18.442856373892248,17.95525344359126,18.261199951171875,275400,0.0,0
2019-03-27,18.203839184666286,18.471541522120823,18.060425134075178,18.337690353393555,143900,0.0,0
2019-03-28,18.337690877612765,18.53846763644327,18.117792001678747,18.232521057128906,119800,0.0,0
2019-03-29,18.375931466104916,18.461979160952904,17.897889527431772,18.079545974731445,298900,0.0,0
2019-04-01,18.222959408775377,18.43329904293527,18.146472766422345,18.375932693481445,241600,0.0,0
2019-04-02,18.375933359472228,18.442860769593974,18.127351306919266,18.194278717041016,299700,0.0,0
2019-04-03,18.299446120279818,18.471541522120823,18.213398419359315,18.337690353393555,183800,0.0,0
2019-04-04,18.347251892089844,18.519347298437122,18.309007657974693,18.347251892089844,167400,0.0,0
2019-04-05,18.356812360513093,18.55758911240703,18.289884952963053,18.490663528442383,320100,0.0,0
2019-04-08,18.395055234048503,18.567150639206695,18.242081945815766,18.46198081970215,345000,0.0,0
2019-04-09,18.36637138491835,18.490663316788893,18.069985877788042,18.098669052124023,214100,0.0,0
2019-04-10,18.108230466005377,18.29944616124591,18.089108349405702,18.222959518432617,153100,0.0,0
2019-04-11,18.232519428884324,18.55758809627213,18.222958371186415,18.54802703857422,190800,0.0,0
2019-04-12,18.701002179071022,18.72012429637333,18.46198118354859,18.624515533447266,143700,0.0,0
2019-04-15,18.548028785927393,18.863536425340296,18.548028785927393,18.815732955932617,206000,0.0,0
2019-04-16,18.81573274216833,19.179043846861365,18.78704956669831,19.159923553466797,294100,0.0,0
2019-04-17,19.179041774203807,19.418062739866915,19.169480716747053,19.351137161254883,253600,0.0,0
2019-04-18,19.293771635052607,19.40850067138672,19.05475068184053,19.40850067138672,194200,0.0,0
2019-04-22,19.360700890465136,19.37982300801747,18.834855422874355,18.94002342224121,192000,0.0,0
2019-04-23,18.97826404975607,19.41806172834542,18.88265530375421,19.40850067138672,321600,0.0,0
2019-04-24,19.37981814372514,19.972589050379387,19.34157391821968,19.88654136657715,301400,0.0,0
2019-04-25,19.88654439025107,19.88654439025107,19.31289550912841,19.676206588745117,204500,0.0,0
2019-04-26,20.555803815054055,20.737460266349117,19.599719916679447,20.450634002685547,437200,0.0,0
2019-04-29,20.460198500971927,21.12945807180722,20.36458973034037,20.94780158996582,416500,0.0,0
2019-04-30,20.9478002217843,21.062531103765778,20.680096046217848,20.880874633789062,357800,0.0,0
2019-05-01,20.88087352377981,20.909556698646785,20.33590596640517,20.39327049255371,370100,0.0,0
2019-05-02,20.364585976796654,20.555803482815097,20.106444714332632,20.211612701416016,238600,0.0,0
2019-05-03,20.30722299123402,20.804387085638094,20.30722299123402,20.78526496887207,303400,0.0,0
2019-05-06,20.479317447599122,20.80438612324239,20.43151398148084,20.766141891479492,459200,0.0,0
2019-05-07,20.64185350892657,20.775704684102028,20.307223747402436,20.41239356994629,198100,0.0,0
2019-05-08,20.46975622198943,20.63229055847974,20.135126491146412,20.29766082763672,148400,0.0,0
2019-05-09,20.173369370266883,20.4028292728268,19.963029758564726,20.268978118896484,180000,0.0,0
2019-05-10,20.192493331406144,20.364586906375926,19.800497243816423,20.34546661376953,142200,0.0,0
2019-05-13,19.972591616072613,19.972591616072613,19.61884160262937,19.70488929748535,160400,0.0,0
2019-05-14,19.68577072936572,20.039520806549582,19.551919545954053,19.97259521484375,178400,0.0,0
2019-05-15,19.695329409537955,20.14468820212808,19.695329409537955,20.11600685119629,115700,0.0,0
2019-05-16,20.144687668348215,20.27853883204424,20.029958620490287,20.182931900024414,98500,0.0,0
2019-05-17,20.010836699538505,20.173371038574608,19.77181571999043,19.838741302490234,199400,0.0,0
2019-05-20,19.6188433753639,19.943912068951477,19.590160199958373,19.81962013244629,135000,0.0,0
2019-05-21,19.905667097269756,20.230735778808594,19.819619397827985,20.230735778808594,205400,0.0,0
2019-05-22,20.135125263629703,20.18293055002735,19.790936319492715,20.00127410888672,335000,0.0,0
2019-05-23,19.857864714876165,19.905668184472344,19.207727316289457,19.360700607299805,222400,0.0,0
2019-05-24,19.36070001566083,19.532795418684813,19.217287787669314,19.504112243652344,209700,0.0,0
2019-05-28,19.54235547767468,19.781376453299323,19.504111246253782,19.599720001220703,205800,0.0,0
2019-05-29,19.456307168062995,19.51367168980314,18.95914311675438,19.045190811157227,372500,0.0,0
2019-05-30,19.054756704487783,19.274655613286026,18.796613555766857,18.949586868286133,151400,0.0,0
2019-05-31,18.681881769747136,18.777488708496094,18.490664245078293,18.777488708496094,183600,0.0,0
2019-06-03,18.71056332167312,19.245969843441706,18.576712147127346,19.207727432250977,348900,0.0,0
2019-06-04,19.389381528908867,19.934349042720942,19.370259413859433,19.89610481262207,135200,0.0,0
2019-06-05,19.982154904457254,19.982154904457254,19.571038499490037,19.905668258666992,164600,0.0,0
2019-06-06,20.06820058407446,20.12556510673281,19.905666250221387,20.058639526367188,294900,0.0,0
2019-06-07,20.211613198076854,20.393269650899697,20.12556550061263,20.259418487548828,220600,0.0,0
2019-06-10,20.316783370997204,20.613168876629025,20.316783370997204,20.383708953857422,248700,0.0,0
2019-06-11,20.584487580151976,20.699216630046788,20.182932258349403,20.307222366333008,213200,0.0,0
2019-06-12,20.31678234726778,20.67053418345655,20.202051479870395,20.59404754638672,136200,0.0,0
2019-06-13,20.661505984009768,20.95061213500443,20.642231750452236,20.912065505981445,102900,0.17,0
2019-06-14,20.854245499267396,20.892793971362163,20.594050664996974,20.767513275146484,162100,0.0,0
2019-06-17,20.767513201062567,20.940977648685593,20.757877921165566,20.844608306884766,101300,0.0,0
2019-06-18,20.91206693680662,21.22044734245852,20.777149130764762,20.854244232177734,353600,0.0,0
2019-06-19,20.806059533155608,20.892791748046875,20.60368375237861,20.892791748046875,204100,0.0,0
2019-06-20,20.912065916070766,21.181897838799344,20.728964369867718,20.969886779785156,203000,0.0,0
2019-06-21,20.844606740998067,20.92170184102873,20.459131240844727,20.459131240844727,283200,0.0,0
2019-06-24,20.478404523079455,20.777147792044477,20.430220777085516,20.497678756713867,160700,0.0,0
2019-06-25,20.507314682006836,20.719325725390746,20.43021959004069,20.507314682006836,397900,0.0,0
2019-06-26,20.574774437107656,20.77714838173644,20.48804222138328,20.66150665283203,122300,0.0,0
2019-06-27,20.931338791741034,21.663743155250636,20.883155043889833,21.5481014251709,307600,0.0,0
2019-06-28,21.528827127614825,22.25159437181472,21.528827127614825,22.145587921142578,704600,0.0,0
2019-07-01,22.357601165771484,22.49251713190418,21.952851429281225,22.357601165771484,303900,0.0,0
2019-07-02,22.319052182452705,22.319052182452705,21.87575582503184,22.11667823791504,175400,0.0,0
2019-07-03,22.241957291122652,22.415421724109788,22.02030911034672,22.405784606933594,123000,0.0,0
2019-07-05,22.241958097549453,22.59852409362793,22.08776789332423,22.59852409362793,134400,0.0,0
2019-07-08,22.55033641346153,22.906902376452784,22.319051128585603,22.82980728149414,222700,0.0,0
2019-07-09,22.704526666465288,22.820170228270605,22.492515614262942,22.75271224975586,191900,0.0,0
2019-07-10,22.877992527778293,22.955087627795802,22.588886362235684,22.69489097595215,190900,0.0,0
2019-07-11,22.76234944443849,22.76234944443849,22.261230405051155,22.33832550048828,162200,0.0,0
2019-07-12,22.367234760818583,22.694889372262974,22.367234760818583,22.646705627441406,363500,0.0,0
2019-07-15,22.646706819238318,22.858717880939295,22.511790856164257,22.637069702148438,392600,0.0,0
2019-07-16,22.540701458908856,22.800898118636564,22.473243474111058,22.52142906188965,207600,0.0,0
2019-07-17,22.367236992902964,22.405785463080704,21.904666379323434,22.261232376098633,366500,0.0,0
2019-07-18,22.193771892948416,22.434694290161133,22.02030747286054,22.434694290161133,225900,0.0,0
2019-07-19,22.396145585823078,22.463603562229544,22.049216749341817,22.068490982055664,199400,0.0,0
2019-07-22,22.039583852163837,22.20341117174693,21.923940281478984,22.049219131469727,116900,0.0,0
2019-07-23,22.135952305666045,22.251595881343736,22.02031056808063,22.0877685546875,185300,0.0,0
2019-07-24,21.943215433488362,22.723803594439584,21.91430408008562,22.6081600189209,192800,0.0,0
2019-07-25,23.76458645020725,24.949924269998768,23.398385194614306,23.80313491821289,1414700,0.0,0
2019-07-26,24.034420250000284,24.111515348041426,23.504389842636833,23.986234664916992,359900,0.0,0
2019-07-29,24.150062978006137,24.150062978006137,23.610397269372022,23.68749237060547,259600,0.0,0
2019-07-30,23.523664039448384,23.909139529044147,23.446568941529232,23.80313491821289,357100,0.0,0
2019-07-31,23.909142060942237,23.928416296986132,23.263469858210264,23.369476318359375,248500,0.0,0
2019-08-01,23.34056109780727,23.822405890530646,22.935811398395952,23.109275817871094,277900,0.0,0
2019-08-02,22.877992868359524,22.983999321746264,22.540701111477155,22.906904220581055,185600,0.0,0
2019-08-05,22.473243810055546,22.502155163154885,21.625197671489712,21.875757217407227,251600,0.0,0
2019-08-06,21.981760025024418,22.299777530549296,21.68301675331125,21.981760025024414,276600,0.0,0
2019-08-07,21.673380675611227,22.23232061630656,21.17226160103136,22.203411102294922,399500,0.0,0
2019-08-08,22.38651057588212,22.72380232774328,22.213046141319687,22.69489097595215,169500,0.0,0
2019-08-09,22.694892241036843,22.733440712240498,22.319053837262604,22.6081600189209,159800,0.0,0
2019-08-12,22.444333522071478,22.473243036082927,22.08776753182868,22.126314163208008,125400,0.0,0
2019-08-13,22.00103359370177,22.61779435229393,22.00103359370177,22.232318878173828,158000,0.0,0
2019-08-14,21.837208870095118,22.0395846667504,21.355364010934867,21.46137046813965,127700,0.0,0
2019-08-15,21.480642377176714,21.480642377176714,21.162623040005613,21.32645034790039,108000,0.0,0
2019-08-16,21.461369145584246,22.15522503830297,21.461369145584246,22.145587921142578,165600,0.0,0
2019-08-19,22.453968629400602,22.48287998128285,21.1626243214685,22.09740447998047,116000,0.0,0
2019-08-20,22.02994465738288,22.07812840173748,21.683015816135267,22.020307540893555,129900,0.0,0
2019-08-21,22.261229752517057,22.290139263651024,22.020307356576595,22.2515926361084,118800,0.0,0
2019-08-22,22.309413683205214,22.405783010006445,21.943212447070977,22.020307540893555,181100,0.0,0
2019-08-23,21.923940704106275,22.222683996837063,21.42282161829885,21.58664894104004,180000,0.0,0
2019-08-26,21.837209297298923,21.9239415206919,21.654107732570157,21.779388427734375,192200,0.0,0
2019-08-27,22.058857064166688,22.12631505035436,21.393912481951975,21.46137046813965,233400,0.0,0
2019-08-28,21.422822666395195,21.99139976501465,21.287906689804927,21.99139976501465,276700,0.0,0
2019-08-29,22.261230228017357,22.40578330105089,22.184135133193337,22.232318878173828,125100,0.0,0
2019-08-30,22.36723603366364,22.425058736450474,22.068492754966936,22.22268295288086,94500,0.0,0
2019-09-03,22.039583235778633,22.107041217586435,21.67338013726177,21.70229148864746,165300,0.0,0
2019-09-04,21.981761147775313,22.07813048366399,21.740838727099717,22.049219131469727,129600,0.0,0
2019-09-05,22.396145522448354,23.032180495469532,22.299776197243812,22.482877731323242,202800,0.0,0
2019-09-06,22.434695416096076,22.704527338137538,22.434695416096076,22.502153396606445,152600,0.0,0
2019-09-09,22.66598149577301,23.032182761874687,22.60815879210524,22.955087661743164,160700,0.0,0
2019-09-10,22.9647254750087,23.610397647463007,22.65634506513659,23.562213897705078,275000,0.0,0
2019-09-11,23.745312253776913,23.99587178193365,23.533301193686807,23.986234664916992,172100,0.0,0
2019-09-12,24.140426031886047,24.333164705383396,23.620034554390752,23.793498992919922,240500,0.0,0
2019-09-13,24.04579418004537,24.560089628371006,23.90023704856713,24.482460021972656,197800,0.17,0
2019-09-16,24.42423863190709,24.86090633096384,24.259275484578524,24.715349197387695,211400,0.0,0
2019-09-17,24.579496461037447,24.73475566731766,24.336903719870147,24.637718200683594,157800,0.0,0
2019-09-18,24.57949825032324,24.65712785911446,23.919645650179927,24.123424530029297,228200,0.0,0
2019-09-19,24.569793418871658,24.899719706871455,24.327200668920973,24.395126342773438,147700,0.0,0
2019-09-20,24.42423818630409,24.851201945277055,24.37572037655444,24.82209014892578,372400,0.0,0
2019-09-23,24.66683189733233,24.870608927219575,24.472756949104205,24.608610153198242,175400,0.0,0
2019-09-24,24.608608783096688,24.647422660079798,24.09431149451113,24.1622371673584,201500,0.0,0
2019-09-25,24.19134858653399,24.802681483476018,23.987569720329486,24.725051879882812,137400,0.0,0
2019-09-26,24.68623927764453,24.705645291417635,24.298091239644865,24.31749725341797,144900,0.0,0
2019-09-27,24.482458839907416,24.540682430021878,24.191348292677997,24.52127456665039,221600,0.0,0
2019-09-30,24.569793766647457,24.79297865556059,24.37572067444136,24.598905563354492,232400,0.0,0
2019-10-01,24.802682108853922,24.987053116099943,23.832311114053926,23.909940719604492,207300,0.0,0
2019-10-02,23.686756438754095,23.696460371049735,23.250088739629536,23.463571548461914,188300,0.0,0
2019-10-03,23.269495890229564,23.385941223368434,22.78431039534987,22.997793197631836,505300,0.0,0
2019-10-04,22.85223599030537,23.366533279418945,22.803718181317727,23.366533279418945,262500,0.0,0
2019-10-07,22.74549687967,23.405349459326615,22.580533734755846,23.25979232788086,236900,0.0,0
2019-10-08,23.036607593199882,23.269496413882734,22.49320034493989,22.920164108276367,351000,0.0,0
2019-10-09,23.201571443075782,23.444164203334488,23.094830036294468,23.385942459106445,152600,0.0,0
2019-10-10,23.512090432045007,23.900238487403957,23.463572619188607,23.764387130737305,170700,0.0,0
2019-10-11,24.201053337693544,24.540683558975815,24.006978396722015,24.026386260986328,174400,0.0,0
2019-10-14,23.871127701741052,24.133128323971125,23.580015282317905,24.036090850830078,251500,0.0,0
2019-10-15,24.074904424850683,24.346608976039278,23.99727481748763,24.259275436401367,189900,0.0,0
2019-10-16,24.152533818105077,24.433942299073887,24.03609033351067,24.113719940185547,163300,0.0,0
2019-10-17,24.268979894051117,25.064683849456745,24.259275961566185,25.035572052001953,261100,0.0,0
2019-10-18,24.890013978516144,25.171422436551502,24.6959409030629,24.851200103759766,265200,0.0,0
2019-10-21,25.142311820806388,25.51105382787155,24.98705261283235,25.181127548217773,159100,0.0,0
2019-10-22,25.113199952077828,25.67601504205284,24.996756471854447,25.549867630004883,134300,0.0,0
2019-10-23,25.472238411023778,25.472238411023778,24.84149763958463,24.98705291748047,260900,0.0,0
2019-10-24,25.200534582418676,25.656610143807598,23.55090496812913,25.452831268310547,541200,0.0,0
2019-10-25,25.54016362112903,25.714830691772903,25.22964520702247,25.49164581298828,476200,0.0,0
2019-10-28,25.71483150705903,26.16120127878038,25.472238756992436,25.617794036865234,318400,0.0,0
2019-10-29,25.55957226010657,26.42320185689437,25.55957226010657,26.413497924804688,348400,0.0,0
2019-10-30,26.442610826530412,26.675499653911476,26.122388457526963,26.287351608276367,482600,0.0,0
2019-10-31,26.28734978440452,26.35527545632335,25.666312954477196,25.94771957397461,324200,0.0,0
2019-11-01,26.08357151265832,26.30675824798459,25.792460954699933,25.928312301635742,288500,0.0,0
2019-11-04,26.122388621378942,26.83075904046073,25.947721537038582,26.80164909362793,406900,0.0,0
2019-11-05,27.015128241887137,27.015128241887137,26.064165125313874,26.09327507019043,395600,0.0,0
2019-11-06,26.093274833016082,26.500830715105263,26.035053092956414,26.31646156311035,168200,0.0,0
2019-11-07,26.578463578606215,26.597871444618367,26.248537259743532,26.36498260498047,144600,0.0,0
2019-11-08,26.384389627489067,26.714315935804073,26.297056084062394,26.636686325073242,172800,0.0,0
2019-11-11,26.355277743019133,26.5590566272921,26.151500709582077,26.18061065673828,178100,0.0,0
2019-11-12,26.219425552814872,26.578461795776377,26.16120195868394,26.452314376831055,146500,0.0,0
2019-11-13,26.32616504217187,26.529943919456244,26.112684083392097,26.423202514648438,141400,0.0,0
2019-11-14,26.219425105081754,26.762832351840082,26.219425105081754,26.55905532836914,181200,0.0,0
2019-11-15,26.74342494414232,26.74342494414232,26.229129485170027,26.452314376831055,155600,0.0,0
2019-11-18,26.44260999293159,26.656090948591977,26.23883296946065,26.55905532836914,120800,0.0,0
2019-11-19,26.811351814963786,26.821055747751515,26.35527807895615,26.384389877319336,247500,0.0,0
2019-11-20,26.30675888944504,26.79194439843024,26.248535295765013,26.33586883544922,210700,0.0,0
2019-11-21,26.49112574456002,26.49112574456002,25.879792870814768,26.073867797851562,174900,0.0,0
2019-11-22,26.267943573678338,26.636685602777696,26.20972182991797,26.597869873046875,197600,0.0,0
2019-11-25,26.71431459423463,27.34505538110186,26.67549886540055,27.01512908935547,363600,0.0,0
2019-11-26,26.937499108572336,27.34505500149331,26.937499108572336,27.180091857910156,224500,0.0,0
2019-11-27,27.25772101370738,27.461498031386114,27.073350009020118,27.286832809448242,157300,0.0,0
2019-11-29,27.20920487553506,27.306240498957422,26.714315422570337,26.743425369262695,110000,0.0,0
2019-12-02,26.859870708539756,27.121871333786235,26.520240474053864,26.743425369262695,162100,0.0,0
2019-12-03,26.48142528262039,26.762831908105298,26.48142528262039,26.69490623474121,151100,0.0,0
2019-12-04,26.888979635480656,27.024832834624373,26.462017726274137,26.500831604003906,160600,0.0,0
2019-12-05,26.58816666159403,26.685204137716543,26.384389627489067,26.636686325073242,289700,0.0,0
2019-12-06,26.937498902206805,27.306239064007666,26.879277161045778,27.06364631652832,208200,0.0,0
2019-12-09,27.015129328751357,27.015129328751357,26.656091237197767,26.762832641601562,178500,0.0,0
2019-12-10,26.733721709771178,27.044242000735903,26.694907830173026,26.918092727661133,141800,0.0,0
2019-12-11,26.937498092651367,27.044239490601818,26.704609284170523,26.937498092651367,146000,0.0,0
2019-12-12,26.97631300303151,26.986016935111437,26.646386715657297,26.78223991394043,234800,0.0,0
2019-12-13,26.782239952144753,26.782239952144753,26.147590095834122,26.264755249023438,331100,0.17,0
2019-12-16,26.46003287586906,27.006807933829446,26.46003287586906,26.577198028564453,206600,0.0,0
2019-12-17,26.665073873635485,26.665073873635485,25.96207734287734,26.342866897583008,267600,0.0,0
2019-12-18,26.557671148181335,27.2118491333421,26.411211917141706,27.006807327270508,517100,0.0,0
2019-12-19,26.78224040869946,27.016572581379265,25.630105829627173,25.73750877380371,468800,0.0,0
2019-12-20,25.7960914949838,25.98160516441955,25.551995247628653,25.63010597229004,655500,0.0,0
2019-12-23,25.67892530205215,25.67892530205215,25.044275410995088,25.093095779418945,361100,0.0,0
2019-12-24,25.102855848783477,25.376244301709075,24.956398480622305,25.35671615600586,257000,0.0,0
2019-12-26,25.415300527578253,25.464119029403932,24.55608074191713,24.79041290283203,340600,0.0,0
2019-12-27,24.917344475639844,25.034509627240457,24.683012310132113,24.829469680786133,245400,0.0,0
2019-12-30,24.829470535262832,24.858760893017724,24.634192792799553,24.702539443969727,257600,0.0,0
2019-12-31,24.683014628582754,24.878290520361343,24.65372240677796,24.66348648071289,180500,0.0,0
2020-01-02,24.77088735582234,24.77088735582234,24.145999712500778,24.409624099731445,308900,0.0,0
2020-01-03,24.067888639525254,24.536552968464335,24.019070136959037,24.419387817382812,184900,0.0,0
2020-01-06,24.05812497179375,24.351041579044534,23.950723891877676,24.253402709960938,477800,0.0,0
2020-01-07,24.126471430872147,24.272930664493842,23.7847381852389,23.79450225830078,240900,0.0,0
2020-01-08,23.794500927654898,24.02883308111607,23.667569847255255,23.726152420043945,204500,0.0,0
2020-01-09,23.76521029235037,23.794502511848144,23.36489260408017,23.374656677246094,315700,0.0,0
2020-01-10,23.413710996359775,23.765210179436846,23.198906974649635,23.68709945678711,385500,0.0,0
2020-01-13,23.696864272403364,24.253403421509148,23.569933180178815,24.233875274658203,309800,0.0,0
2020-01-14,24.321750367821416,24.57561069303926,24.155764842190774,24.380332946777344,353700,0.0,0
2020-01-15,24.24363907629293,24.526791615537483,23.95072432603893,24.292457580566406,335500,0.0,0
2020-01-16,24.409622060890527,24.829467858306863,24.31198320018569,24.517024993896484,198000,0.0,0
2020-01-17,24.712303133923175,24.790413857235322,24.409624313876932,24.50726318359375,181000,0.0,0
2020-01-21,24.39986005585409,24.624428150887162,24.194820107077774,24.61466407775879,303500,0.0,0
2020-01-22,24.800178738795,25.06380313693123,24.751360233498634,24.897817611694336,272000,0.0,0
2020-01-23,24.77088838053982,24.98569241107308,24.468207688321215,24.897817611694336,279000,0.0,0
2020-01-24,24.907583020948632,24.907583020948632,24.39986234448952,24.604904174804688,251500,0.0,0
2020-01-27,24.40962508873055,24.780650570664353,24.272931784171774,24.692777633666992,333700,0.0,0
2020-01-28,24.702538807906127,25.014983560263573,24.653720304700613,24.927108764648438,194200,0.0,0
2020-01-29,24.897816668232647,24.897816668232647,24.39009603824061,24.45844268798828,260600,0.0,0
2020-01-30,24.438915592612908,24.809941048484895,24.33151265382865,24.79041290283203,227000,0.0,0
2020-01-31,24.663485471683625,24.780650629495998,23.843321917770602,24.17529296875,352200,0.0,0
2020-02-03,24.399859703618937,24.87828810616364,24.38033155764409,24.624427795410156,329900,0.0,0
2020-02-04,24.936873395091595,24.936873395091595,24.565846058133744,24.65372085571289,334700,0.0,0
2020-02-05,24.995456009104824,25.44459220866861,24.858760844723463,25.22002410888672,284800,0.0,0
2020-02-06,25.298133581202688,25.581286106979896,25.083329565386734,25.35671615600586,219700,0.0,0
2020-02-07,25.307900044914973,25.425067067896673,24.917346405487066,25.03451156616211,154200,0.0,0
2020-02-10,24.956399391218834,25.49341224381268,24.956399391218834,25.43482780456543,197800,0.0,0
2020-02-11,25.600813182695344,25.61057725584914,25.063802195382294,25.5422306060791,378800,0.0,0
2020-02-12,25.610577671229386,25.717980615356588,25.229788123587944,25.376245498657227,229300,0.0,0
2020-02-13,25.229788454754196,25.425066198947494,25.083331077762516,25.161441802978516,207600,0.0,0
2020-02-14,25.161438963471397,25.239549679872486,24.87828645257597,25.083328247070312,200000,0.0,0
2020-02-18,25.122382984446354,25.28836849163733,24.85875861497133,25.229785919189453,192500,0.0,0
2020-02-19,22.242049901069045,23.85308470115181,20.92392984198078,22.30063247680664,2152800,0.0,0
2020-02-20,21.997953604122145,22.368979065879184,21.00204050770717,21.011804580688477,834600,0.0,0
2020-02-21,20.89463748951092,21.089915223797746,20.74818011994905,20.8067626953125,484500,0.0,0
2020-02-24,20.19164005335656,20.670068431433943,19.996362328207812,20.523611068725586,599700,0.0,0
2020-02-25,20.51384914048343,20.523613213992114,19.15667458198845,19.17620086669922,347200,0.0,0
2020-02-26,19.322659459290204,19.488643116453954,18.248635619324027,18.31698226928711,397400,0.0,0
2020-02-27,17.926426989529517,18.463437928510853,17.321067544623062,17.379650115966797,845600,0.0,0
2020-02-28,16.891459587847006,17.291777284899215,16.7157118539245,17.223430633544922,510300,0.0,0
2020-03-02,17.321068346352803,17.330832419079762,16.676654444825058,17.203903198242188,398800,0.0,0
2020-03-03,17.233193294384847,17.526109884859572,16.696182338640824,16.7450008392334,379000,0.0,0
2020-03-04,17.028153699566804,17.272249932051338,16.745001175977645,17.252721786499023,254300,0.0,0
2020-03-05,16.78405769474127,16.832876196977764,15.915073828941042,16.1103515625,334200,0.0,0
2020-03-06,15.622159844375588,16.18846306424194,15.202314000588943,15.65145206451416,500200,0.0,0
2020-03-09,14.489552569059532,14.8605789557055,13.532694849571877,13.81584644317627,468500,0.0,0
2020-03-10,14.24545723289745,14.323567958042817,13.220252801422886,13.76702880859375,558600,0.0,0
2020-03-11,13.327654608619246,13.542459565007933,12.361033701600082,12.663713455200195,443200,0.0,0
2020-03-12,11.843549887155694,12.019299481050144,10.984330995337563,11.013622283935547,533000,0.0,0
2020-03-13,11.657983483268914,12.807920455932617,11.013621596585775,12.807920455932617,952700,0.17,0
2020-03-16,10.954142460821158,12.90705315769004,10.240388129533827,10.448566436767578,769100,0.0,0
2020-03-17,10.587352164946864,10.656744618071013,8.802966830515185,9.407674789428711,906900,0.0,0
2020-03-18,9.030971670417427,9.130104562417277,8.22799883774369,8.991318702697754,966000,0.0,0
2020-03-19,8.961579312339438,9.377935950700008,8.604702598916665,9.22923755645752,877900,0.0,0
2020-03-20,9.496895055621698,9.873598733775127,8.812881104107154,8.912013053894043,1080800,0.0,0
2020-03-23,8.624528597492954,8.86244640608831,7.672856417710201,8.703834533691406,888500,0.0,0
2020-03-24,8.951665810605977,9.318456001462113,8.158605504111017,8.971492767333984,1019600,0.0,0
2020-03-25,9.625767923558556,10.458481259583202,9.149931326372442,9.566287994384766,849400,0.0,0
2020-03-26,9.645593831644753,9.942991583482609,9.546461877966395,9.853772163391113,548400,0.0,0
2020-03-27,9.496894946206845,10.617092489162106,9.417589009130484,9.992557525634766,492900,0.0,0
2020-03-30,10.131343662110588,10.37917495852444,9.596028099672727,10.180910110473633,385100,0.0,0
2020-03-31,10.071863550189878,10.587353091064823,9.942991164971142,10.230475425720215,546200,0.0,0
2020-04-01,9.76455330728291,9.913251704692758,9.318456224250651,9.437416076660156,861700,0.0,0
2020-04-02,9.249063746805684,9.814118790342583,8.862446590732286,9.179671287536621,454900,0.0,0
2020-04-03,9.030972364323468,9.249064176239695,8.35687186129365,8.545223236083984,446300,0.0,0
2020-04-06,8.921926516821022,9.348196641819792,8.862446590732286,9.179671287536621,432100,0.0,0
2020-04-07,9.625767296203025,10.071863427027406,9.159844208479129,9.477068901062012,601200,0.0,0
2020-04-08,9.695160104362447,10.002471329583756,9.387849824542513,9.903338432312012,378900,0.0,0
2020-04-09,10.389087735226429,11.221801061946381,10.339522231103748,11.152408599853516,504100,0.0,0
2020-04-13,11.112755472743864,11.201974891549877,10.408914546542551,10.934316635131836,405400,0.0,0
2020-04-14,11.201974179017348,11.489458429438619,10.508046775800624,10.597265243530273,509200,0.0,0
2020-04-15,10.111516242429529,10.111516242429529,9.48698129056459,9.516721725463867,404300,0.0,0
2020-04-16,9.467155492980597,9.5563749088889,8.68400865225411,8.931839942932129,477300,0.0,0
2020-04-17,9.298629442556859,9.804205464532636,9.288715964776642,9.655506134033203,527100,0.0,0
2020-04-20,9.447328006587933,9.69515928337965,9.219323685732173,9.338282585144043,407100,0.0,0
2020-04-21,9.050799079213741,9.268890885269874,8.92192669133518,9.130105018615723,318500,0.0,0
2020-04-22,9.318455628268186,9.42750199510237,8.951665452101594,9.070624351501465,264500,0.0,0
2020-04-23,9.050798727045466,9.496894855174267,9.021059237277235,9.22923755645752,341500,0.0,0
2020-04-24,9.229237431839232,9.665420075688598,9.04088512658056,9.526634216308594,350000,0.0,0
2020-04-27,9.68524710801595,10.508046901678147,9.68524710801595,10.2998685836792,404800,0.0,0
2020-04-28,10.914490067033604,11.568764511090974,10.418827494820286,10.825270652770996,917000,0.0,0
2020-04-29,11.162321861036922,12.064427632247652,11.063188963923082,11.995035171508789,621100,0.0,0
2020-04-30,11.62824370090347,11.757116085460796,11.182147566913557,11.55885124206543,646300,0.0,0
2020-05-01,11.12266921451249,11.281281098183028,10.597266168102088,10.864924430847168,509400,0.0,0
2020-05-04,10.577439432880093,11.033449039987064,10.438653571447073,10.80544376373291,392400,0.0,0
2020-05-05,11.033448893682099,11.39032560283306,10.785617609310268,10.845096588134766,388700,0.0,0
2020-05-06,10.80544402804434,10.993796340696525,10.210649490356445,10.210649490356445,346100,0.0,0
2020-05-07,10.349434527901066,10.696398721229928,10.349434527901066,10.438653945922852,497000,0.0,0
2020-05-08,10.805443369130321,11.34075889310666,10.587352524644581,11.182147026062012,382900,0.0,0
2020-05-11,10.934316052780664,10.934316052780664,10.280041610251095,10.567525863647461,507000,0.0,0
2020-05-12,10.557612430856558,10.646831845295564,9.76455307006836,9.76455307006836,973200,0.0,0
2020-05-13,9.635681245368295,9.853772109508958,9.001232774610239,9.090452194213867,646400,0.0,0
2020-05-14,8.971492909316309,9.53654794938838,8.59478923413448,9.457242012023926,940000,0.0,0
2020-05-15,9.427502574308676,9.734812846955194,9.199497294066447,9.705073356628418,536700,0.0,0
2020-05-18,10.359347688399863,11.142494523618192,10.329608198440047,11.053275108337402,493100,0.0,0
2020-05-19,10.973968886202897,11.04336228817346,10.329607929885071,10.339521408081055,528800,0.0,0
2020-05-20,10.537787438187522,10.755879256187095,10.210650183888875,10.28004264831543,389500,0.0,0
2020-05-21,10.161081986449148,10.389086299181741,9.923164196101762,10.240387916564941,374700,0.0,0
2020-05-22,10.319695215297989,10.428741592720087,9.80420660118026,10.389087677001953,445600,0.0,0
2020-05-26,10.93431641327062,11.717463263542196,10.914490401383437,11.519198417663574,519000,0.0,0
2020-05-27,12.00494677509542,12.351910942719519,11.400238796660503,12.252778053283691,579700,0.0,0
2020-05-28,12.451044926535493,12.510523909103835,11.35067334960597,11.439892768859863,517800,0.0,0
2020-05-29,11.201974683170066,11.221800695090721,10.42874131023731,10.46839427947998,438000,0.0,0
2020-06-01,10.468393667552848,10.904576303725285,10.369260777540278,10.636918067932129,451700,0.0,0
2020-06-02,10.80544351984101,11.10284124739838,10.706311574256096,10.874836921691895,287500,0.0,0
2020-06-03,11.17223494866407,11.995034751536247,11.17223494866407,11.846335411071777,410000,0.0,0
2020-06-04,11.66789815931764,12.480784527862301,11.449806348707586,12.451045036315918,516300,0.0,0
2020-06-05,13.234191262265043,14.126383527976719,13.22427778377014,13.670373916625977,442900,0.0,0
2020-06-08,13.98759793450091,14.513000960028165,13.819072578448976,13.858725547790527,687500,0.0,0
2020-06-09,13.392803294416751,13.422542784850606,12.96653316812564,13.363062858581543,809800,0.0,0
2020-06-10,13.31349754981028,13.31349754981028,12.520437211971595,12.788094520568848,1098300,0.0,0
2020-06-11,11.885988782490596,12.322172394828645,11.509285097435505,11.737290382385254,713200,0.0,0
2020-06-12,12.453463700651357,12.453463700651357,11.62787381087179,11.976014137268066,447800,0.04,0
2020-06-15,11.30957477945707,12.294313262816843,11.20015970861912,12.264472961425781,654700,0.0,0
2020-06-16,12.920965831049925,13.060222157784475,12.403729807732958,12.751869201660156,529500,0.0,0
2020-06-17,12.791656800884308,12.791656800884308,12.294313988194475,12.56287956237793,589400,0.0,0
2020-06-18,12.42362276412241,12.781710182843094,12.194845534256283,12.254526138305664,397300,0.0,0
2020-06-19,12.383835007097915,12.433569474718,12.065535932099076,12.413675308227539,731000,0.0,0
2020-06-22,12.224686007847257,12.324154947467012,11.89643983515062,12.284367561340332,446000,0.0,0
2020-06-23,12.473357425219245,12.702135607212734,12.184898638257794,12.682241439819336,491200,0.0,0
2020-06-24,12.353994828377946,12.353994828377946,11.399096645313746,11.538352966308594,777600,0.0,0
2020-06-25,11.418989783030597,11.677608256512604,11.14047809160709,11.468724250793457,498800,0.0,0
2020-06-26,11.43888388851741,11.448830971738097,10.891806643258407,11.289681434631348,1698500,0.0,0
2020-06-29,11.62787380604465,12.731975387319242,11.607980588073561,12.70213508605957,569600,0.0,0
2020-06-30,12.523091274774282,12.662346645205687,11.976014030434442,12.125216484069824,437900,0.0,0
2020-07-01,12.035695944095428,12.423622714691218,11.438884214339618,11.458778381347656,317900,0.0,0
2020-07-02,11.876545723960932,12.125217125580438,11.418990307036795,11.448831558227539,443700,0.0,0
2020-07-06,11.767130517528646,12.015801916375162,11.359309575197337,11.707449913024902,278400,0.0,0
2020-07-07,11.49856537063272,11.49856537063272,11.090743498472238,11.110637664794922,337400,0.0,0
2020-07-08,11.021116088977202,11.150425327487959,10.702817008708314,10.991275787353516,358000,0.0,0
2020-07-09,10.951488289519801,10.951488289519801,10.434251340804302,10.523773193359375,413500,0.0,0
2020-07-10,10.59340100038662,10.991275799778593,10.5635606987292,10.88185977935791,313900,0.0,0
2020-07-13,11.041010497627925,11.389149887145786,10.583455085416535,11.090744018554688,329600,0.0,0
2020-07-14,11.080797349463305,11.319521653387763,10.852019180081154,11.220052719116211,289200,0.0,0
2020-07-15,11.657715480395076,12.523091837284465,11.647768396744299,12.50319766998291,418800,0.0,0
2020-07-16,12.324154984311342,12.642454074276369,12.125217104477086,12.572826385498047,315900,0.0,0
2020-07-17,12.523091931248805,12.791656551592164,12.234633143454621,12.463410377502441,351800,0.0,0
2020-07-20,12.3738887406664,12.3738887406664,11.737290548646191,11.767130851745605,352000,0.0,0
2020-07-21,11.936227164123665,12.36394227439205,11.866599475886897,12.105323791503906,282900,0.0,0
2020-07-22,11.92628006110526,12.264473315316101,11.876545591614352,12.214738845825195,286000,0.0,0
2020-07-23,12.314208133709885,12.83144416469448,12.234633359712255,12.672294616699219,322100,0.0,0
2020-07-24,12.781710091697605,13.000540236459674,11.657715271650996,11.677608489990234,1005800,0.0,0
2020-07-27,11.518459486224664,11.697503202661215,11.239947776239244,11.548299789428711,247600,0.0,0
2020-07-28,11.538353133810459,11.846705133095709,11.448831279628905,11.568193435668945,193400,0.0,0
2020-07-29,11.508511762431011,11.906386560323613,11.319521921171434,11.826811790466309,254100,0.0,0
2020-07-30,11.538353226756799,11.598033830954526,11.120585202948307,11.528406143188477,205500,0.0,0
2020-07-31,11.359309244314618,11.657715103959463,11.190212622136077,11.647768020629883,443500,0.0,0
2020-08-03,11.796970800140661,11.866599436753917,11.379202774885535,11.816864967346191,273600,0.0,0
2020-08-04,11.757183138561837,12.045641916033293,11.72734283705957,11.936226844787598,281400,0.0,0
2020-08-05,12.244580120790973,12.63250689665038,12.06553640971364,12.612613677978516,223600,0.0,0
2020-08-06,12.552931848285835,12.801603242147138,12.493251244978532,12.731975555419922,243700,0.0,0
2020-08-07,12.632506971106958,13.19947840999156,12.59271958492261,13.189531326293945,294200,0.0,0
2020-08-10,13.288999189282768,13.557564754891457,13.109956427483079,13.448149681091309,308800,0.0,0
2020-08-11,13.726661776593678,14.164323032991321,13.587405447982274,13.686874389648438,711500,0.0,0
2020-08-12,13.965385263207084,14.02506681435936,13.129849238711657,13.318840026855469,191600,0.0,0
2020-08-13,13.139796597012687,13.368573825904756,12.911018419514525,13.199478149414062,155000,0.0,0
2020-08-14,13.020434152710584,13.527724016776052,13.01048706942944,13.428255081176758,151700,0.0,0
2020-08-17,13.428255622666237,13.438202706348493,13.060222063877747,13.298946380615234,198500,0.0,0
2020-08-18,13.259158548669546,13.259158548669546,12.722028379767478,12.77176284790039,291900,0.0,0
2020-08-19,12.751869373032452,12.930913088582166,12.68224168303251,12.781710624694824,343200,0.0,0
2020-08-20,12.562878824353097,12.930912370290164,12.443516670152379,12.88117790222168,249000,0.0,0
2020-08-21,12.771762755882405,12.911018127323954,12.642453519110914,12.81155014038086,341300,0.0,0
2020-08-24,13.010487357314785,13.288999055106984,12.801603346819114,13.199478149414062,248200,0.0,0
2020-08-25,13.3984151091081,13.428255411078569,12.831443680032638,12.980647087097168,206800,0.0,0
2020-08-26,12.940859753615864,13.050274827018095,12.582772334106565,12.652400970458984,185400,0.0,0
2020-08-27,12.80160361467859,13.22931872812065,12.722028842215806,13.08011531829834,219100,0.0,0
2020-08-28,13.239265176714206,13.259158394572525,12.930912236758674,13.249211311340332,216600,0.0,0
2020-08-31,13.189531035458737,13.189531035458737,12.771763015432,12.801603317260742,206300,0.0,0
2020-09-01,12.692187960851562,13.050274420603142,12.632506409923263,13.030381202697754,243400,0.0,0
2020-09-02,13.040328152199583,13.368574331301197,12.960753378393504,13.288999557495117,185400,0.0,0
2020-09-03,13.368573427637713,13.637138982533846,12.761815581229284,12.851337432861328,185600,0.0,0
2020-09-04,13.139796423941736,13.199477975557015,12.54298470221327,12.552931785583496,200700,0.0,0
2020-09-08,12.533038373732696,12.55293159155959,11.956120827661788,12.015801429748535,240500,0.0,0
2020-09-09,12.125217401827168,12.125217401827168,11.418990567193681,11.438884735107422,301400,0.0,0
2020-09-10,11.418989826642484,11.637820916471188,11.130531050843496,11.140478134155273,219500,0.0,0
2020-09-11,11.15042572302071,11.309575268800577,10.911701404350913,11.230000495910645,239100,0.0,0
2020-09-14,11.319999694824219,11.729999542236328,11.300000190734863,11.720000267028809,199900,0.06,0
2020-09-15,11.770000457763672,11.9399995803833,11.350000381469727,11.40999984741211,287300,0.0,0
2020-09-16,11.460000038146973,11.699999809265137,11.380000114440918,11.510000228881836,355000,0.0,0
2020-09-17,12.449999809265137,13.829999923706055,12.300000190734863,13.729999542236328,1272500,0.0,0
2020-09-18,13.829999923706055,14.479999542236328,13.600000381469727,14.460000038146973,1282900,0.0,0
2020-09-21,14.0,14.15999984741211,13.4399995803833,13.460000038146973,533300,0.0,0
2020-09-22,13.510000228881836,13.670000076293945,12.989999771118164,13.149999618530273,487600,0.0,0
2020-09-23,12.9399995803833,13.260000228881836,11.800000190734863,11.84000015258789,705000,0.0,0
2020-09-24,11.920000076293945,12.149999618530273,11.710000038146973,11.890000343322754,254600,0.0,0
2020-09-25,11.850000381469727,12.0600004196167,11.789999961853027,11.899999618530273,234200,0.0,0
2020-09-28,12.079999923706055,12.529999732971191,12.010000228881836,12.25,205700,0.0,0
2020-09-29,12.229999542236328,12.289999961853027,11.8100004196167,12.140000343322754,150100,0.0,0
2020-09-30,12.25,12.579999923706055,11.949999809265137,12.0600004196167,223700,0.0,0
2020-10-01,12.130000114440918,12.4399995803833,12.079999923706055,12.390000343322754,242100,0.0,0
2020-10-02,12.079999923706055,13.210000038146973,11.930000305175781,13.119999885559082,476200,0.0,0
2020-10-05,13.260000228881836,13.270000457763672,12.649999618530273,12.770000457763672,260700,0.0,0
2020-10-06,12.779999732971191,13.010000228881836,12.5,12.520000457763672,592400,0.0,0
2020-10-07,12.800000190734863,13.130000114440918,12.529999732971191,12.729999542236328,446700,0.0,0
2020-10-08,12.920000076293945,12.949999809265137,12.630000114440918,12.84000015258789,212800,0.0,0
2020-10-09,12.989999771118164,13.020000457763672,12.5600004196167,12.59000015258789,210700,0.0,0
2020-10-12,12.640000343322754,13.069999694824219,12.510000228881836,12.920000076293945,390100,0.0,0
2020-10-13,12.710000038146973,12.920000076293945,12.4399995803833,12.680000305175781,211800,0.0,0
2020-10-14,12.550000190734863,12.989999771118164,12.510000228881836,12.529999732971191,220500,0.0,0
2020-10-15,12.380000114440918,12.789999961853027,12.15999984741211,12.65999984741211,181200,0.0,0
2020-10-16,12.569999694824219,12.989999771118164,12.34000015258789,12.75,292300,0.0,0
2020-10-19,12.819999694824219,13.350000381469727,12.8100004196167,12.890000343322754,222300,0.0,0
2020-10-20,13.119999885559082,13.609999656677246,12.979999542236328,13.380000114440918,364400,0.0,0
2020-10-21,13.390000343322754,13.5,13.180000305175781,13.220000267028809,133200,0.0,0
2020-10-22,13.300000190734863,13.369999885559082,13.039999961853027,13.199999809265137,327700,0.0,0
2020-10-23,13.289999961853027,13.59000015258789,13.289999961853027,13.390000343322754,178000,0.0,0
2020-10-26,13.279999732971191,13.619999885559082,12.789999961853027,13.0600004196167,584500,0.0,0
2020-10-27,12.59000015258789,12.800000190734863,10.859999656677246,11.289999961853027,1123400,0.0,0
2020-10-28,11.09000015258789,11.649999618530273,10.930000305175781,11.300000190734863,803800,0.0,0
2020-10-29,11.279999732971191,11.640000343322754,11.100000381469727,11.529999732971191,700300,0.0,0
2020-10-30,11.399999618530273,11.670000076293945,11.319999694824219,11.460000038146973,724800,0.0,0
2020-11-02,11.6899995803833,11.779999732971191,11.369999885559082,11.649999618530273,447300,0.0,0
2020-11-03,11.90999984741211,12.180000305175781,11.779999732971191,11.789999961853027,405700,0.0,0
2020-11-04,11.420000076293945,11.800000190734863,11.170000076293945,11.449999809265137,379500,0.0,0
2020-11-05,11.510000228881836,11.859999656677246,11.399999618530273,11.489999771118164,435100,0.0,0
2020-11-06,11.609999656677246,11.84000015258789,11.420000076293945,11.479999542236328,437500,0.0,0
2020-11-09,12.380000114440918,13.979999542236328,12.380000114440918,13.779999732971191,849300,0.0,0
