Date,Open,High,Low,Close,Volume,Dividends,Stock Splits
1994-04-07,29.988000869750977,29.988000869750977,29.988000869750977,29.988000869750977,0,0,0.0
1994-04-08,14.755999565124512,29.988000869750977,14.755999565124512,29.988000869750977,100,0,0.0
1994-04-11,29.988000869750977,29.988000869750977,29.988000869750977,29.988000869750977,0,0,0.0
1994-04-12,29.988000869750977,29.988000869750977,29.988000869750977,29.988000869750977,0,0,0.0
1994-04-13,29.988000869750977,29.988000869750977,29.988000869750977,29.988000869750977,0,0,0.0
1994-04-14,29.988000869750977,29.988000869750977,29.988000869750977,29.988000869750977,0,0,0.0
1994-04-15,29.988000869750977,29.988000869750977,29.988000869750977,29.988000869750977,0,0,0.0
1994-04-18,29.988000869750977,29.988000869750977,29.988000869750977,29.988000869750977,0,0,0.0
1994-04-19,29.988000869750977,29.988000869750977,29.988000869750977,29.988000869750977,0,0,0.0
1994-04-20,29.988000869750977,29.988000869750977,29.988000869750977,29.988000869750977,0,0,0.0
1994-04-21,29.988000869750977,29.988000869750977,29.988000869750977,29.988000869750977,0,0,0.0
1994-04-22,29.988000869750977,29.988000869750977,29.988000869750977,29.988000869750977,0,0,0.0
1994-04-25,29.988000869750977,29.988000869750977,29.988000869750977,29.988000869750977,0,0,0.0
1994-04-26,29.988000869750977,29.988000869750977,29.988000869750977,29.988000869750977,0,0,0.0
1994-04-28,29.988000869750977,29.988000869750977,29.988000869750977,29.988000869750977,0,0,0.0
1994-04-29,29.988000869750977,29.988000869750977,29.988000869750977,29.988000869750977,0,0,0.0
1994-05-02,29.988000869750977,29.988000869750977,29.988000869750977,29.988000869750977,0,0,0.0
1994-05-03,29.988000869750977,29.988000869750977,29.988000869750977,29.988000869750977,0,0,0.0
1994-05-04,29.988000869750977,29.988000869750977,29.988000869750977,29.988000869750977,0,0,0.0
1994-05-05,46.64799880981445,46.64799880981445,46.64799880981445,46.64799880981445,0,0,0.0
1994-05-06,31.416000366210938,31.416000366210938,31.416000366210938,31.416000366210938,200,0,0.0
1994-05-09,31.416000366210938,31.416000366210938,31.416000366210938,31.416000366210938,0,0,0.0
1994-05-10,31.416000366210938,31.416000366210938,31.416000366210938,31.416000366210938,0,0,0.0
1994-05-11,31.416000366210938,31.416000366210938,31.416000366210938,31.416000366210938,0,0,0.0
1994-05-12,31.416000366210938,31.416000366210938,31.416000366210938,31.416000366210938,0,0,0.0
1994-05-13,31.416000366210938,31.416000366210938,31.416000366210938,31.416000366210938,0,0,0.0
1994-05-16,31.416000366210938,31.416000366210938,31.416000366210938,31.416000366210938,0,0,0.0
1994-05-17,31.416000366210938,31.416000366210938,31.416000366210938,31.416000366210938,0,0,0.0
1994-05-18,31.416000366210938,31.416000366210938,31.416000366210938,31.416000366210938,0,0,0.0
1994-05-19,31.416000366210938,31.416000366210938,31.416000366210938,31.416000366210938,0,0,0.0
1994-05-20,31.416000366210938,31.416000366210938,31.416000366210938,31.416000366210938,0,0,0.0
1994-05-23,31.416000366210938,31.416000366210938,31.416000366210938,31.416000366210938,0,0,0.0
1994-05-24,31.416000366210938,31.416000366210938,31.416000366210938,31.416000366210938,0,0,0.0
1994-05-25,31.416000366210938,31.416000366210938,31.416000366210938,31.416000366210938,0,0,0.0
1994-05-26,31.416000366210938,31.416000366210938,31.416000366210938,31.416000366210938,0,0,0.0
1994-05-27,31.416000366210938,31.416000366210938,31.416000366210938,31.416000366210938,0,0,0.0
1994-05-31,31.416000366210938,31.416000366210938,31.416000366210938,31.416000366210938,0,0,0.0
1994-06-01,31.416000366210938,31.416000366210938,31.416000366210938,31.416000366210938,0,0,0.0
1994-06-02,31.416000366210938,31.416000366210938,31.416000366210938,31.416000366210938,0,0,0.0
1994-06-03,31.416000366210938,31.416000366210938,31.416000366210938,31.416000366210938,0,0,0.0
1994-06-06,31.416000366210938,31.416000366210938,31.416000366210938,31.416000366210938,0,0,0.0
1994-06-07,31.416000366210938,31.416000366210938,31.416000366210938,31.416000366210938,0,0,0.0
1994-06-08,31.416000366210938,31.416000366210938,31.416000366210938,31.416000366210938,0,0,0.0
1994-06-09,31.416000366210938,31.416000366210938,31.416000366210938,31.416000366210938,0,0,0.0
1994-06-10,31.416000366210938,31.416000366210938,31.416000366210938,31.416000366210938,0,0,0.0
1994-06-13,31.416000366210938,31.416000366210938,31.416000366210938,31.416000366210938,0,0,0.0
1994-06-14,31.416000366210938,31.416000366210938,31.416000366210938,31.416000366210938,0,0,0.0
1994-06-15,31.416000366210938,31.416000366210938,31.416000366210938,31.416000366210938,0,0,0.0
1994-06-16,31.416000366210938,31.416000366210938,31.416000366210938,31.416000366210938,0,0,0.0
1994-06-17,31.416000366210938,31.416000366210938,31.416000366210938,31.416000366210938,0,0,0.0
1994-06-20,31.416000366210938,31.416000366210938,31.416000366210938,31.416000366210938,0,0,0.0
1994-06-21,31.416000366210938,31.416000366210938,31.416000366210938,31.416000366210938,0,0,0.0
1994-06-22,31.416000366210938,31.416000366210938,31.416000366210938,31.416000366210938,0,0,0.0
1994-06-23,31.416000366210938,31.416000366210938,31.416000366210938,31.416000366210938,0,0,0.0
1994-06-24,31.416000366210938,31.416000366210938,31.416000366210938,31.416000366210938,0,0,0.0
1994-06-27,31.416000366210938,31.416000366210938,31.416000366210938,31.416000366210938,0,0,0.0
1994-06-28,31.416000366210938,31.416000366210938,31.416000366210938,31.416000366210938,0,0,0.0
1994-06-29,31.416000366210938,31.416000366210938,31.416000366210938,31.416000366210938,0,0,0.0
1994-06-30,31.416000366210938,31.416000366210938,31.416000366210938,31.416000366210938,0,0,0.0
1994-07-01,31.416000366210938,31.416000366210938,31.416000366210938,31.416000366210938,0,0,0.0
1994-07-05,31.416000366210938,31.416000366210938,31.416000366210938,31.416000366210938,0,0,0.0
1994-07-06,31.416000366210938,31.416000366210938,31.416000366210938,31.416000366210938,0,0,0.0
1994-07-07,31.416000366210938,31.416000366210938,31.416000366210938,31.416000366210938,0,0,0.0
1994-07-08,31.416000366210938,31.416000366210938,31.416000366210938,31.416000366210938,0,0,0.0
1994-07-11,31.416000366210938,31.416000366210938,31.416000366210938,31.416000366210938,0,0,0.0
1994-07-12,31.416000366210938,31.416000366210938,31.416000366210938,31.416000366210938,0,0,0.0
1994-07-13,31.416000366210938,31.416000366210938,31.416000366210938,31.416000366210938,0,0,0.0
1994-07-14,31.416000366210938,31.416000366210938,31.416000366210938,31.416000366210938,0,0,0.0
1994-07-15,31.416000366210938,31.416000366210938,31.416000366210938,31.416000366210938,0,0,0.0
1994-07-18,31.416000366210938,31.416000366210938,31.416000366210938,31.416000366210938,0,0,0.0
1994-07-19,31.416000366210938,31.416000366210938,31.416000366210938,31.416000366210938,0,0,0.0
1994-07-20,31.416000366210938,31.416000366210938,31.416000366210938,31.416000366210938,0,0,0.0
1994-07-21,31.416000366210938,31.416000366210938,31.416000366210938,31.416000366210938,0,0,0.0
1994-07-22,31.416000366210938,31.416000366210938,31.416000366210938,31.416000366210938,0,0,0.0
1994-07-25,31.416000366210938,31.416000366210938,31.416000366210938,31.416000366210938,0,0,0.0
1994-07-26,31.416000366210938,31.416000366210938,31.416000366210938,31.416000366210938,0,0,0.0
1994-07-27,31.416000366210938,31.416000366210938,31.416000366210938,31.416000366210938,0,0,0.0
1994-07-28,31.416000366210938,31.416000366210938,31.416000366210938,31.416000366210938,0,0,0.0
1994-07-29,31.416000366210938,31.416000366210938,31.416000366210938,31.416000366210938,0,0,0.0
1994-08-01,31.416000366210938,31.416000366210938,31.416000366210938,31.416000366210938,0,0,0.0
1994-08-02,31.416000366210938,31.416000366210938,31.416000366210938,31.416000366210938,0,0,0.0
1994-08-03,31.416000366210938,31.416000366210938,31.416000366210938,31.416000366210938,0,0,0.0
1994-08-04,31.416000366210938,31.416000366210938,31.416000366210938,31.416000366210938,0,0,0.0
1994-08-05,31.416000366210938,31.416000366210938,31.416000366210938,31.416000366210938,0,0,0.0
1994-08-08,31.416000366210938,31.416000366210938,31.416000366210938,31.416000366210938,0,0,0.0
1994-08-09,31.416000366210938,31.416000366210938,31.416000366210938,31.416000366210938,0,0,0.0
1994-08-10,31.416000366210938,31.416000366210938,31.416000366210938,31.416000366210938,0,0,0.0
1994-08-11,31.416000366210938,31.416000366210938,31.416000366210938,31.416000366210938,0,0,0.0
1994-08-12,31.416000366210938,31.416000366210938,31.416000366210938,31.416000366210938,0,0,0.0
1994-08-15,31.416000366210938,31.416000366210938,31.416000366210938,31.416000366210938,0,0,0.0
1994-08-16,31.416000366210938,31.416000366210938,31.416000366210938,31.416000366210938,0,0,0.0
1994-08-17,31.416000366210938,31.416000366210938,31.416000366210938,31.416000366210938,0,0,0.0
1994-08-18,31.416000366210938,31.416000366210938,31.416000366210938,31.416000366210938,0,0,0.0
1994-08-19,31.416000366210938,31.416000366210938,31.416000366210938,31.416000366210938,0,0,0.0
1994-08-22,31.416000366210938,31.416000366210938,31.416000366210938,31.416000366210938,0,0,0.0
1994-08-23,31.416000366210938,31.416000366210938,31.416000366210938,31.416000366210938,0,0,0.0
1994-08-24,31.416000366210938,31.416000366210938,31.416000366210938,31.416000366210938,0,0,0.0
1994-08-25,31.416000366210938,31.416000366210938,31.416000366210938,31.416000366210938,0,0,0.0
1994-08-26,31.416000366210938,31.416000366210938,31.416000366210938,31.416000366210938,0,0,0.0
1994-08-29,31.416000366210938,31.416000366210938,31.416000366210938,31.416000366210938,0,0,0.0
1994-08-30,31.416000366210938,31.416000366210938,31.416000366210938,31.416000366210938,0,0,0.0
1994-08-31,31.416000366210938,31.416000366210938,31.416000366210938,31.416000366210938,0,0,0.0
1994-09-01,31.416000366210938,31.416000366210938,31.416000366210938,31.416000366210938,0,0,0.0
1994-09-02,31.416000366210938,31.416000366210938,31.416000366210938,31.416000366210938,0,0,0.0
1994-09-06,31.416000366210938,31.416000366210938,31.416000366210938,31.416000366210938,0,0,0.0
1994-09-07,31.416000366210938,31.416000366210938,31.416000366210938,31.416000366210938,0,0,0.0
1994-09-08,31.416000366210938,31.416000366210938,31.416000366210938,31.416000366210938,0,0,0.0
1994-09-09,31.416000366210938,31.416000366210938,31.416000366210938,31.416000366210938,0,0,0.0
1994-09-12,31.416000366210938,31.416000366210938,31.416000366210938,31.416000366210938,0,0,0.0
1994-09-13,31.416000366210938,31.416000366210938,31.416000366210938,31.416000366210938,0,0,0.0
1994-09-14,31.416000366210938,31.416000366210938,31.416000366210938,31.416000366210938,0,0,0.0
1994-09-15,31.416000366210938,31.416000366210938,31.416000366210938,31.416000366210938,0,0,0.0
1994-09-16,31.416000366210938,31.416000366210938,31.416000366210938,31.416000366210938,0,0,0.0
1994-09-19,31.416000366210938,31.416000366210938,31.416000366210938,31.416000366210938,0,0,0.0
1994-09-20,31.416000366210938,31.416000366210938,31.416000366210938,31.416000366210938,0,0,0.0
1994-09-21,31.416000366210938,31.416000366210938,31.416000366210938,31.416000366210938,0,0,0.0
1994-09-22,31.416000366210938,31.416000366210938,31.416000366210938,31.416000366210938,0,0,0.0
1994-09-23,31.416000366210938,31.416000366210938,31.416000366210938,31.416000366210938,0,0,0.0
1994-09-26,31.416000366210938,31.416000366210938,31.416000366210938,31.416000366210938,0,0,0.0
1994-09-27,31.416000366210938,31.416000366210938,31.416000366210938,31.416000366210938,0,0,0.0
1994-09-28,31.416000366210938,31.416000366210938,31.416000366210938,31.416000366210938,0,0,0.0
1994-09-29,31.416000366210938,31.416000366210938,31.416000366210938,31.416000366210938,0,0,0.0
1994-09-30,31.416000366210938,31.416000366210938,31.416000366210938,31.416000366210938,0,0,0.0
1994-10-03,31.416000366210938,31.416000366210938,31.416000366210938,31.416000366210938,0,0,0.0
1994-10-04,31.416000366210938,31.416000366210938,31.416000366210938,31.416000366210938,0,0,0.0
1994-10-05,31.416000366210938,31.416000366210938,31.416000366210938,31.416000366210938,0,0,0.0
1994-10-06,31.416000366210938,31.416000366210938,31.416000366210938,31.416000366210938,0,0,0.0
1994-10-07,31.416000366210938,31.416000366210938,31.416000366210938,31.416000366210938,0,0,0.0
1994-10-10,31.416000366210938,31.416000366210938,31.416000366210938,31.416000366210938,0,0,0.0
1994-10-11,31.416000366210938,31.416000366210938,31.416000366210938,31.416000366210938,0,0,0.0
1994-10-12,31.416000366210938,31.416000366210938,31.416000366210938,31.416000366210938,0,0,0.0
1994-10-13,31.416000366210938,31.416000366210938,31.416000366210938,31.416000366210938,0,0,0.0
1994-10-14,31.416000366210938,31.416000366210938,31.416000366210938,31.416000366210938,0,0,0.0
1994-10-17,31.416000366210938,31.416000366210938,31.416000366210938,31.416000366210938,0,0,0.0
1994-10-18,31.416000366210938,31.416000366210938,31.416000366210938,31.416000366210938,0,0,0.0
1994-10-19,31.416000366210938,31.416000366210938,31.416000366210938,31.416000366210938,0,0,0.0
1994-10-20,31.416000366210938,31.416000366210938,31.416000366210938,31.416000366210938,0,0,0.0
1994-10-21,9.520000457763672,9.520000457763672,9.520000457763672,9.520000457763672,0,0,0.0
1994-10-24,9.520000457763672,9.520000457763672,9.520000457763672,9.520000457763672,0,0,0.0
1994-10-25,9.520000457763672,9.520000457763672,9.520000457763672,9.520000457763672,0,0,0.0
1994-10-26,9.520000457763672,9.520000457763672,9.520000457763672,9.520000457763672,0,0,0.0
1994-10-27,9.520000457763672,9.520000457763672,9.520000457763672,9.520000457763672,0,0,0.0
1994-10-28,9.520000457763672,9.520000457763672,9.520000457763672,9.520000457763672,0,0,0.0
1994-10-31,9.520000457763672,9.520000457763672,9.520000457763672,9.520000457763672,0,0,0.0
1994-11-01,9.520000457763672,9.520000457763672,9.520000457763672,9.520000457763672,0,0,0.0
1994-11-02,9.520000457763672,9.520000457763672,9.520000457763672,9.520000457763672,0,0,0.0
1994-11-03,9.520000457763672,9.520000457763672,9.520000457763672,9.520000457763672,0,0,0.0
1994-11-04,9.520000457763672,9.520000457763672,9.520000457763672,9.520000457763672,0,0,0.0
1994-11-07,9.520000457763672,9.520000457763672,9.520000457763672,9.520000457763672,0,0,0.0
1994-11-08,9.520000457763672,9.520000457763672,9.520000457763672,9.520000457763672,0,0,0.0
1994-11-09,9.520000457763672,9.520000457763672,9.520000457763672,9.520000457763672,0,0,0.0
1994-11-10,9.520000457763672,9.520000457763672,9.520000457763672,9.520000457763672,0,0,0.0
1994-11-11,9.520000457763672,9.520000457763672,9.520000457763672,9.520000457763672,0,0,0.0
1994-11-14,9.520000457763672,9.520000457763672,9.520000457763672,9.520000457763672,0,0,0.0
1994-11-15,9.520000457763672,9.520000457763672,9.520000457763672,9.520000457763672,0,0,0.0
1994-11-16,9.520000457763672,9.520000457763672,9.520000457763672,9.520000457763672,0,0,0.0
1994-11-17,9.520000457763672,9.520000457763672,9.520000457763672,9.520000457763672,0,0,0.0
1994-11-18,9.520000457763672,9.520000457763672,9.520000457763672,9.520000457763672,0,0,0.0
1994-11-21,9.520000457763672,9.520000457763672,9.520000457763672,9.520000457763672,0,0,0.0
1994-11-22,9.520000457763672,9.520000457763672,9.520000457763672,9.520000457763672,0,0,0.0
1994-11-23,9.520000457763672,9.520000457763672,9.520000457763672,9.520000457763672,0,0,0.0
1994-11-25,9.520000457763672,9.520000457763672,9.520000457763672,9.520000457763672,0,0,0.0
1994-11-28,9.520000457763672,9.520000457763672,9.520000457763672,9.520000457763672,0,0,0.0
1994-11-29,9.520000457763672,9.520000457763672,9.520000457763672,9.520000457763672,0,0,0.0
1994-11-30,9.520000457763672,9.520000457763672,9.520000457763672,9.520000457763672,0,0,0.0
1994-12-01,9.520000457763672,9.520000457763672,9.520000457763672,9.520000457763672,0,0,0.0
1994-12-02,9.520000457763672,9.520000457763672,9.520000457763672,9.520000457763672,0,0,0.0
1994-12-05,9.520000457763672,9.520000457763672,9.520000457763672,9.520000457763672,0,0,0.0
1994-12-06,9.520000457763672,9.520000457763672,9.520000457763672,9.520000457763672,0,0,0.0
1994-12-07,9.520000457763672,9.520000457763672,9.520000457763672,9.520000457763672,0,0,0.0
1994-12-08,9.520000457763672,9.520000457763672,9.520000457763672,9.520000457763672,0,0,0.0
1994-12-09,9.520000457763672,9.520000457763672,9.520000457763672,9.520000457763672,0,0,0.0
1994-12-12,28.559999465942383,28.559999465942383,28.559999465942383,28.559999465942383,0,0,0.0
1994-12-13,28.559999465942383,28.559999465942383,28.559999465942383,28.559999465942383,0,0,0.0
1994-12-14,28.559999465942383,28.559999465942383,28.559999465942383,28.559999465942383,0,0,0.0
1994-12-15,28.559999465942383,28.559999465942383,28.559999465942383,28.559999465942383,0,0,0.0
1994-12-16,28.559999465942383,28.559999465942383,28.559999465942383,28.559999465942383,0,0,0.0
1994-12-19,28.559999465942383,28.559999465942383,28.559999465942383,28.559999465942383,0,0,0.0
1994-12-20,28.559999465942383,28.559999465942383,28.559999465942383,28.559999465942383,0,0,0.0
1994-12-21,28.559999465942383,28.559999465942383,28.559999465942383,28.559999465942383,0,0,0.0
1994-12-22,28.559999465942383,28.559999465942383,28.559999465942383,28.559999465942383,0,0,0.0
1994-12-23,28.559999465942383,28.559999465942383,28.559999465942383,28.559999465942383,0,0,0.0
1994-12-27,28.559999465942383,28.559999465942383,28.559999465942383,28.559999465942383,0,0,0.0
1994-12-28,28.559999465942383,28.559999465942383,28.559999465942383,28.559999465942383,0,0,0.0
1994-12-29,28.559999465942383,28.559999465942383,28.559999465942383,28.559999465942383,0,0,0.0
1994-12-30,28.559999465942383,28.559999465942383,28.559999465942383,28.559999465942383,0,0,0.0
1995-01-03,28.559999465942383,28.559999465942383,28.559999465942383,28.559999465942383,0,0,0.0
1995-01-04,28.559999465942383,28.559999465942383,28.559999465942383,28.559999465942383,0,0,0.0
1995-01-05,28.559999465942383,28.559999465942383,28.559999465942383,28.559999465942383,0,0,0.0
1995-01-06,28.559999465942383,28.559999465942383,28.559999465942383,28.559999465942383,0,0,0.0
1995-01-09,28.559999465942383,28.559999465942383,28.559999465942383,28.559999465942383,0,0,0.0
1995-01-10,28.559999465942383,28.559999465942383,28.559999465942383,28.559999465942383,0,0,0.0
1995-01-11,28.559999465942383,28.559999465942383,28.559999465942383,28.559999465942383,0,0,0.0
1995-01-12,28.559999465942383,28.559999465942383,28.559999465942383,28.559999465942383,0,0,0.0
1995-01-13,28.559999465942383,28.559999465942383,28.559999465942383,28.559999465942383,0,0,0.0
1995-01-16,28.559999465942383,28.559999465942383,28.559999465942383,28.559999465942383,0,0,0.0
1995-01-17,28.559999465942383,28.559999465942383,28.559999465942383,28.559999465942383,0,0,0.0
1995-01-18,28.559999465942383,28.559999465942383,28.559999465942383,28.559999465942383,0,0,0.0
1995-01-19,28.559999465942383,28.559999465942383,28.559999465942383,28.559999465942383,0,0,0.0
1995-01-20,28.559999465942383,28.559999465942383,28.559999465942383,28.559999465942383,0,0,0.0
1995-01-23,28.559999465942383,28.559999465942383,28.559999465942383,28.559999465942383,0,0,0.0
1995-01-24,28.559999465942383,28.559999465942383,28.559999465942383,28.559999465942383,0,0,0.0
1995-01-25,28.559999465942383,28.559999465942383,28.559999465942383,28.559999465942383,0,0,0.0
1995-01-26,28.559999465942383,28.559999465942383,28.559999465942383,28.559999465942383,0,0,0.0
1995-01-27,28.559999465942383,28.559999465942383,28.559999465942383,28.559999465942383,0,0,0.0
1995-01-30,28.559999465942383,28.559999465942383,28.559999465942383,28.559999465942383,0,0,0.0
1995-01-31,28.559999465942383,28.559999465942383,28.559999465942383,28.559999465942383,0,0,0.0
1995-02-01,28.559999465942383,28.559999465942383,28.559999465942383,28.559999465942383,0,0,0.0
1995-02-02,28.559999465942383,28.559999465942383,28.559999465942383,28.559999465942383,0,0,0.0
1995-02-03,28.559999465942383,28.559999465942383,28.559999465942383,28.559999465942383,0,0,0.0
1995-02-06,28.559999465942383,28.559999465942383,28.559999465942383,28.559999465942383,0,0,0.0
1995-02-07,28.559999465942383,28.559999465942383,28.559999465942383,28.559999465942383,0,0,0.0
1995-02-08,28.559999465942383,28.559999465942383,28.559999465942383,28.559999465942383,0,0,0.0
1995-02-09,28.559999465942383,28.559999465942383,28.559999465942383,28.559999465942383,0,0,0.0
1995-02-10,28.559999465942383,28.559999465942383,28.559999465942383,28.559999465942383,0,0,0.0
1995-02-13,28.559999465942383,28.559999465942383,28.559999465942383,28.559999465942383,0,0,0.0
1995-02-14,28.559999465942383,28.559999465942383,28.559999465942383,28.559999465942383,0,0,0.0
1995-02-15,28.559999465942383,28.559999465942383,28.559999465942383,28.559999465942383,0,0,0.0
1995-02-16,28.559999465942383,28.559999465942383,28.559999465942383,28.559999465942383,0,0,0.0
1995-02-17,28.559999465942383,28.559999465942383,28.559999465942383,28.559999465942383,0,0,0.0
1995-02-21,28.559999465942383,28.559999465942383,28.559999465942383,28.559999465942383,0,0,0.0
1995-02-22,28.559999465942383,28.559999465942383,28.559999465942383,28.559999465942383,0,0,0.0
1995-02-23,28.559999465942383,28.559999465942383,28.559999465942383,28.559999465942383,0,0,0.0
1995-02-24,28.559999465942383,28.559999465942383,28.559999465942383,28.559999465942383,0,0,0.0
1995-02-27,28.559999465942383,28.559999465942383,28.559999465942383,28.559999465942383,0,0,0.0
1995-02-28,28.559999465942383,28.559999465942383,28.559999465942383,28.559999465942383,0,0,0.0
1995-03-01,28.559999465942383,28.559999465942383,28.559999465942383,28.559999465942383,0,0,0.0
1995-03-02,28.559999465942383,28.559999465942383,28.559999465942383,28.559999465942383,0,0,0.0
1995-03-03,28.559999465942383,28.559999465942383,28.559999465942383,28.559999465942383,0,0,0.0
1995-03-06,28.559999465942383,28.559999465942383,28.559999465942383,28.559999465942383,0,0,0.0
1995-03-07,28.559999465942383,28.559999465942383,28.559999465942383,28.559999465942383,0,0,0.0
1995-03-08,28.559999465942383,28.559999465942383,28.559999465942383,28.559999465942383,0,0,0.0
1995-03-09,28.559999465942383,28.559999465942383,28.559999465942383,28.559999465942383,0,0,0.0
1995-03-10,28.559999465942383,28.559999465942383,28.559999465942383,28.559999465942383,0,0,0.0
1995-03-13,28.559999465942383,28.559999465942383,28.559999465942383,28.559999465942383,0,0,0.0
1995-03-14,28.559999465942383,28.559999465942383,28.559999465942383,28.559999465942383,0,0,0.0
1995-03-15,28.559999465942383,28.559999465942383,28.559999465942383,28.559999465942383,0,0,0.0
1995-03-16,28.559999465942383,28.559999465942383,28.559999465942383,28.559999465942383,0,0,0.0
1995-03-17,28.559999465942383,28.559999465942383,28.559999465942383,28.559999465942383,0,0,0.0
1995-03-20,28.559999465942383,28.559999465942383,28.559999465942383,28.559999465942383,0,0,0.0
1995-03-21,28.559999465942383,28.559999465942383,28.559999465942383,28.559999465942383,0,0,0.0
1995-03-22,28.559999465942383,28.559999465942383,28.559999465942383,28.559999465942383,0,0,0.0
1995-03-23,28.559999465942383,28.559999465942383,28.559999465942383,28.559999465942383,0,0,0.0
1995-03-24,28.559999465942383,28.559999465942383,28.559999465942383,28.559999465942383,0,0,0.0
1995-03-27,28.559999465942383,28.559999465942383,28.559999465942383,28.559999465942383,0,0,0.0
1995-03-28,28.559999465942383,28.559999465942383,28.559999465942383,28.559999465942383,0,0,0.0
1995-03-29,28.559999465942383,28.559999465942383,28.559999465942383,28.559999465942383,0,0,0.0
1995-03-30,28.559999465942383,28.559999465942383,28.559999465942383,28.559999465942383,0,0,0.0
1995-03-31,28.559999465942383,28.559999465942383,28.559999465942383,28.559999465942383,0,0,0.0
1995-04-03,28.559999465942383,28.559999465942383,28.559999465942383,28.559999465942383,0,0,0.0
1995-04-04,28.559999465942383,28.559999465942383,28.559999465942383,28.559999465942383,0,0,0.0
1995-04-05,28.559999465942383,28.559999465942383,28.559999465942383,28.559999465942383,0,0,0.0
1995-04-06,28.559999465942383,28.559999465942383,28.559999465942383,28.559999465942383,0,0,0.0
1995-04-07,28.559999465942383,28.559999465942383,28.559999465942383,28.559999465942383,0,0,0.0
1995-04-10,28.559999465942383,28.559999465942383,28.559999465942383,28.559999465942383,0,0,0.0
1995-04-11,28.559999465942383,28.559999465942383,28.559999465942383,28.559999465942383,0,0,0.0
1995-04-12,28.559999465942383,28.559999465942383,28.559999465942383,28.559999465942383,0,0,0.0
1995-04-13,28.559999465942383,28.559999465942383,28.559999465942383,28.559999465942383,0,0,0.0
1995-04-17,28.559999465942383,28.559999465942383,28.559999465942383,28.559999465942383,0,0,0.0
1995-04-18,28.559999465942383,28.559999465942383,28.559999465942383,28.559999465942383,0,0,0.0
1995-04-19,28.559999465942383,28.559999465942383,28.559999465942383,28.559999465942383,0,0,0.0
1995-04-20,28.559999465942383,28.559999465942383,28.559999465942383,28.559999465942383,0,0,0.0
1995-04-21,28.559999465942383,28.559999465942383,28.559999465942383,28.559999465942383,0,0,0.0
1995-04-24,28.559999465942383,28.559999465942383,28.559999465942383,28.559999465942383,0,0,0.0
1995-04-25,28.559999465942383,28.559999465942383,28.559999465942383,28.559999465942383,0,0,0.0
1995-04-26,28.559999465942383,28.559999465942383,28.559999465942383,28.559999465942383,0,0,0.0
1995-04-27,28.559999465942383,28.559999465942383,28.559999465942383,28.559999465942383,0,0,0.0
1995-04-28,28.559999465942383,28.559999465942383,28.559999465942383,28.559999465942383,0,0,0.0
1995-05-01,28.559999465942383,28.559999465942383,28.559999465942383,28.559999465942383,0,0,0.0
1995-05-02,28.559999465942383,28.559999465942383,28.559999465942383,28.559999465942383,0,0,0.0
1995-05-03,28.559999465942383,28.559999465942383,28.559999465942383,28.559999465942383,0,0,0.0
1995-05-04,28.559999465942383,28.559999465942383,28.559999465942383,28.559999465942383,0,0,0.0
1995-05-05,28.559999465942383,28.559999465942383,28.559999465942383,28.559999465942383,0,0,0.0
1995-05-08,28.559999465942383,28.559999465942383,28.559999465942383,28.559999465942383,0,0,0.0
1995-05-09,28.559999465942383,28.559999465942383,28.559999465942383,28.559999465942383,0,0,0.0
1995-05-10,28.559999465942383,28.559999465942383,28.559999465942383,28.559999465942383,0,0,0.0
1995-05-11,28.559999465942383,28.559999465942383,28.559999465942383,28.559999465942383,0,0,0.0
1995-05-12,28.559999465942383,28.559999465942383,28.559999465942383,28.559999465942383,0,0,0.0
1995-05-15,28.559999465942383,28.559999465942383,28.559999465942383,28.559999465942383,0,0,0.0
1995-05-16,28.559999465942383,28.559999465942383,28.559999465942383,28.559999465942383,0,0,0.0
1995-05-17,28.559999465942383,28.559999465942383,28.559999465942383,28.559999465942383,0,0,0.0
1995-05-18,28.559999465942383,28.559999465942383,28.559999465942383,28.559999465942383,0,0,0.0
1995-05-19,28.559999465942383,28.559999465942383,28.559999465942383,28.559999465942383,0,0,0.0
1995-05-22,28.559999465942383,28.559999465942383,28.559999465942383,28.559999465942383,0,0,0.0
1995-05-23,28.559999465942383,28.559999465942383,28.559999465942383,28.559999465942383,0,0,0.0
1995-05-24,28.559999465942383,28.559999465942383,28.559999465942383,28.559999465942383,0,0,0.0
1995-05-25,28.559999465942383,28.559999465942383,28.559999465942383,28.559999465942383,0,0,0.0
1995-05-26,28.559999465942383,28.559999465942383,28.559999465942383,28.559999465942383,0,0,0.0
1995-05-30,28.559999465942383,28.559999465942383,28.559999465942383,28.559999465942383,0,0,0.0
1995-05-31,28.559999465942383,28.559999465942383,28.559999465942383,28.559999465942383,0,0,0.0
1995-06-01,28.559999465942383,28.559999465942383,28.559999465942383,28.559999465942383,0,0,0.0
1995-06-02,28.559999465942383,28.559999465942383,28.559999465942383,28.559999465942383,0,0,0.0
1995-06-05,28.559999465942383,28.559999465942383,28.559999465942383,28.559999465942383,0,0,0.0
1995-06-06,28.559999465942383,28.559999465942383,28.559999465942383,28.559999465942383,0,0,0.0
1995-06-07,28.559999465942383,28.559999465942383,28.559999465942383,28.559999465942383,0,0,0.0
1995-06-08,28.559999465942383,28.559999465942383,28.559999465942383,28.559999465942383,0,0,0.0
1995-06-09,28.559999465942383,28.559999465942383,28.559999465942383,28.559999465942383,0,0,0.0
1995-06-12,28.559999465942383,28.559999465942383,28.559999465942383,28.559999465942383,0,0,0.0
1995-06-13,28.559999465942383,28.559999465942383,28.559999465942383,28.559999465942383,0,0,0.0
1995-06-14,28.559999465942383,28.559999465942383,28.559999465942383,28.559999465942383,0,0,0.0
1995-06-15,28.559999465942383,28.559999465942383,28.559999465942383,28.559999465942383,0,0,0.0
1995-06-16,28.559999465942383,28.559999465942383,28.559999465942383,28.559999465942383,0,0,0.0
1995-06-19,28.559999465942383,28.559999465942383,28.559999465942383,28.559999465942383,0,0,0.0
1995-06-20,28.559999465942383,28.559999465942383,28.559999465942383,28.559999465942383,0,0,0.0
1995-06-21,28.559999465942383,28.559999465942383,28.559999465942383,28.559999465942383,0,0,0.0
1995-06-22,28.559999465942383,28.559999465942383,28.559999465942383,28.559999465942383,0,0,0.0
1995-06-23,28.559999465942383,28.559999465942383,28.559999465942383,28.559999465942383,0,0,0.0
1995-06-26,28.559999465942383,28.559999465942383,28.559999465942383,28.559999465942383,0,0,0.0
1995-06-27,28.559999465942383,28.559999465942383,28.559999465942383,28.559999465942383,0,0,0.0
1995-06-28,28.559999465942383,28.559999465942383,28.559999465942383,28.559999465942383,0,0,0.0
1995-06-29,28.559999465942383,28.559999465942383,28.559999465942383,28.559999465942383,0,0,0.0
1995-06-30,28.559999465942383,28.559999465942383,28.559999465942383,28.559999465942383,0,0,0.0
1995-07-03,28.559999465942383,28.559999465942383,28.559999465942383,28.559999465942383,0,0,0.0
1995-07-05,28.559999465942383,28.559999465942383,28.559999465942383,28.559999465942383,0,0,0.0
1995-07-06,28.559999465942383,28.559999465942383,28.559999465942383,28.559999465942383,0,0,0.0
1995-07-07,28.559999465942383,28.559999465942383,28.559999465942383,28.559999465942383,0,0,0.0
1995-07-10,28.559999465942383,28.559999465942383,28.559999465942383,28.559999465942383,0,0,0.0
1995-07-11,28.559999465942383,28.559999465942383,28.559999465942383,28.559999465942383,0,0,0.0
1995-07-12,28.559999465942383,28.559999465942383,28.559999465942383,28.559999465942383,0,0,0.0
1995-07-13,28.559999465942383,28.559999465942383,28.559999465942383,28.559999465942383,0,0,0.0
1995-07-14,28.559999465942383,28.559999465942383,28.559999465942383,28.559999465942383,0,0,0.0
1995-07-17,28.559999465942383,28.559999465942383,28.559999465942383,28.559999465942383,0,0,0.0
1995-07-18,28.559999465942383,28.559999465942383,28.559999465942383,28.559999465942383,0,0,0.0
1995-07-19,28.559999465942383,28.559999465942383,28.559999465942383,28.559999465942383,0,0,0.0
1995-07-20,28.559999465942383,28.559999465942383,28.559999465942383,28.559999465942383,0,0,0.0
1995-07-21,28.559999465942383,28.559999465942383,28.559999465942383,28.559999465942383,0,0,0.0
1995-07-24,28.559999465942383,28.559999465942383,28.559999465942383,28.559999465942383,0,0,0.0
1995-07-25,28.559999465942383,28.559999465942383,28.559999465942383,28.559999465942383,0,0,0.0
1995-07-26,28.559999465942383,28.559999465942383,28.559999465942383,28.559999465942383,0,0,0.0
1995-07-27,28.559999465942383,28.559999465942383,28.559999465942383,28.559999465942383,0,0,0.0
1995-07-28,28.559999465942383,28.559999465942383,28.559999465942383,28.559999465942383,0,0,0.0
1995-07-31,28.559999465942383,28.559999465942383,28.559999465942383,28.559999465942383,0,0,0.0
1995-08-01,28.559999465942383,28.559999465942383,28.559999465942383,28.559999465942383,0,0,0.0
1995-08-02,28.559999465942383,28.559999465942383,28.559999465942383,28.559999465942383,0,0,0.0
1995-08-03,28.559999465942383,28.559999465942383,28.559999465942383,28.559999465942383,0,0,0.0
1995-08-04,28.559999465942383,28.559999465942383,28.559999465942383,28.559999465942383,0,0,0.0
1995-08-07,28.559999465942383,28.559999465942383,28.559999465942383,28.559999465942383,0,0,0.0
1995-08-08,28.559999465942383,28.559999465942383,28.559999465942383,28.559999465942383,0,0,0.0
1995-08-09,28.559999465942383,28.559999465942383,28.559999465942383,28.559999465942383,0,0,0.0
1995-08-10,28.559999465942383,28.559999465942383,28.559999465942383,28.559999465942383,0,0,0.0
1995-08-11,28.559999465942383,28.559999465942383,28.559999465942383,28.559999465942383,0,0,0.0
1995-08-14,28.559999465942383,28.559999465942383,28.559999465942383,28.559999465942383,0,0,0.0
1995-08-15,28.559999465942383,28.559999465942383,28.559999465942383,28.559999465942383,0,0,0.0
1995-08-16,28.559999465942383,28.559999465942383,28.559999465942383,28.559999465942383,0,0,0.0
1995-08-17,28.559999465942383,28.559999465942383,28.559999465942383,28.559999465942383,0,0,0.0
1995-08-18,28.559999465942383,28.559999465942383,28.559999465942383,28.559999465942383,0,0,0.0
1995-08-21,28.559999465942383,28.559999465942383,28.559999465942383,28.559999465942383,0,0,0.0
1995-08-22,28.559999465942383,28.559999465942383,28.559999465942383,28.559999465942383,0,0,0.0
1995-08-23,28.559999465942383,28.559999465942383,28.559999465942383,28.559999465942383,0,0,0.0
1995-08-24,28.559999465942383,28.559999465942383,28.559999465942383,28.559999465942383,0,0,0.0
1995-08-25,28.559999465942383,28.559999465942383,28.559999465942383,28.559999465942383,0,0,0.0
1995-08-28,28.559999465942383,28.559999465942383,28.559999465942383,28.559999465942383,0,0,0.0
1995-08-29,28.559999465942383,28.559999465942383,28.559999465942383,28.559999465942383,0,0,0.0
1995-08-30,28.559999465942383,28.559999465942383,28.559999465942383,28.559999465942383,0,0,0.0
1995-08-31,28.559999465942383,28.559999465942383,28.559999465942383,28.559999465942383,0,0,0.0
1995-09-01,28.559999465942383,28.559999465942383,28.559999465942383,28.559999465942383,0,0,0.0
1995-09-05,28.559999465942383,28.559999465942383,28.559999465942383,28.559999465942383,0,0,0.0
1995-09-06,28.559999465942383,28.559999465942383,28.559999465942383,28.559999465942383,0,0,0.0
1995-09-07,28.559999465942383,28.559999465942383,28.559999465942383,28.559999465942383,0,0,0.0
1995-09-08,28.559999465942383,28.559999465942383,28.559999465942383,28.559999465942383,0,0,0.0
1995-09-11,28.559999465942383,28.559999465942383,28.559999465942383,28.559999465942383,0,0,0.0
1995-09-12,28.559999465942383,28.559999465942383,28.559999465942383,28.559999465942383,0,0,0.0
1995-09-13,28.559999465942383,28.559999465942383,28.559999465942383,28.559999465942383,0,0,0.0
1995-09-14,28.559999465942383,28.559999465942383,28.559999465942383,28.559999465942383,0,0,0.0
1995-09-15,28.559999465942383,28.559999465942383,28.559999465942383,28.559999465942383,0,0,0.0
1995-09-18,28.559999465942383,28.559999465942383,28.559999465942383,28.559999465942383,0,0,0.0
1995-09-19,28.559999465942383,28.559999465942383,28.559999465942383,28.559999465942383,0,0,0.0
1995-09-20,28.559999465942383,28.559999465942383,28.559999465942383,28.559999465942383,0,0,0.0
1995-09-21,28.559999465942383,28.559999465942383,28.559999465942383,28.559999465942383,0,0,0.0
1995-09-22,28.559999465942383,28.559999465942383,28.559999465942383,28.559999465942383,0,0,0.0
1995-09-25,28.559999465942383,28.559999465942383,28.559999465942383,28.559999465942383,0,0,0.0
1995-09-26,28.559999465942383,28.559999465942383,28.559999465942383,28.559999465942383,0,0,0.0
1995-09-27,28.559999465942383,28.559999465942383,28.559999465942383,28.559999465942383,0,0,0.0
1995-09-28,28.559999465942383,28.559999465942383,28.559999465942383,28.559999465942383,0,0,0.0
1995-09-29,28.559999465942383,28.559999465942383,28.559999465942383,28.559999465942383,0,0,0.0
1995-10-02,28.559999465942383,28.559999465942383,28.559999465942383,28.559999465942383,0,0,0.0
1995-10-03,28.559999465942383,28.559999465942383,28.559999465942383,28.559999465942383,0,0,0.0
1995-10-04,28.559999465942383,28.559999465942383,28.559999465942383,28.559999465942383,0,0,0.0
1995-10-05,28.559999465942383,28.559999465942383,28.559999465942383,28.559999465942383,0,0,0.0
1995-10-06,28.559999465942383,28.559999465942383,28.559999465942383,28.559999465942383,0,0,0.0
1995-10-09,28.559999465942383,28.559999465942383,28.559999465942383,28.559999465942383,0,0,0.0
1995-10-10,28.559999465942383,28.559999465942383,28.559999465942383,28.559999465942383,0,0,0.0
1995-10-11,28.559999465942383,28.559999465942383,28.559999465942383,28.559999465942383,0,0,0.0
1995-10-12,28.559999465942383,28.559999465942383,28.559999465942383,28.559999465942383,0,0,0.0
1995-10-13,28.559999465942383,28.559999465942383,28.559999465942383,28.559999465942383,0,0,0.0
1995-10-16,28.559999465942383,28.559999465942383,28.559999465942383,28.559999465942383,0,0,0.0
1995-10-17,28.559999465942383,28.559999465942383,28.559999465942383,28.559999465942383,0,0,0.0
1995-10-18,28.559999465942383,28.559999465942383,28.559999465942383,28.559999465942383,0,0,0.0
1995-10-19,28.559999465942383,28.559999465942383,28.559999465942383,28.559999465942383,0,0,0.0
1995-10-20,28.559999465942383,28.559999465942383,28.559999465942383,28.559999465942383,0,0,0.0
1995-10-23,28.559999465942383,28.559999465942383,28.559999465942383,28.559999465942383,0,0,0.0
1995-10-24,28.559999465942383,28.559999465942383,28.559999465942383,28.559999465942383,0,0,0.0
1995-10-25,28.559999465942383,28.559999465942383,28.559999465942383,28.559999465942383,0,0,0.0
1995-10-26,28.559999465942383,28.559999465942383,28.559999465942383,28.559999465942383,0,0,0.0
1995-10-27,28.559999465942383,28.559999465942383,28.559999465942383,28.559999465942383,200,0,0.0
1995-10-30,28.559999465942383,28.559999465942383,28.559999465942383,28.559999465942383,0,0,0.0
1995-10-31,28.559999465942383,28.559999465942383,28.559999465942383,28.559999465942383,0,0,0.0
1995-11-01,28.559999465942383,28.559999465942383,28.559999465942383,28.559999465942383,0,0,0.0
1995-11-02,28.559999465942383,28.559999465942383,28.559999465942383,28.559999465942383,0,0,0.0
1995-11-03,28.559999465942383,28.559999465942383,28.559999465942383,28.559999465942383,0,0,0.0
1995-11-06,66.63999938964844,66.63999938964844,66.63999938964844,66.63999938964844,0,0,0.0
1995-11-07,66.63999938964844,66.63999938964844,66.63999938964844,66.63999938964844,0,0,0.0
1995-11-08,66.63999938964844,66.63999938964844,66.63999938964844,66.63999938964844,0,0,0.0
1995-11-09,66.63999938964844,66.63999938964844,66.63999938964844,66.63999938964844,0,0,0.0
1995-11-10,66.63999938964844,66.63999938964844,66.63999938964844,66.63999938964844,0,0,0.0
1995-11-13,66.63999938964844,66.63999938964844,66.63999938964844,66.63999938964844,0,0,0.0
1995-11-14,66.63999938964844,66.63999938964844,66.63999938964844,66.63999938964844,0,0,0.0
1995-11-15,66.63999938964844,66.63999938964844,66.63999938964844,66.63999938964844,0,0,0.0
1995-11-16,66.63999938964844,66.63999938964844,66.63999938964844,66.63999938964844,0,0,0.0
1995-11-17,66.63999938964844,66.63999938964844,66.63999938964844,66.63999938964844,0,0,0.0
1995-11-20,66.63999938964844,66.63999938964844,66.63999938964844,66.63999938964844,0,0,0.0
1995-11-21,71.4000015258789,71.4000015258789,71.4000015258789,71.4000015258789,0,0,0.0
1995-11-22,71.4000015258789,71.4000015258789,71.4000015258789,71.4000015258789,0,0,0.0
1995-11-24,71.4000015258789,71.4000015258789,71.4000015258789,71.4000015258789,0,0,0.0
1995-11-27,71.4000015258789,71.4000015258789,71.4000015258789,71.4000015258789,0,0,0.0
1995-11-28,71.4000015258789,71.4000015258789,71.4000015258789,71.4000015258789,0,0,0.0
1995-11-29,71.4000015258789,71.4000015258789,71.4000015258789,71.4000015258789,0,0,0.0
1995-11-30,71.4000015258789,71.4000015258789,71.4000015258789,71.4000015258789,0,0,0.0
1995-12-01,71.4000015258789,71.4000015258789,71.4000015258789,71.4000015258789,0,0,0.0
1995-12-04,71.4000015258789,71.4000015258789,71.4000015258789,71.4000015258789,0,0,0.0
1995-12-05,71.4000015258789,71.4000015258789,71.4000015258789,71.4000015258789,0,0,0.0
1995-12-06,71.4000015258789,71.4000015258789,71.4000015258789,71.4000015258789,0,0,0.0
1995-12-07,71.4000015258789,71.4000015258789,71.4000015258789,71.4000015258789,0,0,0.0
1995-12-08,71.4000015258789,71.4000015258789,71.4000015258789,71.4000015258789,0,0,0.0
1995-12-11,71.4000015258789,71.4000015258789,71.4000015258789,71.4000015258789,0,0,0.0
1995-12-12,71.4000015258789,71.4000015258789,71.4000015258789,71.4000015258789,0,0,0.0
1995-12-13,71.4000015258789,71.4000015258789,71.4000015258789,71.4000015258789,0,0,0.0
1995-12-14,71.4000015258789,71.4000015258789,71.4000015258789,71.4000015258789,0,0,0.0
1995-12-15,71.4000015258789,71.4000015258789,71.4000015258789,71.4000015258789,0,0,0.0
1995-12-18,71.4000015258789,71.4000015258789,71.4000015258789,71.4000015258789,0,0,0.0
1995-12-19,71.4000015258789,71.4000015258789,71.4000015258789,71.4000015258789,0,0,0.0
1995-12-20,71.4000015258789,71.4000015258789,71.4000015258789,71.4000015258789,0,0,0.0
1995-12-21,71.4000015258789,71.4000015258789,71.4000015258789,71.4000015258789,0,0,0.0
1995-12-22,71.4000015258789,71.4000015258789,71.4000015258789,71.4000015258789,0,0,0.0
1995-12-26,71.4000015258789,71.4000015258789,71.4000015258789,71.4000015258789,0,0,0.0
1995-12-27,71.4000015258789,71.4000015258789,71.4000015258789,71.4000015258789,0,0,0.0
1995-12-28,71.4000015258789,71.4000015258789,71.4000015258789,71.4000015258789,0,0,0.0
1995-12-29,71.4000015258789,71.4000015258789,71.4000015258789,71.4000015258789,0,0,0.0
1996-01-02,71.4000015258789,71.4000015258789,71.4000015258789,71.4000015258789,0,0,0.0
1996-01-03,71.4000015258789,71.4000015258789,71.4000015258789,71.4000015258789,0,0,0.0
1996-01-04,71.4000015258789,71.4000015258789,71.4000015258789,71.4000015258789,0,0,0.0
1996-01-05,71.4000015258789,71.4000015258789,71.4000015258789,71.4000015258789,0,0,0.0
1996-01-08,71.4000015258789,71.4000015258789,71.4000015258789,71.4000015258789,0,0,0.0
1996-01-09,71.4000015258789,71.4000015258789,71.4000015258789,71.4000015258789,0,0,0.0
1996-01-10,71.4000015258789,71.4000015258789,71.4000015258789,71.4000015258789,0,0,0.0
1996-01-11,71.4000015258789,71.4000015258789,71.4000015258789,71.4000015258789,0,0,0.0
1996-01-12,71.4000015258789,71.4000015258789,71.4000015258789,71.4000015258789,0,0,0.0
1996-01-15,71.4000015258789,71.4000015258789,71.4000015258789,71.4000015258789,0,0,0.0
1996-01-16,71.4000015258789,71.4000015258789,71.4000015258789,71.4000015258789,0,0,0.0
1996-01-17,71.4000015258789,71.4000015258789,71.4000015258789,71.4000015258789,0,0,0.0
1996-01-18,71.4000015258789,71.4000015258789,71.4000015258789,71.4000015258789,0,0,0.0
1996-01-19,71.4000015258789,71.4000015258789,71.4000015258789,71.4000015258789,0,0,0.0
1996-01-22,71.4000015258789,71.4000015258789,71.4000015258789,71.4000015258789,0,0,0.0
1996-01-23,71.4000015258789,71.4000015258789,71.4000015258789,71.4000015258789,0,0,0.0
1996-01-24,71.4000015258789,71.4000015258789,71.4000015258789,71.4000015258789,0,0,0.0
1996-01-25,71.4000015258789,71.4000015258789,71.4000015258789,71.4000015258789,0,0,0.0
1996-01-26,71.4000015258789,71.4000015258789,71.4000015258789,71.4000015258789,0,0,0.0
1996-01-29,71.4000015258789,71.4000015258789,71.4000015258789,71.4000015258789,0,0,0.0
1996-01-30,71.4000015258789,71.4000015258789,71.4000015258789,71.4000015258789,0,0,0.0
1996-01-31,71.4000015258789,71.4000015258789,71.4000015258789,71.4000015258789,0,0,0.0
1996-02-01,71.4000015258789,71.4000015258789,71.4000015258789,71.4000015258789,0,0,0.0
1996-02-02,71.4000015258789,71.4000015258789,71.4000015258789,71.4000015258789,0,0,0.0
1996-02-05,71.4000015258789,71.4000015258789,71.4000015258789,71.4000015258789,0,0,0.0
1996-02-06,71.4000015258789,71.4000015258789,71.4000015258789,71.4000015258789,0,0,0.0
1996-02-07,71.4000015258789,71.4000015258789,71.4000015258789,71.4000015258789,0,0,0.0
1996-02-08,71.4000015258789,71.4000015258789,71.4000015258789,71.4000015258789,0,0,0.0
1996-02-09,71.4000015258789,71.4000015258789,71.4000015258789,71.4000015258789,0,0,0.0
1996-02-12,71.4000015258789,71.4000015258789,71.4000015258789,71.4000015258789,0,0,0.0
1996-02-13,71.4000015258789,71.4000015258789,71.4000015258789,71.4000015258789,0,0,0.0
1996-02-14,71.4000015258789,71.4000015258789,71.4000015258789,71.4000015258789,0,0,0.0
1996-02-15,71.4000015258789,71.4000015258789,71.4000015258789,71.4000015258789,0,0,0.0
1996-02-16,71.4000015258789,71.4000015258789,71.4000015258789,71.4000015258789,0,0,0.0
1996-02-20,71.4000015258789,71.4000015258789,71.4000015258789,71.4000015258789,0,0,0.0
1996-02-21,71.4000015258789,71.4000015258789,71.4000015258789,71.4000015258789,0,0,0.0
1996-02-22,71.4000015258789,71.4000015258789,71.4000015258789,71.4000015258789,0,0,0.0
1996-02-23,71.4000015258789,71.4000015258789,71.4000015258789,71.4000015258789,0,0,0.0
1996-02-26,71.4000015258789,71.4000015258789,71.4000015258789,71.4000015258789,0,0,0.0
1996-02-27,71.4000015258789,71.4000015258789,71.4000015258789,71.4000015258789,0,0,0.0
1996-02-28,71.4000015258789,71.4000015258789,71.4000015258789,71.4000015258789,0,0,0.0
1996-02-29,71.4000015258789,71.4000015258789,71.4000015258789,71.4000015258789,0,0,0.0
1996-03-01,71.4000015258789,71.4000015258789,71.4000015258789,71.4000015258789,0,0,0.0
1996-03-04,71.4000015258789,71.4000015258789,71.4000015258789,71.4000015258789,0,0,0.0
1996-03-05,71.4000015258789,71.4000015258789,71.4000015258789,71.4000015258789,0,0,0.0
1996-03-06,71.4000015258789,71.4000015258789,71.4000015258789,71.4000015258789,0,0,0.0
1996-03-07,71.4000015258789,71.4000015258789,71.4000015258789,71.4000015258789,0,0,0.0
1996-03-08,71.4000015258789,71.4000015258789,71.4000015258789,71.4000015258789,0,0,0.0
1996-03-11,71.4000015258789,71.4000015258789,71.4000015258789,71.4000015258789,0,0,0.0
1996-03-12,71.4000015258789,71.4000015258789,71.4000015258789,71.4000015258789,0,0,0.0
1996-03-13,71.4000015258789,71.4000015258789,71.4000015258789,71.4000015258789,0,0,0.0
1996-03-14,71.4000015258789,71.4000015258789,71.4000015258789,71.4000015258789,0,0,0.0
1996-03-15,71.4000015258789,71.4000015258789,71.4000015258789,71.4000015258789,0,0,0.0
1996-03-18,71.4000015258789,71.4000015258789,71.4000015258789,71.4000015258789,0,0,0.0
1996-03-19,71.4000015258789,71.4000015258789,71.4000015258789,71.4000015258789,0,0,0.0
1996-03-20,71.4000015258789,71.4000015258789,71.4000015258789,71.4000015258789,0,0,0.0
1996-03-21,71.4000015258789,71.4000015258789,71.4000015258789,71.4000015258789,0,0,0.0
1996-03-22,71.4000015258789,71.4000015258789,71.4000015258789,71.4000015258789,0,0,0.0
1996-03-25,71.4000015258789,71.4000015258789,71.4000015258789,71.4000015258789,0,0,0.0
1996-03-26,71.4000015258789,71.4000015258789,71.4000015258789,71.4000015258789,0,0,0.0
1996-03-27,71.4000015258789,71.4000015258789,71.4000015258789,71.4000015258789,0,0,0.0
1996-03-28,71.4000015258789,71.4000015258789,71.4000015258789,71.4000015258789,0,0,0.0
1996-03-29,71.4000015258789,71.4000015258789,71.4000015258789,71.4000015258789,0,0,0.0
1996-04-01,71.4000015258789,71.4000015258789,71.4000015258789,71.4000015258789,0,0,0.0
1996-04-02,71.4000015258789,71.4000015258789,71.4000015258789,71.4000015258789,0,0,0.0
1996-04-03,71.4000015258789,71.4000015258789,71.4000015258789,71.4000015258789,0,0,0.0
1996-04-04,71.4000015258789,71.4000015258789,71.4000015258789,71.4000015258789,0,0,0.0
1996-04-08,71.4000015258789,71.4000015258789,71.4000015258789,71.4000015258789,0,0,0.0
1996-04-09,71.4000015258789,71.4000015258789,71.4000015258789,71.4000015258789,0,0,0.0
1996-04-10,71.4000015258789,71.4000015258789,71.4000015258789,71.4000015258789,0,0,0.0
1996-04-11,71.4000015258789,71.4000015258789,71.4000015258789,71.4000015258789,0,0,0.0
1996-04-12,71.4000015258789,71.4000015258789,71.4000015258789,71.4000015258789,0,0,0.0
1996-04-15,71.4000015258789,71.4000015258789,71.4000015258789,71.4000015258789,0,0,0.0
1996-04-16,71.4000015258789,71.4000015258789,71.4000015258789,71.4000015258789,0,0,0.0
1996-04-17,71.4000015258789,71.4000015258789,71.4000015258789,71.4000015258789,0,0,0.0
1996-04-18,71.4000015258789,71.4000015258789,71.4000015258789,71.4000015258789,0,0,0.0
1996-04-19,71.4000015258789,71.4000015258789,71.4000015258789,71.4000015258789,0,0,0.0
1996-04-22,71.4000015258789,71.4000015258789,71.4000015258789,71.4000015258789,0,0,0.0
1996-04-23,71.4000015258789,71.4000015258789,71.4000015258789,71.4000015258789,0,0,0.0
1996-04-24,71.4000015258789,71.4000015258789,71.4000015258789,71.4000015258789,0,0,0.0
1996-04-25,71.4000015258789,71.4000015258789,71.4000015258789,71.4000015258789,0,0,0.0
1996-04-26,71.4000015258789,71.4000015258789,71.4000015258789,71.4000015258789,0,0,0.0
1996-04-29,71.4000015258789,71.4000015258789,71.4000015258789,71.4000015258789,0,0,0.0
1996-04-30,71.4000015258789,71.4000015258789,71.4000015258789,71.4000015258789,0,0,0.0
1996-05-01,71.4000015258789,71.4000015258789,71.4000015258789,71.4000015258789,0,0,0.0
1996-05-02,71.4000015258789,71.4000015258789,71.4000015258789,71.4000015258789,0,0,0.0
1996-05-03,71.4000015258789,71.4000015258789,71.4000015258789,71.4000015258789,0,0,0.0
1996-05-06,71.4000015258789,71.4000015258789,71.4000015258789,71.4000015258789,0,0,0.0
1996-05-07,71.4000015258789,71.4000015258789,71.4000015258789,71.4000015258789,0,0,0.0
1996-05-08,71.4000015258789,71.4000015258789,71.4000015258789,71.4000015258789,0,0,0.0
1996-05-09,71.4000015258789,71.4000015258789,71.4000015258789,71.4000015258789,0,0,0.0
1996-05-10,71.4000015258789,71.4000015258789,71.4000015258789,71.4000015258789,0,0,0.0
1996-05-13,71.4000015258789,71.4000015258789,71.4000015258789,71.4000015258789,0,0,0.0
1996-05-14,71.4000015258789,71.4000015258789,71.4000015258789,71.4000015258789,0,0,0.0
1996-05-15,71.4000015258789,71.4000015258789,71.4000015258789,71.4000015258789,0,0,0.0
1996-05-16,71.4000015258789,71.4000015258789,71.4000015258789,71.4000015258789,0,0,0.0
1996-05-17,71.4000015258789,71.4000015258789,71.4000015258789,71.4000015258789,0,0,0.0
1996-05-20,71.4000015258789,71.4000015258789,71.4000015258789,71.4000015258789,0,0,0.0
1996-05-21,71.4000015258789,71.4000015258789,71.4000015258789,71.4000015258789,0,0,0.0
1996-05-22,71.4000015258789,71.4000015258789,71.4000015258789,71.4000015258789,0,0,0.0
1996-05-23,71.4000015258789,71.4000015258789,71.4000015258789,71.4000015258789,0,0,0.0
1996-05-24,71.4000015258789,71.4000015258789,71.4000015258789,71.4000015258789,0,0,0.0
1996-05-28,71.4000015258789,71.4000015258789,71.4000015258789,71.4000015258789,0,0,0.0
1996-05-29,71.4000015258789,71.4000015258789,71.4000015258789,71.4000015258789,0,0,0.0
1996-05-30,71.4000015258789,71.4000015258789,71.4000015258789,71.4000015258789,0,0,0.0
1996-05-31,71.4000015258789,71.4000015258789,71.4000015258789,71.4000015258789,0,0,0.0
1996-06-03,71.4000015258789,71.4000015258789,71.4000015258789,71.4000015258789,0,0,0.0
1996-06-04,71.4000015258789,71.4000015258789,71.4000015258789,71.4000015258789,0,0,0.0
1996-06-05,71.4000015258789,71.4000015258789,71.4000015258789,71.4000015258789,0,0,0.0
1996-06-06,71.4000015258789,71.4000015258789,71.4000015258789,71.4000015258789,0,0,0.0
1996-06-07,71.4000015258789,71.4000015258789,71.4000015258789,71.4000015258789,0,0,0.0
1996-06-10,71.4000015258789,71.4000015258789,71.4000015258789,71.4000015258789,0,0,0.0
1996-06-11,71.4000015258789,71.4000015258789,71.4000015258789,71.4000015258789,0,0,0.0
1996-06-12,71.4000015258789,71.4000015258789,71.4000015258789,71.4000015258789,0,0,0.0
1996-06-13,71.4000015258789,71.4000015258789,71.4000015258789,71.4000015258789,0,0,0.0
1996-06-14,71.4000015258789,71.4000015258789,71.4000015258789,71.4000015258789,0,0,0.0
1996-06-17,71.4000015258789,71.4000015258789,71.4000015258789,71.4000015258789,0,0,0.0
1996-06-18,71.4000015258789,71.4000015258789,71.4000015258789,71.4000015258789,0,0,0.0
1996-06-19,71.4000015258789,71.4000015258789,71.4000015258789,71.4000015258789,0,0,0.0
1996-06-20,71.4000015258789,71.4000015258789,71.4000015258789,71.4000015258789,0,0,0.0
1996-06-21,71.4000015258789,71.4000015258789,71.4000015258789,71.4000015258789,0,0,0.0
1996-06-24,71.4000015258789,71.4000015258789,71.4000015258789,71.4000015258789,0,0,0.0
1996-06-25,71.4000015258789,71.4000015258789,71.4000015258789,71.4000015258789,0,0,0.0
1996-06-26,71.4000015258789,71.4000015258789,71.4000015258789,71.4000015258789,0,0,0.0
1996-06-27,71.4000015258789,71.4000015258789,71.4000015258789,71.4000015258789,0,0,0.0
1996-06-28,71.4000015258789,71.4000015258789,71.4000015258789,71.4000015258789,0,0,0.0
1996-07-01,71.4000015258789,71.4000015258789,71.4000015258789,71.4000015258789,0,0,0.0
1996-07-02,71.4000015258789,71.4000015258789,71.4000015258789,71.4000015258789,0,0,0.0
1996-07-03,71.4000015258789,71.4000015258789,71.4000015258789,71.4000015258789,0,0,0.0
1996-07-05,71.4000015258789,71.4000015258789,71.4000015258789,71.4000015258789,0,0,0.0
1996-07-08,71.4000015258789,71.4000015258789,71.4000015258789,71.4000015258789,0,0,0.0
1996-07-09,71.4000015258789,71.4000015258789,71.4000015258789,71.4000015258789,0,0,0.0
1996-07-10,71.4000015258789,71.4000015258789,71.4000015258789,71.4000015258789,0,0,0.0
1996-07-11,71.4000015258789,71.4000015258789,71.4000015258789,71.4000015258789,0,0,0.0
1996-07-12,71.4000015258789,71.4000015258789,71.4000015258789,71.4000015258789,0,0,0.0
1996-07-15,71.4000015258789,71.4000015258789,71.4000015258789,71.4000015258789,0,0,0.0
1996-07-16,71.4000015258789,71.4000015258789,71.4000015258789,71.4000015258789,0,0,0.0
1996-07-17,71.4000015258789,71.4000015258789,71.4000015258789,71.4000015258789,0,0,0.0
1996-07-18,71.4000015258789,71.4000015258789,71.4000015258789,71.4000015258789,0,0,0.0
1996-07-19,71.4000015258789,71.4000015258789,71.4000015258789,71.4000015258789,0,0,0.0
1996-07-22,71.4000015258789,71.4000015258789,71.4000015258789,71.4000015258789,0,0,0.0
1996-07-23,71.4000015258789,71.4000015258789,71.4000015258789,71.4000015258789,0,0,0.0
1996-07-24,71.4000015258789,71.4000015258789,71.4000015258789,71.4000015258789,0,0,0.0
1996-07-25,71.4000015258789,71.4000015258789,71.4000015258789,71.4000015258789,0,0,0.0
1996-07-26,71.4000015258789,71.4000015258789,71.4000015258789,71.4000015258789,0,0,0.0
1996-07-29,71.4000015258789,71.4000015258789,71.4000015258789,71.4000015258789,0,0,0.0
1996-07-30,4.760000228881836,4.760000228881836,4.760000228881836,4.760000228881836,0,0,0.0
1996-07-31,4.760000228881836,4.760000228881836,4.760000228881836,4.760000228881836,0,0,0.0
1996-08-01,4.760000228881836,4.760000228881836,4.760000228881836,4.760000228881836,0,0,0.0
1996-08-02,4.760000228881836,4.760000228881836,4.760000228881836,4.760000228881836,0,0,0.0
1996-08-05,4.760000228881836,4.760000228881836,4.760000228881836,4.760000228881836,0,0,0.0
1996-08-06,4.760000228881836,4.760000228881836,4.760000228881836,4.760000228881836,0,0,0.0
1996-08-07,4.760000228881836,4.760000228881836,4.760000228881836,4.760000228881836,0,0,0.0
1996-08-08,4.760000228881836,4.760000228881836,4.760000228881836,4.760000228881836,0,0,0.0
1996-08-09,4.760000228881836,4.760000228881836,4.760000228881836,4.760000228881836,0,0,0.0
1996-08-12,4.760000228881836,4.760000228881836,4.760000228881836,4.760000228881836,0,0,0.0
1996-08-13,4.760000228881836,4.760000228881836,4.760000228881836,4.760000228881836,0,0,0.0
1996-08-14,4.760000228881836,4.760000228881836,4.760000228881836,4.760000228881836,0,0,0.0
1996-08-15,4.760000228881836,4.760000228881836,4.760000228881836,4.760000228881836,0,0,0.0
1996-08-16,4.760000228881836,4.760000228881836,4.760000228881836,4.760000228881836,0,0,0.0
1996-08-19,4.760000228881836,4.760000228881836,4.760000228881836,4.760000228881836,0,0,0.0
1996-08-20,4.760000228881836,4.760000228881836,4.760000228881836,4.760000228881836,0,0,0.0
1996-08-21,4.760000228881836,4.760000228881836,4.760000228881836,4.760000228881836,0,0,0.0
1996-08-22,4.760000228881836,4.760000228881836,4.760000228881836,4.760000228881836,0,0,0.0
1996-08-23,4.760000228881836,4.760000228881836,4.760000228881836,4.760000228881836,0,0,0.0
1996-08-26,4.760000228881836,4.760000228881836,4.760000228881836,4.760000228881836,0,0,0.0
1996-08-27,4.760000228881836,4.760000228881836,4.760000228881836,4.760000228881836,0,0,0.0
1996-08-28,4.760000228881836,4.760000228881836,4.760000228881836,4.760000228881836,0,0,0.0
1996-08-29,4.760000228881836,4.760000228881836,4.760000228881836,4.760000228881836,0,0,0.0
1996-08-30,4.760000228881836,4.760000228881836,4.760000228881836,4.760000228881836,0,0,0.0
1996-09-03,4.760000228881836,4.760000228881836,4.760000228881836,4.760000228881836,0,0,0.0
1996-09-04,4.760000228881836,4.760000228881836,4.760000228881836,4.760000228881836,0,0,0.0
1996-09-05,4.760000228881836,4.760000228881836,4.760000228881836,4.760000228881836,0,0,0.0
1996-09-06,4.760000228881836,4.760000228881836,4.760000228881836,4.760000228881836,0,0,0.0
1996-09-09,4.760000228881836,4.760000228881836,4.760000228881836,4.760000228881836,0,0,0.0
1996-09-10,4.760000228881836,4.760000228881836,4.760000228881836,4.760000228881836,0,0,0.0
1996-09-11,4.760000228881836,4.760000228881836,4.760000228881836,4.760000228881836,0,0,0.0
1996-09-12,4.760000228881836,4.760000228881836,4.760000228881836,4.760000228881836,0,0,0.0
1996-09-13,4.760000228881836,4.760000228881836,4.760000228881836,4.760000228881836,0,0,0.0
1996-09-16,4.760000228881836,4.760000228881836,4.760000228881836,4.760000228881836,0,0,0.0
1996-09-17,4.760000228881836,4.760000228881836,4.760000228881836,4.760000228881836,0,0,0.0
1996-09-18,4.760000228881836,4.760000228881836,4.760000228881836,4.760000228881836,0,0,0.0
1996-09-19,4.760000228881836,4.760000228881836,4.760000228881836,4.760000228881836,0,0,0.0
1996-09-20,4.760000228881836,4.760000228881836,4.760000228881836,4.760000228881836,0,0,0.0
1996-09-23,4.760000228881836,4.760000228881836,4.760000228881836,4.760000228881836,0,0,0.0
1996-09-24,4.760000228881836,4.760000228881836,4.760000228881836,4.760000228881836,0,0,0.0
1996-09-25,4.760000228881836,4.760000228881836,4.760000228881836,4.760000228881836,0,0,0.0
1996-09-26,4.760000228881836,4.760000228881836,4.760000228881836,4.760000228881836,0,0,0.0
1996-09-27,4.760000228881836,4.760000228881836,4.760000228881836,4.760000228881836,0,0,0.0
1996-09-30,4.760000228881836,4.760000228881836,4.760000228881836,4.760000228881836,0,0,0.0
1996-10-01,4.760000228881836,4.760000228881836,4.760000228881836,4.760000228881836,0,0,0.0
1996-10-02,4.760000228881836,4.760000228881836,4.760000228881836,4.760000228881836,0,0,0.0
1996-10-03,4.760000228881836,4.760000228881836,4.760000228881836,4.760000228881836,0,0,0.0
1996-10-04,4.760000228881836,4.760000228881836,4.760000228881836,4.760000228881836,0,0,0.0
1996-10-07,4.760000228881836,4.760000228881836,4.760000228881836,4.760000228881836,0,0,0.0
1996-10-08,4.760000228881836,4.760000228881836,4.760000228881836,4.760000228881836,0,0,0.0
1996-10-09,4.760000228881836,4.760000228881836,4.760000228881836,4.760000228881836,0,0,0.0
1996-10-10,4.760000228881836,4.760000228881836,4.760000228881836,4.760000228881836,0,0,0.0
1996-10-11,4.760000228881836,4.760000228881836,4.760000228881836,4.760000228881836,0,0,0.0
1996-10-14,4.760000228881836,4.760000228881836,4.760000228881836,4.760000228881836,0,0,0.0
1996-10-15,4.760000228881836,4.760000228881836,4.760000228881836,4.760000228881836,0,0,0.0
1996-10-16,4.760000228881836,4.760000228881836,4.760000228881836,4.760000228881836,0,0,0.0
1996-10-17,4.760000228881836,4.760000228881836,4.760000228881836,4.760000228881836,0,0,0.0
1996-10-18,4.760000228881836,4.760000228881836,4.760000228881836,4.760000228881836,0,0,0.0
1996-10-21,4.760000228881836,4.760000228881836,4.760000228881836,4.760000228881836,0,0,0.0
1996-10-22,4.760000228881836,4.760000228881836,4.760000228881836,4.760000228881836,0,0,0.0
1996-10-23,4.760000228881836,4.760000228881836,4.760000228881836,4.760000228881836,0,0,0.0
1996-10-24,4.760000228881836,4.760000228881836,4.760000228881836,4.760000228881836,0,0,0.0
1996-10-25,4.760000228881836,4.760000228881836,4.760000228881836,4.760000228881836,0,0,0.0
1996-10-28,4.760000228881836,4.760000228881836,4.760000228881836,4.760000228881836,0,0,0.0
1996-10-29,4.760000228881836,4.760000228881836,4.760000228881836,4.760000228881836,0,0,0.0
1996-10-30,4.760000228881836,4.760000228881836,4.760000228881836,4.760000228881836,0,0,0.0
1996-10-31,4.760000228881836,4.760000228881836,4.760000228881836,4.760000228881836,0,0,0.0
1996-11-01,4.760000228881836,4.760000228881836,4.760000228881836,4.760000228881836,0,0,0.0
1996-11-04,4.760000228881836,4.760000228881836,4.760000228881836,4.760000228881836,0,0,0.0
1996-11-05,4.760000228881836,4.760000228881836,4.760000228881836,4.760000228881836,0,0,0.0
1996-11-06,4.760000228881836,4.760000228881836,4.760000228881836,4.760000228881836,0,0,0.0
1996-11-07,4.760000228881836,4.760000228881836,4.760000228881836,4.760000228881836,0,0,0.0
1996-11-08,4.760000228881836,4.760000228881836,4.760000228881836,4.760000228881836,0,0,0.0
1996-11-11,4.760000228881836,4.760000228881836,4.760000228881836,4.760000228881836,0,0,0.0
1996-11-12,4.760000228881836,4.760000228881836,4.760000228881836,4.760000228881836,0,0,0.0
1996-11-13,4.760000228881836,4.760000228881836,4.760000228881836,4.760000228881836,0,0,0.0
1996-11-14,4.760000228881836,4.760000228881836,4.760000228881836,4.760000228881836,0,0,0.0
1996-11-15,4.760000228881836,4.760000228881836,4.760000228881836,4.760000228881836,0,0,0.0
1996-11-18,4.760000228881836,4.760000228881836,4.760000228881836,4.760000228881836,0,0,0.0
1996-11-19,4.760000228881836,4.760000228881836,4.760000228881836,4.760000228881836,0,0,0.0
1996-11-20,4.760000228881836,4.760000228881836,4.760000228881836,4.760000228881836,0,0,0.0
1996-11-21,4.760000228881836,4.760000228881836,4.760000228881836,4.760000228881836,0,0,0.0
1996-11-22,4.760000228881836,4.760000228881836,4.760000228881836,4.760000228881836,0,0,0.0
1996-11-25,4.760000228881836,4.760000228881836,4.760000228881836,4.760000228881836,0,0,0.0
1996-11-26,4.760000228881836,4.760000228881836,4.760000228881836,4.760000228881836,0,0,0.0
1996-11-27,4.760000228881836,4.760000228881836,4.760000228881836,4.760000228881836,0,0,0.0
1996-11-29,4.760000228881836,4.760000228881836,4.760000228881836,4.760000228881836,0,0,0.0
1996-12-02,4.760000228881836,4.760000228881836,4.760000228881836,4.760000228881836,0,0,0.0
1996-12-03,4.760000228881836,4.760000228881836,4.760000228881836,4.760000228881836,0,0,0.0
1996-12-04,4.760000228881836,4.760000228881836,4.760000228881836,4.760000228881836,0,0,0.0
1996-12-05,4.760000228881836,4.760000228881836,4.760000228881836,4.760000228881836,0,0,0.0
1996-12-06,4.760000228881836,4.760000228881836,4.760000228881836,4.760000228881836,0,0,0.0
1996-12-09,4.760000228881836,4.760000228881836,4.760000228881836,4.760000228881836,0,0,0.0
1996-12-10,4.760000228881836,4.760000228881836,4.760000228881836,4.760000228881836,0,0,0.0
1996-12-11,4.760000228881836,4.760000228881836,4.760000228881836,4.760000228881836,0,0,0.0
1996-12-12,4.760000228881836,4.760000228881836,4.760000228881836,4.760000228881836,0,0,0.0
1996-12-13,4.760000228881836,4.760000228881836,4.760000228881836,4.760000228881836,0,0,0.0
1996-12-16,4.760000228881836,4.760000228881836,4.760000228881836,4.760000228881836,0,0,0.0
1996-12-17,4.760000228881836,4.760000228881836,4.760000228881836,4.760000228881836,0,0,0.0
1996-12-18,4.760000228881836,4.760000228881836,4.760000228881836,4.760000228881836,0,0,0.0
1996-12-19,4.760000228881836,4.760000228881836,4.760000228881836,4.760000228881836,0,0,0.0
1996-12-20,4.760000228881836,4.760000228881836,4.760000228881836,4.760000228881836,0,0,0.0
1996-12-23,4.760000228881836,4.760000228881836,4.760000228881836,4.760000228881836,0,0,0.0
1996-12-24,4.760000228881836,4.760000228881836,4.760000228881836,4.760000228881836,0,0,0.0
1996-12-26,4.760000228881836,4.760000228881836,4.760000228881836,4.760000228881836,0,0,0.0
1996-12-27,4.760000228881836,4.760000228881836,4.760000228881836,4.760000228881836,0,0,0.0
1996-12-30,4.760000228881836,4.760000228881836,4.760000228881836,4.760000228881836,0,0,0.0
1996-12-31,4.760000228881836,4.760000228881836,4.760000228881836,4.760000228881836,0,0,0.0
1997-01-02,4.760000228881836,4.760000228881836,4.760000228881836,4.760000228881836,0,0,0.0
1997-01-03,4.760000228881836,4.760000228881836,4.760000228881836,4.760000228881836,0,0,0.0
1997-01-06,4.760000228881836,4.760000228881836,4.760000228881836,4.760000228881836,0,0,0.0
1997-01-07,4.760000228881836,4.760000228881836,4.760000228881836,4.760000228881836,0,0,0.0
1997-01-08,4.760000228881836,4.760000228881836,4.760000228881836,4.760000228881836,0,0,0.0
1997-01-09,4.760000228881836,4.760000228881836,4.760000228881836,4.760000228881836,0,0,0.0
1997-01-10,4.760000228881836,4.760000228881836,4.760000228881836,4.760000228881836,0,0,0.0
1997-01-13,4.760000228881836,4.760000228881836,4.760000228881836,4.760000228881836,0,0,0.0
1997-01-14,4.760000228881836,4.760000228881836,4.760000228881836,4.760000228881836,0,0,0.0
1997-01-15,4.760000228881836,4.760000228881836,4.760000228881836,4.760000228881836,0,0,0.0
1997-01-16,4.760000228881836,4.760000228881836,4.760000228881836,4.760000228881836,0,0,0.0
1997-01-17,4.760000228881836,4.760000228881836,4.760000228881836,4.760000228881836,0,0,0.0
1997-01-20,4.760000228881836,4.760000228881836,4.760000228881836,4.760000228881836,0,0,0.0
1997-01-21,4.760000228881836,4.760000228881836,4.760000228881836,4.760000228881836,0,0,0.0
1997-01-22,4.760000228881836,4.760000228881836,4.760000228881836,4.760000228881836,0,0,0.0
1997-01-23,4.760000228881836,4.760000228881836,4.760000228881836,4.760000228881836,0,0,0.0
1997-01-24,4.760000228881836,4.760000228881836,4.760000228881836,4.760000228881836,0,0,0.0
1997-01-27,4.760000228881836,4.760000228881836,4.760000228881836,4.760000228881836,0,0,0.0
1997-01-28,4.760000228881836,4.760000228881836,4.760000228881836,4.760000228881836,0,0,0.0
1997-01-29,4.760000228881836,4.760000228881836,4.760000228881836,4.760000228881836,0,0,0.0
1997-01-30,4.760000228881836,4.760000228881836,4.760000228881836,4.760000228881836,0,0,0.0
1997-01-31,4.760000228881836,4.760000228881836,4.760000228881836,4.760000228881836,0,0,0.0
1997-02-03,4.760000228881836,4.760000228881836,4.760000228881836,4.760000228881836,0,0,0.0
1997-02-04,4.760000228881836,4.760000228881836,4.760000228881836,4.760000228881836,0,0,0.0
1997-02-05,4.760000228881836,4.760000228881836,4.760000228881836,4.760000228881836,0,0,0.0
1997-02-06,4.760000228881836,4.760000228881836,4.760000228881836,4.760000228881836,0,0,0.0
1997-02-07,4.760000228881836,4.760000228881836,4.760000228881836,4.760000228881836,0,0,0.0
1997-02-10,4.760000228881836,4.760000228881836,4.760000228881836,4.760000228881836,0,0,0.0
1997-02-11,4.760000228881836,4.760000228881836,4.760000228881836,4.760000228881836,0,0,0.0
1997-02-12,4.760000228881836,4.760000228881836,4.760000228881836,4.760000228881836,0,0,0.0
1997-02-13,4.760000228881836,4.760000228881836,4.760000228881836,4.760000228881836,0,0,0.0
1997-02-14,4.760000228881836,4.760000228881836,4.760000228881836,4.760000228881836,0,0,0.0
1997-02-18,4.760000228881836,4.760000228881836,4.760000228881836,4.760000228881836,0,0,0.0
1997-02-19,4.760000228881836,4.760000228881836,4.760000228881836,4.760000228881836,0,0,0.0
1997-02-20,4.760000228881836,4.760000228881836,4.760000228881836,4.760000228881836,0,0,0.0
1997-02-21,4.760000228881836,4.760000228881836,4.760000228881836,4.760000228881836,0,0,0.0
1997-02-24,4.760000228881836,4.760000228881836,4.760000228881836,4.760000228881836,0,0,0.0
1997-02-25,4.760000228881836,4.760000228881836,4.760000228881836,4.760000228881836,0,0,0.0
1997-02-26,4.760000228881836,4.760000228881836,4.760000228881836,4.760000228881836,0,0,0.0
1997-02-27,4.760000228881836,4.760000228881836,4.760000228881836,4.760000228881836,0,0,0.0
1997-02-28,4.760000228881836,4.760000228881836,4.760000228881836,4.760000228881836,0,0,0.0
1997-03-03,4.760000228881836,4.760000228881836,4.760000228881836,4.760000228881836,0,0,0.0
1997-03-04,4.760000228881836,4.760000228881836,4.760000228881836,4.760000228881836,0,0,0.0
1997-03-05,4.760000228881836,4.760000228881836,4.760000228881836,4.760000228881836,0,0,0.0
1997-03-06,4.760000228881836,4.760000228881836,4.760000228881836,4.760000228881836,0,0,0.0
1997-03-07,4.760000228881836,4.760000228881836,4.760000228881836,4.760000228881836,0,0,0.0
1997-03-10,7.139999866485596,7.139999866485596,7.139999866485596,7.139999866485596,200,0,0.0
1997-03-11,7.139999866485596,7.139999866485596,7.139999866485596,7.139999866485596,0,0,0.0
1997-03-12,7.139999866485596,7.139999866485596,7.139999866485596,7.139999866485596,0,0,0.0
1997-03-13,7.139999866485596,7.139999866485596,7.139999866485596,7.139999866485596,0,0,0.0
1997-03-14,7.139999866485596,7.139999866485596,7.139999866485596,7.139999866485596,0,0,0.0
1997-03-17,7.139999866485596,7.139999866485596,7.139999866485596,7.139999866485596,0,0,0.0
1997-03-18,7.139999866485596,7.139999866485596,7.139999866485596,7.139999866485596,0,0,0.0
1997-03-19,7.139999866485596,7.139999866485596,7.139999866485596,7.139999866485596,0,0,0.0
1997-03-20,7.139999866485596,7.139999866485596,7.139999866485596,7.139999866485596,0,0,0.0
1997-03-21,7.139999866485596,7.139999866485596,7.139999866485596,7.139999866485596,0,0,0.0
1997-03-24,7.139999866485596,7.139999866485596,7.139999866485596,7.139999866485596,0,0,0.0
1997-03-25,7.139999866485596,7.139999866485596,7.139999866485596,7.139999866485596,0,0,0.0
1997-03-26,7.139999866485596,7.139999866485596,7.139999866485596,7.139999866485596,0,0,0.0
1997-03-27,7.139999866485596,7.139999866485596,7.139999866485596,7.139999866485596,0,0,0.0
1997-03-31,7.139999866485596,7.139999866485596,7.139999866485596,7.139999866485596,0,0,0.0
1997-04-01,7.139999866485596,7.139999866485596,7.139999866485596,7.139999866485596,0,0,0.0
1997-04-02,7.139999866485596,7.139999866485596,7.139999866485596,7.139999866485596,0,0,0.0
1997-04-03,7.139999866485596,7.139999866485596,7.139999866485596,7.139999866485596,0,0,0.0
1997-04-04,7.139999866485596,7.139999866485596,7.139999866485596,7.139999866485596,0,0,0.0
1997-04-07,7.139999866485596,7.139999866485596,7.139999866485596,7.139999866485596,0,0,0.0
1997-04-08,7.139999866485596,7.139999866485596,7.139999866485596,7.139999866485596,0,0,0.0
1997-04-09,7.139999866485596,7.139999866485596,7.139999866485596,7.139999866485596,0,0,0.0
1997-04-10,7.139999866485596,7.139999866485596,7.139999866485596,7.139999866485596,0,0,0.0
1997-04-11,7.139999866485596,7.139999866485596,7.139999866485596,7.139999866485596,0,0,0.0
1997-04-14,7.139999866485596,7.139999866485596,7.139999866485596,7.139999866485596,0,0,0.0
1997-04-15,7.139999866485596,7.139999866485596,7.139999866485596,7.139999866485596,0,0,0.0
1997-04-16,7.139999866485596,7.139999866485596,7.139999866485596,7.139999866485596,0,0,0.0
1997-04-17,7.139999866485596,7.139999866485596,7.139999866485596,7.139999866485596,0,0,0.0
1997-04-18,7.139999866485596,7.139999866485596,7.139999866485596,7.139999866485596,0,0,0.0
1997-04-21,7.139999866485596,7.139999866485596,7.139999866485596,7.139999866485596,0,0,0.0
1997-04-22,7.139999866485596,7.139999866485596,7.139999866485596,7.139999866485596,0,0,0.0
1997-04-23,7.139999866485596,7.139999866485596,7.139999866485596,7.139999866485596,0,0,0.0
1997-04-24,7.139999866485596,7.139999866485596,7.139999866485596,7.139999866485596,0,0,0.0
1997-04-25,7.139999866485596,7.139999866485596,7.139999866485596,7.139999866485596,0,0,0.0
1997-04-28,7.139999866485596,7.139999866485596,7.139999866485596,7.139999866485596,0,0,0.0
1997-04-29,7.139999866485596,7.139999866485596,7.139999866485596,7.139999866485596,0,0,0.0
1997-04-30,7.139999866485596,7.139999866485596,7.139999866485596,7.139999866485596,0,0,0.0
1997-05-01,47.599998474121094,47.599998474121094,47.599998474121094,47.599998474121094,0,0,0.0
1997-05-02,47.599998474121094,47.599998474121094,47.599998474121094,47.599998474121094,0,0,0.0
1997-05-05,47.599998474121094,47.599998474121094,47.599998474121094,47.599998474121094,0,0,0.0
1997-05-06,47.599998474121094,47.599998474121094,47.599998474121094,47.599998474121094,0,0,0.0
1997-05-07,47.599998474121094,47.599998474121094,47.599998474121094,47.599998474121094,0,0,0.0
1997-05-08,47.599998474121094,47.599998474121094,47.599998474121094,47.599998474121094,0,0,0.0
1997-05-09,47.599998474121094,47.599998474121094,47.599998474121094,47.599998474121094,0,0,0.0
1997-05-12,47.599998474121094,47.599998474121094,47.599998474121094,47.599998474121094,0,0,0.0
1997-05-13,47.599998474121094,47.599998474121094,47.599998474121094,47.599998474121094,0,0,0.0
1997-05-14,47.599998474121094,47.599998474121094,47.599998474121094,47.599998474121094,0,0,0.0
1997-05-15,47.599998474121094,47.599998474121094,47.599998474121094,47.599998474121094,0,0,0.0
1997-05-16,47.599998474121094,47.599998474121094,47.599998474121094,47.599998474121094,0,0,0.0
1997-05-19,47.599998474121094,47.599998474121094,47.599998474121094,47.599998474121094,0,0,0.0
1997-05-20,47.599998474121094,47.599998474121094,47.599998474121094,47.599998474121094,0,0,0.0
1997-05-21,47.599998474121094,47.599998474121094,47.599998474121094,47.599998474121094,0,0,0.0
1997-05-22,47.599998474121094,47.599998474121094,47.599998474121094,47.599998474121094,0,0,0.0
1997-05-23,47.599998474121094,47.599998474121094,47.599998474121094,47.599998474121094,0,0,0.0
1997-05-27,47.599998474121094,47.599998474121094,47.599998474121094,47.599998474121094,0,0,0.0
1997-05-28,47.599998474121094,47.599998474121094,47.599998474121094,47.599998474121094,0,0,0.0
1997-05-29,47.599998474121094,47.599998474121094,47.599998474121094,47.599998474121094,0,0,0.0
1997-05-30,47.599998474121094,47.599998474121094,47.599998474121094,47.599998474121094,0,0,0.0
1997-06-02,47.599998474121094,47.599998474121094,47.599998474121094,47.599998474121094,0,0,0.0
1997-06-03,47.599998474121094,47.599998474121094,47.599998474121094,47.599998474121094,0,0,0.0
1997-06-04,47.599998474121094,47.599998474121094,47.599998474121094,47.599998474121094,0,0,0.0
1997-06-05,47.599998474121094,47.599998474121094,47.599998474121094,47.599998474121094,0,0,0.0
1997-06-06,47.599998474121094,47.599998474121094,47.599998474121094,47.599998474121094,0,0,0.0
1997-06-09,47.599998474121094,47.599998474121094,47.599998474121094,47.599998474121094,0,0,0.0
1997-06-10,47.599998474121094,47.599998474121094,47.599998474121094,47.599998474121094,0,0,0.0
1997-06-11,47.599998474121094,47.599998474121094,47.599998474121094,47.599998474121094,0,0,0.0
1997-06-12,47.599998474121094,47.599998474121094,47.599998474121094,47.599998474121094,0,0,0.0
1997-06-13,47.599998474121094,47.599998474121094,47.599998474121094,47.599998474121094,0,0,0.0
1997-06-16,47.599998474121094,47.599998474121094,47.599998474121094,47.599998474121094,0,0,0.0
1997-06-17,47.599998474121094,47.599998474121094,47.599998474121094,47.599998474121094,0,0,0.0
1997-06-18,47.599998474121094,47.599998474121094,47.599998474121094,47.599998474121094,0,0,0.0
1997-06-19,47.599998474121094,47.599998474121094,47.599998474121094,47.599998474121094,0,0,0.0
1997-06-20,47.599998474121094,47.599998474121094,47.599998474121094,47.599998474121094,0,0,0.0
1997-06-23,47.599998474121094,47.599998474121094,47.599998474121094,47.599998474121094,0,0,0.0
1997-06-24,47.599998474121094,47.599998474121094,47.599998474121094,47.599998474121094,0,0,0.0
1997-06-25,47.599998474121094,47.599998474121094,47.599998474121094,47.599998474121094,0,0,0.0
1997-06-26,47.599998474121094,47.599998474121094,47.599998474121094,47.599998474121094,0,0,0.0
1997-06-27,47.599998474121094,47.599998474121094,47.599998474121094,47.599998474121094,0,0,0.0
1997-06-30,47.599998474121094,47.599998474121094,47.599998474121094,47.599998474121094,0,0,0.0
1997-07-01,47.599998474121094,47.599998474121094,47.599998474121094,47.599998474121094,0,0,0.0
1997-07-02,47.599998474121094,47.599998474121094,47.599998474121094,47.599998474121094,0,0,0.0
1997-07-03,47.599998474121094,47.599998474121094,47.599998474121094,47.599998474121094,0,0,0.0
1997-07-07,47.599998474121094,47.599998474121094,47.599998474121094,47.599998474121094,0,0,0.0
1997-07-08,47.599998474121094,47.599998474121094,47.599998474121094,47.599998474121094,0,0,0.0
1997-07-09,47.599998474121094,47.599998474121094,47.599998474121094,47.599998474121094,0,0,0.0
1997-07-10,47.599998474121094,47.599998474121094,47.599998474121094,47.599998474121094,0,0,0.0
1997-07-11,47.599998474121094,47.599998474121094,47.599998474121094,47.599998474121094,0,0,0.0
1997-07-14,47.599998474121094,47.599998474121094,47.599998474121094,47.599998474121094,0,0,0.0
1997-07-15,47.599998474121094,47.599998474121094,47.599998474121094,47.599998474121094,0,0,0.0
1997-07-16,47.599998474121094,47.599998474121094,47.599998474121094,47.599998474121094,0,0,0.0
1997-07-17,47.599998474121094,47.599998474121094,47.599998474121094,47.599998474121094,0,0,0.0
1997-07-18,47.599998474121094,47.599998474121094,47.599998474121094,47.599998474121094,0,0,0.0
1997-07-21,47.599998474121094,47.599998474121094,47.599998474121094,47.599998474121094,0,0,0.0
1997-07-22,47.599998474121094,47.599998474121094,47.599998474121094,47.599998474121094,0,0,0.0
1997-07-23,47.599998474121094,47.599998474121094,47.599998474121094,47.599998474121094,0,0,0.0
1997-07-24,47.599998474121094,47.599998474121094,47.599998474121094,47.599998474121094,0,0,0.0
1997-07-25,47.599998474121094,47.599998474121094,47.599998474121094,47.599998474121094,0,0,0.0
1997-07-28,47.599998474121094,47.599998474121094,47.599998474121094,47.599998474121094,0,0,0.0
1997-07-29,47.599998474121094,47.599998474121094,47.599998474121094,47.599998474121094,0,0,0.0
1997-07-30,47.599998474121094,47.599998474121094,47.599998474121094,47.599998474121094,0,0,0.0
1997-07-31,47.599998474121094,47.599998474121094,47.599998474121094,47.599998474121094,0,0,0.0
1997-08-01,47.599998474121094,47.599998474121094,47.599998474121094,47.599998474121094,0,0,0.0
1997-08-04,47.599998474121094,47.599998474121094,47.599998474121094,47.599998474121094,0,0,0.0
1997-08-05,47.599998474121094,47.599998474121094,47.599998474121094,47.599998474121094,0,0,0.0
1997-08-06,47.599998474121094,47.599998474121094,47.599998474121094,47.599998474121094,0,0,0.0
1997-08-07,47.599998474121094,47.599998474121094,47.599998474121094,47.599998474121094,0,0,0.0
1997-08-08,47.599998474121094,47.599998474121094,47.599998474121094,47.599998474121094,0,0,0.0
1997-08-11,47.599998474121094,47.599998474121094,47.599998474121094,47.599998474121094,0,0,0.0
1997-08-12,47.599998474121094,47.599998474121094,47.599998474121094,47.599998474121094,0,0,0.0
1997-08-13,47.599998474121094,47.599998474121094,47.599998474121094,47.599998474121094,0,0,0.0
1997-08-14,47.599998474121094,47.599998474121094,47.599998474121094,47.599998474121094,0,0,0.0
1997-08-15,47.599998474121094,47.599998474121094,47.599998474121094,47.599998474121094,0,0,0.0
1997-08-18,47.599998474121094,47.599998474121094,47.599998474121094,47.599998474121094,0,0,0.0
1997-08-19,47.599998474121094,47.599998474121094,47.599998474121094,47.599998474121094,0,0,0.0
1997-08-20,47.599998474121094,47.599998474121094,47.599998474121094,47.599998474121094,0,0,0.0
1997-08-21,47.599998474121094,47.599998474121094,47.599998474121094,47.599998474121094,0,0,0.0
1997-08-22,47.599998474121094,47.599998474121094,47.599998474121094,47.599998474121094,0,0,0.0
1997-08-25,47.599998474121094,47.599998474121094,47.599998474121094,47.599998474121094,0,0,0.0
1997-08-26,47.599998474121094,47.599998474121094,47.599998474121094,47.599998474121094,0,0,0.0
1997-08-27,47.599998474121094,47.599998474121094,47.599998474121094,47.599998474121094,0,0,0.0
1997-08-28,47.599998474121094,47.599998474121094,47.599998474121094,47.599998474121094,0,0,0.0
1997-08-29,47.599998474121094,47.599998474121094,47.599998474121094,47.599998474121094,0,0,0.0
1997-09-02,47.599998474121094,47.599998474121094,47.599998474121094,47.599998474121094,0,0,0.0
1997-09-03,47.599998474121094,47.599998474121094,47.599998474121094,47.599998474121094,0,0,0.0
1997-09-04,47.599998474121094,47.599998474121094,47.599998474121094,47.599998474121094,0,0,0.0
1997-09-05,47.599998474121094,47.599998474121094,47.599998474121094,47.599998474121094,0,0,0.0
1997-09-08,47.599998474121094,47.599998474121094,47.599998474121094,47.599998474121094,0,0,0.0
1997-09-09,47.599998474121094,47.599998474121094,47.599998474121094,47.599998474121094,0,0,0.0
1997-09-10,47.599998474121094,47.599998474121094,47.599998474121094,47.599998474121094,0,0,0.0
1997-09-11,47.599998474121094,47.599998474121094,47.599998474121094,47.599998474121094,0,0,0.0
1997-09-12,47.599998474121094,47.599998474121094,47.599998474121094,47.599998474121094,0,0,0.0
1997-09-15,47.599998474121094,47.599998474121094,47.599998474121094,47.599998474121094,0,0,0.0
1997-09-16,47.599998474121094,47.599998474121094,47.599998474121094,47.599998474121094,0,0,0.0
1997-09-17,47.599998474121094,47.599998474121094,47.599998474121094,47.599998474121094,0,0,0.0
1997-09-18,47.599998474121094,47.599998474121094,47.599998474121094,47.599998474121094,0,0,0.0
1997-09-19,47.599998474121094,47.599998474121094,47.599998474121094,47.599998474121094,0,0,0.0
1997-09-22,47.599998474121094,47.599998474121094,47.599998474121094,47.599998474121094,0,0,0.0
1997-09-23,47.599998474121094,47.599998474121094,47.599998474121094,47.599998474121094,0,0,0.0
1997-09-24,47.599998474121094,47.599998474121094,47.599998474121094,47.599998474121094,0,0,0.0
1997-09-25,47.599998474121094,47.599998474121094,47.599998474121094,47.599998474121094,0,0,0.0
1997-09-26,47.599998474121094,47.599998474121094,47.599998474121094,47.599998474121094,0,0,0.0
1997-09-29,47.599998474121094,47.599998474121094,47.599998474121094,47.599998474121094,0,0,0.0
1997-09-30,47.599998474121094,47.599998474121094,47.599998474121094,47.599998474121094,0,0,0.0
1997-10-01,47.599998474121094,47.599998474121094,47.599998474121094,47.599998474121094,0,0,0.0
1997-10-02,47.599998474121094,47.599998474121094,47.599998474121094,47.599998474121094,0,0,0.0
1997-10-03,47.599998474121094,47.599998474121094,47.599998474121094,47.599998474121094,0,0,0.0
1997-10-06,47.599998474121094,47.599998474121094,47.599998474121094,47.599998474121094,0,0,0.0
1997-10-07,47.599998474121094,47.599998474121094,47.599998474121094,47.599998474121094,0,0,0.0
1997-10-08,47.599998474121094,47.599998474121094,47.599998474121094,47.599998474121094,0,0,0.0
1997-10-09,47.599998474121094,47.599998474121094,47.599998474121094,47.599998474121094,0,0,0.0
1997-10-10,47.599998474121094,47.599998474121094,47.599998474121094,47.599998474121094,0,0,0.0
1997-10-13,47.599998474121094,47.599998474121094,47.599998474121094,47.599998474121094,0,0,0.0
1997-10-14,47.599998474121094,47.599998474121094,47.599998474121094,47.599998474121094,0,0,0.0
1997-10-15,47.599998474121094,47.599998474121094,47.599998474121094,47.599998474121094,0,0,0.0
1997-10-16,47.599998474121094,47.599998474121094,47.599998474121094,47.599998474121094,0,0,0.0
1997-10-17,47.599998474121094,47.599998474121094,47.599998474121094,47.599998474121094,0,0,0.0
1997-10-20,47.599998474121094,47.599998474121094,47.599998474121094,47.599998474121094,0,0,0.0
1997-10-21,47.599998474121094,47.599998474121094,47.599998474121094,47.599998474121094,0,0,0.0
1997-10-22,47.599998474121094,47.599998474121094,47.599998474121094,47.599998474121094,0,0,0.0
1997-10-23,47.599998474121094,47.599998474121094,47.599998474121094,47.599998474121094,0,0,0.0
1997-10-24,47.599998474121094,47.599998474121094,47.599998474121094,47.599998474121094,0,0,0.0
1997-10-27,47.599998474121094,47.599998474121094,47.599998474121094,47.599998474121094,0,0,0.0
1997-10-28,47.599998474121094,47.599998474121094,47.599998474121094,47.599998474121094,0,0,0.0
1997-10-29,47.599998474121094,47.599998474121094,47.599998474121094,47.599998474121094,0,0,0.0
1997-10-30,47.599998474121094,47.599998474121094,47.599998474121094,47.599998474121094,0,0,0.0
1997-10-31,47.599998474121094,47.599998474121094,47.599998474121094,47.599998474121094,0,0,0.0
1997-11-03,47.599998474121094,47.599998474121094,47.599998474121094,47.599998474121094,0,0,0.0
1997-11-04,47.599998474121094,47.599998474121094,47.599998474121094,47.599998474121094,0,0,0.0
1997-11-05,47.599998474121094,47.599998474121094,47.599998474121094,47.599998474121094,0,0,0.0
1997-11-06,47.599998474121094,47.599998474121094,47.599998474121094,47.599998474121094,0,0,0.0
1997-11-07,47.599998474121094,47.599998474121094,47.599998474121094,47.599998474121094,0,0,0.0
1997-11-10,47.599998474121094,47.599998474121094,47.599998474121094,47.599998474121094,0,0,0.0
1997-11-11,47.599998474121094,47.599998474121094,47.599998474121094,47.599998474121094,0,0,0.0
1997-11-12,47.599998474121094,47.599998474121094,47.599998474121094,47.599998474121094,0,0,0.0
1997-11-13,47.599998474121094,47.599998474121094,47.599998474121094,47.599998474121094,0,0,0.0
1997-11-14,47.599998474121094,47.599998474121094,47.599998474121094,47.599998474121094,0,0,0.0
1997-11-17,47.599998474121094,47.599998474121094,47.599998474121094,47.599998474121094,0,0,0.0
1997-11-18,47.599998474121094,47.599998474121094,47.599998474121094,47.599998474121094,0,0,0.0
1997-11-19,47.599998474121094,47.599998474121094,47.599998474121094,47.599998474121094,0,0,0.0
1997-11-20,47.599998474121094,47.599998474121094,47.599998474121094,47.599998474121094,0,0,0.0
1997-11-21,47.599998474121094,47.599998474121094,47.599998474121094,47.599998474121094,0,0,0.0
1997-11-24,47.599998474121094,47.599998474121094,47.599998474121094,47.599998474121094,0,0,0.0
1997-11-25,47.599998474121094,47.599998474121094,47.599998474121094,47.599998474121094,0,0,0.0
1997-11-26,47.599998474121094,47.599998474121094,47.599998474121094,47.599998474121094,0,0,0.0
1997-11-28,47.599998474121094,47.599998474121094,47.599998474121094,47.599998474121094,0,0,0.0
1997-12-01,47.599998474121094,47.599998474121094,47.599998474121094,47.599998474121094,0,0,0.0
1997-12-02,47.599998474121094,47.599998474121094,47.599998474121094,47.599998474121094,0,0,0.0
1997-12-03,47.599998474121094,47.599998474121094,47.599998474121094,47.599998474121094,0,0,0.0
1997-12-04,47.599998474121094,47.599998474121094,47.599998474121094,47.599998474121094,0,0,0.0
1997-12-05,47.599998474121094,47.599998474121094,47.599998474121094,47.599998474121094,0,0,0.0
1997-12-08,47.599998474121094,47.599998474121094,47.599998474121094,47.599998474121094,0,0,0.0
1997-12-09,47.599998474121094,47.599998474121094,47.599998474121094,47.599998474121094,0,0,0.0
1997-12-10,47.599998474121094,47.599998474121094,47.599998474121094,47.599998474121094,0,0,0.0
1997-12-11,47.599998474121094,47.599998474121094,47.599998474121094,47.599998474121094,0,0,0.0
1997-12-12,47.599998474121094,47.599998474121094,47.599998474121094,47.599998474121094,0,0,0.0
1997-12-15,47.599998474121094,47.599998474121094,47.599998474121094,47.599998474121094,0,0,0.0
1997-12-16,47.599998474121094,47.599998474121094,47.599998474121094,47.599998474121094,0,0,0.0
1997-12-17,47.599998474121094,47.599998474121094,47.599998474121094,47.599998474121094,0,0,0.0
1997-12-18,47.599998474121094,47.599998474121094,47.599998474121094,47.599998474121094,0,0,0.0
1997-12-19,47.599998474121094,47.599998474121094,47.599998474121094,47.599998474121094,0,0,0.0
1997-12-22,47.599998474121094,47.599998474121094,47.599998474121094,47.599998474121094,0,0,0.0
1997-12-23,47.599998474121094,47.599998474121094,47.599998474121094,47.599998474121094,0,0,0.0
1997-12-24,47.599998474121094,47.599998474121094,47.599998474121094,47.599998474121094,0,0,0.0
1997-12-26,47.599998474121094,47.599998474121094,47.599998474121094,47.599998474121094,0,0,0.0
1997-12-29,47.599998474121094,47.599998474121094,47.599998474121094,47.599998474121094,0,0,0.0
1997-12-30,47.599998474121094,47.599998474121094,47.599998474121094,47.599998474121094,0,0,0.0
1997-12-31,47.599998474121094,47.599998474121094,47.599998474121094,47.599998474121094,0,0,0.0
1998-01-02,47.599998474121094,47.599998474121094,47.599998474121094,47.599998474121094,0,0,0.0
1998-01-05,47.599998474121094,47.599998474121094,47.599998474121094,47.599998474121094,0,0,0.0
1998-01-06,47.599998474121094,47.599998474121094,47.599998474121094,47.599998474121094,0,0,0.0
1998-01-07,47.599998474121094,47.599998474121094,47.599998474121094,47.599998474121094,0,0,0.0
1998-01-08,47.599998474121094,47.599998474121094,47.599998474121094,47.599998474121094,0,0,0.0
1998-01-09,47.599998474121094,47.599998474121094,47.599998474121094,47.599998474121094,0,0,0.0
1998-01-12,47.599998474121094,47.599998474121094,47.599998474121094,47.599998474121094,0,0,0.0
1998-01-13,47.599998474121094,47.599998474121094,47.599998474121094,47.599998474121094,0,0,0.0
1998-01-14,47.599998474121094,47.599998474121094,47.599998474121094,47.599998474121094,0,0,0.0
1998-01-15,47.599998474121094,47.599998474121094,47.599998474121094,47.599998474121094,0,0,0.0
1998-01-16,47.599998474121094,47.599998474121094,47.599998474121094,47.599998474121094,0,0,0.0
1998-01-20,47.599998474121094,47.599998474121094,47.599998474121094,47.599998474121094,0,0,0.0
1998-01-21,47.599998474121094,47.599998474121094,47.599998474121094,47.599998474121094,0,0,0.0
1998-01-22,47.599998474121094,47.599998474121094,47.599998474121094,47.599998474121094,0,0,0.0
1998-01-23,47.599998474121094,47.599998474121094,47.599998474121094,47.599998474121094,0,0,0.0
1998-01-26,47.599998474121094,47.599998474121094,47.599998474121094,47.599998474121094,0,0,0.0
1998-01-27,47.599998474121094,47.599998474121094,47.599998474121094,47.599998474121094,0,0,0.0
1998-01-28,47.599998474121094,47.599998474121094,47.599998474121094,47.599998474121094,0,0,0.0
1998-01-29,47.599998474121094,47.599998474121094,47.599998474121094,47.599998474121094,0,0,0.0
1998-01-30,47.599998474121094,47.599998474121094,47.599998474121094,47.599998474121094,0,0,0.0
1998-02-02,47.599998474121094,47.599998474121094,47.599998474121094,47.599998474121094,0,0,0.0
1998-02-03,47.599998474121094,47.599998474121094,47.599998474121094,47.599998474121094,0,0,0.0
1998-02-04,47.599998474121094,47.599998474121094,47.599998474121094,47.599998474121094,0,0,0.0
1998-02-05,47.599998474121094,47.599998474121094,47.599998474121094,47.599998474121094,0,0,0.0
1998-02-06,47.599998474121094,47.599998474121094,47.599998474121094,47.599998474121094,0,0,0.0
1998-02-09,47.599998474121094,47.599998474121094,47.599998474121094,47.599998474121094,0,0,0.0
1998-02-10,47.599998474121094,47.599998474121094,47.599998474121094,47.599998474121094,0,0,0.0
1998-02-11,47.599998474121094,47.599998474121094,47.599998474121094,47.599998474121094,0,0,0.0
1998-02-12,47.599998474121094,47.599998474121094,47.599998474121094,47.599998474121094,0,0,0.0
1998-02-13,47.599998474121094,47.599998474121094,47.599998474121094,47.599998474121094,0,0,0.0
1998-02-17,47.599998474121094,47.599998474121094,47.599998474121094,47.599998474121094,0,0,0.0
1998-02-18,47.599998474121094,47.599998474121094,47.599998474121094,47.599998474121094,0,0,0.0
1998-02-19,47.599998474121094,47.599998474121094,47.599998474121094,47.599998474121094,0,0,0.0
1998-02-20,47.599998474121094,47.599998474121094,47.599998474121094,47.599998474121094,0,0,0.0
1998-02-23,47.599998474121094,47.599998474121094,47.599998474121094,47.599998474121094,0,0,0.0
1998-02-24,47.599998474121094,47.599998474121094,47.599998474121094,47.599998474121094,0,0,0.0
1998-02-25,47.599998474121094,47.599998474121094,47.599998474121094,47.599998474121094,0,0,0.0
1998-02-26,47.599998474121094,47.599998474121094,47.599998474121094,47.599998474121094,0,0,0.0
1998-02-27,47.599998474121094,47.599998474121094,47.599998474121094,47.599998474121094,0,0,0.0
1998-03-02,47.599998474121094,47.599998474121094,47.599998474121094,47.599998474121094,0,0,0.0
1998-03-03,47.599998474121094,47.599998474121094,47.599998474121094,47.599998474121094,0,0,0.0
1998-03-04,47.599998474121094,47.599998474121094,47.599998474121094,47.599998474121094,0,0,0.0
1998-03-05,47.599998474121094,47.599998474121094,47.599998474121094,47.599998474121094,0,0,0.0
1998-03-06,47.599998474121094,47.599998474121094,47.599998474121094,47.599998474121094,0,0,0.0
1998-03-09,47.599998474121094,47.599998474121094,47.599998474121094,47.599998474121094,0,0,0.0
1998-03-10,47.599998474121094,47.599998474121094,47.599998474121094,47.599998474121094,0,0,0.0
1998-03-11,47.599998474121094,47.599998474121094,47.599998474121094,47.599998474121094,0,0,0.0
1998-03-12,47.599998474121094,47.599998474121094,47.599998474121094,47.599998474121094,0,0,0.0
1998-03-13,47.599998474121094,47.599998474121094,47.599998474121094,47.599998474121094,0,0,0.0
1998-03-16,47.599998474121094,47.599998474121094,47.599998474121094,47.599998474121094,0,0,0.0
1998-03-17,47.599998474121094,47.599998474121094,47.599998474121094,47.599998474121094,0,0,0.0
1998-03-18,47.599998474121094,47.599998474121094,47.599998474121094,47.599998474121094,0,0,0.0
1998-03-19,47.599998474121094,47.599998474121094,47.599998474121094,47.599998474121094,0,0,0.0
1998-03-20,47.599998474121094,47.599998474121094,47.599998474121094,47.599998474121094,0,0,0.0
1998-03-23,47.599998474121094,47.599998474121094,47.599998474121094,47.599998474121094,0,0,0.0
1998-03-24,47.599998474121094,47.599998474121094,47.599998474121094,47.599998474121094,0,0,0.0
1998-03-25,47.599998474121094,47.599998474121094,47.599998474121094,47.599998474121094,0,0,0.0
1998-03-26,47.599998474121094,47.599998474121094,47.599998474121094,47.599998474121094,0,0,0.0
1998-03-27,47.599998474121094,47.599998474121094,47.599998474121094,47.599998474121094,0,0,0.0
1998-03-30,47.599998474121094,47.599998474121094,47.599998474121094,47.599998474121094,0,0,0.0
1998-03-31,47.599998474121094,47.599998474121094,47.599998474121094,47.599998474121094,0,0,0.0
1998-04-01,47.599998474121094,47.599998474121094,47.599998474121094,47.599998474121094,0,0,0.0
1998-04-02,47.599998474121094,47.599998474121094,47.599998474121094,47.599998474121094,0,0,0.0
1998-04-03,47.599998474121094,47.599998474121094,47.599998474121094,47.599998474121094,0,0,0.0
1998-04-06,47.599998474121094,47.599998474121094,47.599998474121094,47.599998474121094,0,0,0.0
1998-04-07,47.599998474121094,47.599998474121094,47.599998474121094,47.599998474121094,0,0,0.0
1998-04-08,47.599998474121094,47.599998474121094,47.599998474121094,47.599998474121094,0,0,0.0
1998-04-09,47.599998474121094,47.599998474121094,47.599998474121094,47.599998474121094,0,0,0.0
1998-04-13,47.599998474121094,47.599998474121094,47.599998474121094,47.599998474121094,0,0,0.0
1998-04-14,47.599998474121094,47.599998474121094,47.599998474121094,47.599998474121094,0,0,0.0
1998-04-15,47.599998474121094,47.599998474121094,47.599998474121094,47.599998474121094,0,0,0.0
1998-04-16,47.599998474121094,47.599998474121094,47.599998474121094,47.599998474121094,0,0,0.0
1998-04-17,47.599998474121094,47.599998474121094,47.599998474121094,47.599998474121094,0,0,0.0
1998-04-20,47.599998474121094,47.599998474121094,47.599998474121094,47.599998474121094,0,0,0.0
1998-04-21,47.599998474121094,47.599998474121094,47.599998474121094,47.599998474121094,0,0,0.0
1998-04-22,47.599998474121094,47.599998474121094,47.599998474121094,47.599998474121094,0,0,0.0
1998-04-23,47.599998474121094,47.599998474121094,47.599998474121094,47.599998474121094,0,0,0.0
1998-04-24,47.599998474121094,47.599998474121094,47.599998474121094,47.599998474121094,0,0,0.0
1998-04-27,47.599998474121094,47.599998474121094,47.599998474121094,47.599998474121094,0,0,0.0
1998-04-28,47.599998474121094,47.599998474121094,47.599998474121094,47.599998474121094,0,0,0.0
1998-04-29,47.599998474121094,47.599998474121094,47.599998474121094,47.599998474121094,0,0,0.0
1998-04-30,47.599998474121094,47.599998474121094,47.599998474121094,47.599998474121094,0,0,0.0
1998-05-01,47.599998474121094,47.599998474121094,47.599998474121094,47.599998474121094,0,0,0.0
1998-05-04,47.599998474121094,47.599998474121094,47.599998474121094,47.599998474121094,0,0,0.0
1998-05-05,47.599998474121094,47.599998474121094,47.599998474121094,47.599998474121094,0,0,0.0
1998-05-06,47.599998474121094,47.599998474121094,47.599998474121094,47.599998474121094,0,0,0.0
1998-05-07,47.599998474121094,47.599998474121094,47.599998474121094,47.599998474121094,0,0,0.0
1998-05-08,47.599998474121094,47.599998474121094,47.599998474121094,47.599998474121094,0,0,0.0
1998-05-11,47.599998474121094,47.599998474121094,47.599998474121094,47.599998474121094,0,0,0.0
1998-05-12,47.599998474121094,47.599998474121094,47.599998474121094,47.599998474121094,0,0,0.0
1998-05-13,47.599998474121094,47.599998474121094,47.599998474121094,47.599998474121094,0,0,0.0
1998-05-14,47.599998474121094,47.599998474121094,47.599998474121094,47.599998474121094,0,0,0.0
1998-05-15,47.599998474121094,47.599998474121094,47.599998474121094,47.599998474121094,0,0,0.0
1998-05-18,47.599998474121094,47.599998474121094,47.599998474121094,47.599998474121094,0,0,0.0
1998-05-19,47.599998474121094,47.599998474121094,47.599998474121094,47.599998474121094,0,0,0.0
1998-05-20,47.599998474121094,47.599998474121094,47.599998474121094,47.599998474121094,0,0,0.0
1998-05-21,47.599998474121094,47.599998474121094,47.599998474121094,47.599998474121094,0,0,0.0
1998-05-22,47.599998474121094,47.599998474121094,47.599998474121094,47.599998474121094,0,0,0.0
1998-05-26,47.599998474121094,47.599998474121094,47.599998474121094,47.599998474121094,0,0,0.0
1998-05-27,47.599998474121094,47.599998474121094,47.599998474121094,47.599998474121094,0,0,0.0
1998-05-28,47.599998474121094,47.599998474121094,47.599998474121094,47.599998474121094,0,0,0.0
1998-05-29,47.599998474121094,47.599998474121094,47.599998474121094,47.599998474121094,0,0,0.0
1998-06-01,47.599998474121094,47.599998474121094,47.599998474121094,47.599998474121094,0,0,0.0
1998-06-02,47.599998474121094,47.599998474121094,47.599998474121094,47.599998474121094,0,0,0.0
1998-06-03,47.599998474121094,47.599998474121094,47.599998474121094,47.599998474121094,0,0,0.0
1998-06-04,47.599998474121094,47.599998474121094,47.599998474121094,47.599998474121094,0,0,0.0
1998-06-05,47.599998474121094,47.599998474121094,47.599998474121094,47.599998474121094,0,0,0.0
1998-06-08,47.599998474121094,47.599998474121094,47.599998474121094,47.599998474121094,0,0,0.0
1998-06-09,47.599998474121094,47.599998474121094,47.599998474121094,47.599998474121094,0,0,0.0
1998-06-10,47.599998474121094,47.599998474121094,47.599998474121094,47.599998474121094,0,0,0.0
1998-06-11,47.599998474121094,47.599998474121094,47.599998474121094,47.599998474121094,0,0,0.0
1998-06-12,47.599998474121094,47.599998474121094,47.599998474121094,47.599998474121094,0,0,0.0
1998-06-15,47.599998474121094,47.599998474121094,47.599998474121094,47.599998474121094,0,0,0.0
1998-06-16,47.599998474121094,47.599998474121094,47.599998474121094,47.599998474121094,0,0,0.0
1998-06-17,47.599998474121094,47.599998474121094,47.599998474121094,47.599998474121094,0,0,0.0
1998-06-18,47.599998474121094,47.599998474121094,47.599998474121094,47.599998474121094,0,0,0.0
1998-06-19,47.599998474121094,47.599998474121094,47.599998474121094,47.599998474121094,0,0,0.0
1998-06-22,47.599998474121094,47.599998474121094,47.599998474121094,47.599998474121094,0,0,0.0
1998-06-23,47.599998474121094,47.599998474121094,47.599998474121094,47.599998474121094,0,0,0.0
1998-06-24,47.599998474121094,47.599998474121094,47.599998474121094,47.599998474121094,0,0,0.0
1998-06-25,47.599998474121094,47.599998474121094,47.599998474121094,47.599998474121094,0,0,0.0
1998-06-26,5.711999893188477,5.711999893188477,5.711999893188477,5.711999893188477,500,0,0.0
1998-06-29,5.711999893188477,5.711999893188477,5.711999893188477,5.711999893188477,0,0,0.0
1998-06-30,6.188000202178955,6.188000202178955,6.188000202178955,6.188000202178955,500,0,0.0
1998-07-01,6.188000202178955,6.188000202178955,6.188000202178955,6.188000202178955,0,0,0.0
1998-07-02,6.188000202178955,6.188000202178955,6.188000202178955,6.188000202178955,0,0,0.0
1998-07-06,5.711999893188477,5.711999893188477,5.711999893188477,5.711999893188477,500,0,0.0
1998-07-07,5.711999893188477,5.711999893188477,5.711999893188477,5.711999893188477,0,0,0.0
1998-07-08,5.711999893188477,5.711999893188477,5.711999893188477,5.711999893188477,0,0,0.0
1998-07-09,6.188000202178955,6.188000202178955,6.188000202178955,6.188000202178955,500,0,0.0
1998-07-10,6.188000202178955,6.188000202178955,6.188000202178955,6.188000202178955,0,0,0.0
1998-07-13,6.188000202178955,6.188000202178955,6.188000202178955,6.188000202178955,0,0,0.0
1998-07-14,6.188000202178955,6.188000202178955,6.188000202178955,6.188000202178955,0,0,0.0
1998-07-15,6.188000202178955,6.188000202178955,6.188000202178955,6.188000202178955,0,0,0.0
1998-07-16,6.188000202178955,6.188000202178955,6.188000202178955,6.188000202178955,0,0,0.0
1998-07-17,6.188000202178955,6.188000202178955,6.188000202178955,6.188000202178955,0,0,0.0
1998-07-20,6.188000202178955,6.188000202178955,6.188000202178955,6.188000202178955,0,0,0.0
1998-07-21,6.188000202178955,6.188000202178955,6.188000202178955,6.188000202178955,0,0,0.0
1998-07-22,6.188000202178955,6.188000202178955,6.188000202178955,6.188000202178955,0,0,0.0
1998-07-23,6.188000202178955,6.188000202178955,6.188000202178955,6.188000202178955,0,0,0.0
1998-07-24,6.188000202178955,6.188000202178955,6.188000202178955,6.188000202178955,0,0,0.0
1998-07-27,6.188000202178955,6.188000202178955,6.188000202178955,6.188000202178955,0,0,0.0
1998-07-28,6.188000202178955,6.188000202178955,6.188000202178955,6.188000202178955,0,0,0.0
1998-07-29,6.188000202178955,6.188000202178955,6.188000202178955,6.188000202178955,0,0,0.0
1998-07-30,6.188000202178955,6.188000202178955,6.188000202178955,6.188000202178955,0,0,0.0
1998-07-31,6.188000202178955,6.188000202178955,6.188000202178955,6.188000202178955,0,0,0.0
1998-08-03,6.188000202178955,6.188000202178955,6.188000202178955,6.188000202178955,0,0,0.0
1998-08-04,6.188000202178955,6.188000202178955,6.188000202178955,6.188000202178955,0,0,0.0
1998-08-05,6.188000202178955,6.188000202178955,6.188000202178955,6.188000202178955,0,0,0.0
1998-08-06,6.188000202178955,6.188000202178955,6.188000202178955,6.188000202178955,0,0,0.0
1998-08-07,6.188000202178955,6.188000202178955,6.188000202178955,6.188000202178955,0,0,0.0
1998-08-10,6.188000202178955,6.188000202178955,6.188000202178955,6.188000202178955,0,0,0.0
1998-08-11,6.188000202178955,6.188000202178955,6.188000202178955,6.188000202178955,0,0,0.0
1998-08-12,6.188000202178955,6.188000202178955,6.188000202178955,6.188000202178955,0,0,0.0
1998-08-13,6.188000202178955,6.188000202178955,6.188000202178955,6.188000202178955,0,0,0.0
1998-08-14,6.188000202178955,6.188000202178955,6.188000202178955,6.188000202178955,0,0,0.0
1998-08-17,6.188000202178955,6.188000202178955,6.188000202178955,6.188000202178955,0,0,0.0
1998-08-18,6.188000202178955,6.188000202178955,6.188000202178955,6.188000202178955,0,0,0.0
1998-08-19,6.188000202178955,6.188000202178955,6.188000202178955,6.188000202178955,0,0,0.0
1998-08-20,6.188000202178955,6.188000202178955,6.188000202178955,6.188000202178955,0,0,0.0
1998-08-21,6.188000202178955,6.188000202178955,6.188000202178955,6.188000202178955,0,0,0.0
1998-08-24,6.188000202178955,6.188000202178955,6.188000202178955,6.188000202178955,0,0,0.0
1998-08-25,6.188000202178955,6.188000202178955,6.188000202178955,6.188000202178955,0,0,0.0
1998-08-26,6.188000202178955,6.188000202178955,6.188000202178955,6.188000202178955,0,0,0.0
1998-08-27,6.188000202178955,6.188000202178955,6.188000202178955,6.188000202178955,0,0,0.0
1998-08-28,6.188000202178955,6.188000202178955,6.188000202178955,6.188000202178955,0,0,0.0
1998-08-31,6.188000202178955,6.188000202178955,6.188000202178955,6.188000202178955,0,0,0.0
1998-09-01,6.188000202178955,6.188000202178955,6.188000202178955,6.188000202178955,0,0,0.0
1998-09-02,6.188000202178955,6.188000202178955,6.188000202178955,6.188000202178955,0,0,0.0
1998-09-03,6.188000202178955,6.188000202178955,6.188000202178955,6.188000202178955,0,0,0.0
1998-09-04,6.188000202178955,6.188000202178955,6.188000202178955,6.188000202178955,0,0,0.0
1998-09-08,6.188000202178955,6.188000202178955,6.188000202178955,6.188000202178955,0,0,0.0
1998-09-09,6.188000202178955,6.188000202178955,6.188000202178955,6.188000202178955,0,0,0.0
1998-09-10,6.188000202178955,6.188000202178955,6.188000202178955,6.188000202178955,0,0,0.0
1998-09-11,6.188000202178955,6.188000202178955,6.188000202178955,6.188000202178955,0,0,0.0
1998-09-14,6.188000202178955,6.188000202178955,6.188000202178955,6.188000202178955,0,0,0.0
1998-09-15,6.188000202178955,6.188000202178955,6.188000202178955,6.188000202178955,0,0,0.0
1998-09-16,6.188000202178955,6.188000202178955,6.188000202178955,6.188000202178955,0,0,0.0
1998-09-17,6.188000202178955,6.188000202178955,6.188000202178955,6.188000202178955,0,0,0.0
1998-09-18,6.188000202178955,6.188000202178955,6.188000202178955,6.188000202178955,0,0,0.0
1998-09-21,6.188000202178955,6.188000202178955,6.188000202178955,6.188000202178955,0,0,0.0
1998-09-22,6.188000202178955,6.188000202178955,6.188000202178955,6.188000202178955,0,0,0.0
1998-09-23,6.188000202178955,6.188000202178955,6.188000202178955,6.188000202178955,0,0,0.0
1998-09-24,6.188000202178955,6.188000202178955,6.188000202178955,6.188000202178955,0,0,0.0
1998-09-25,6.188000202178955,6.188000202178955,6.188000202178955,6.188000202178955,0,0,0.0
1998-09-28,6.188000202178955,6.188000202178955,6.188000202178955,6.188000202178955,0,0,0.0
1998-09-29,6.188000202178955,6.188000202178955,6.188000202178955,6.188000202178955,0,0,0.0
1998-09-30,6.188000202178955,6.188000202178955,6.188000202178955,6.188000202178955,0,0,0.0
1998-10-01,6.188000202178955,6.188000202178955,6.188000202178955,6.188000202178955,0,0,0.0
1998-10-02,6.188000202178955,6.188000202178955,6.188000202178955,6.188000202178955,0,0,0.0
1998-10-05,6.188000202178955,6.188000202178955,6.188000202178955,6.188000202178955,0,0,0.0
1998-10-06,6.188000202178955,6.188000202178955,6.188000202178955,6.188000202178955,0,0,0.0
1998-10-07,6.188000202178955,6.188000202178955,6.188000202178955,6.188000202178955,0,0,0.0
1998-10-08,6.188000202178955,6.188000202178955,6.188000202178955,6.188000202178955,0,0,0.0
1998-10-09,6.188000202178955,6.188000202178955,6.188000202178955,6.188000202178955,0,0,0.0
1998-10-12,6.188000202178955,6.188000202178955,6.188000202178955,6.188000202178955,0,0,0.0
1998-10-13,6.188000202178955,6.188000202178955,6.188000202178955,6.188000202178955,0,0,0.0
1998-10-14,6.188000202178955,6.188000202178955,6.188000202178955,6.188000202178955,0,0,0.0
1998-10-15,6.188000202178955,6.188000202178955,6.188000202178955,6.188000202178955,0,0,0.0
1998-10-16,6.188000202178955,6.188000202178955,6.188000202178955,6.188000202178955,0,0,0.0
1998-10-19,6.188000202178955,6.188000202178955,6.188000202178955,6.188000202178955,0,0,0.0
1998-10-20,6.188000202178955,6.188000202178955,6.188000202178955,6.188000202178955,0,0,0.0
1998-10-21,6.188000202178955,6.188000202178955,6.188000202178955,6.188000202178955,0,0,0.0
1998-10-22,6.188000202178955,6.188000202178955,6.188000202178955,6.188000202178955,0,0,0.0
1998-10-23,6.188000202178955,6.188000202178955,6.188000202178955,6.188000202178955,0,0,0.0
1998-10-26,6.188000202178955,6.188000202178955,6.188000202178955,6.188000202178955,0,0,0.0
1998-10-27,6.188000202178955,6.188000202178955,6.188000202178955,6.188000202178955,0,0,0.0
1998-10-28,6.188000202178955,6.188000202178955,6.188000202178955,6.188000202178955,0,0,0.0
1998-10-29,6.188000202178955,6.188000202178955,6.188000202178955,6.188000202178955,0,0,0.0
1998-10-30,6.188000202178955,6.188000202178955,6.188000202178955,6.188000202178955,0,0,0.0
1998-11-02,6.188000202178955,6.188000202178955,6.188000202178955,6.188000202178955,0,0,0.0
1998-11-03,6.188000202178955,6.188000202178955,6.188000202178955,6.188000202178955,0,0,0.0
1998-11-04,6.188000202178955,6.188000202178955,6.188000202178955,6.188000202178955,0,0,0.0
1998-11-05,6.188000202178955,6.188000202178955,6.188000202178955,6.188000202178955,0,0,0.0
1998-11-06,6.188000202178955,6.188000202178955,6.188000202178955,6.188000202178955,0,0,0.0
1998-11-09,6.188000202178955,6.188000202178955,6.188000202178955,6.188000202178955,0,0,0.0
1998-11-10,6.188000202178955,6.188000202178955,6.188000202178955,6.188000202178955,0,0,0.0
1998-11-11,6.188000202178955,6.188000202178955,6.188000202178955,6.188000202178955,0,0,0.0
1998-11-12,6.188000202178955,6.188000202178955,6.188000202178955,6.188000202178955,0,0,0.0
1998-11-13,6.188000202178955,6.188000202178955,6.188000202178955,6.188000202178955,0,0,0.0
1998-11-16,6.188000202178955,6.188000202178955,6.188000202178955,6.188000202178955,0,0,0.0
1998-11-17,6.188000202178955,6.188000202178955,6.188000202178955,6.188000202178955,0,0,0.0
1998-11-18,6.188000202178955,6.188000202178955,6.188000202178955,6.188000202178955,0,0,0.0
1998-11-19,6.188000202178955,6.188000202178955,6.188000202178955,6.188000202178955,0,0,0.0
1998-11-20,6.188000202178955,6.188000202178955,6.188000202178955,6.188000202178955,0,0,0.0
1998-11-23,6.188000202178955,6.188000202178955,6.188000202178955,6.188000202178955,0,0,0.0
1998-11-24,6.188000202178955,6.188000202178955,6.188000202178955,6.188000202178955,0,0,0.0
1998-11-25,6.188000202178955,6.188000202178955,6.188000202178955,6.188000202178955,0,0,0.0
1998-11-27,6.188000202178955,6.188000202178955,6.188000202178955,6.188000202178955,0,0,0.0
1998-11-30,6.188000202178955,6.188000202178955,6.188000202178955,6.188000202178955,0,0,0.0
1998-12-01,6.188000202178955,6.188000202178955,6.188000202178955,6.188000202178955,0,0,0.0
1998-12-02,6.188000202178955,6.188000202178955,6.188000202178955,6.188000202178955,0,0,0.0
1998-12-03,6.188000202178955,6.188000202178955,6.188000202178955,6.188000202178955,0,0,0.0
1998-12-04,6.188000202178955,6.188000202178955,6.188000202178955,6.188000202178955,0,0,0.0
1998-12-07,6.188000202178955,6.188000202178955,6.188000202178955,6.188000202178955,0,0,0.0
1998-12-08,6.188000202178955,6.188000202178955,6.188000202178955,6.188000202178955,0,0,0.0
1998-12-09,6.188000202178955,6.188000202178955,6.188000202178955,6.188000202178955,0,0,0.0
1998-12-10,6.188000202178955,6.188000202178955,6.188000202178955,6.188000202178955,0,0,0.0
1998-12-11,6.188000202178955,6.188000202178955,6.188000202178955,6.188000202178955,0,0,0.0
1998-12-14,6.188000202178955,6.188000202178955,6.188000202178955,6.188000202178955,0,0,0.0
1998-12-15,6.188000202178955,6.188000202178955,6.188000202178955,6.188000202178955,0,0,0.0
1998-12-16,6.188000202178955,6.188000202178955,6.188000202178955,6.188000202178955,0,0,0.0
1998-12-17,6.188000202178955,6.188000202178955,6.188000202178955,6.188000202178955,0,0,0.0
1998-12-18,6.188000202178955,6.188000202178955,6.188000202178955,6.188000202178955,0,0,0.0
1998-12-21,6.188000202178955,6.188000202178955,6.188000202178955,6.188000202178955,0,0,0.0
1998-12-22,6.188000202178955,6.188000202178955,6.188000202178955,6.188000202178955,0,0,0.0
1998-12-23,6.188000202178955,6.188000202178955,6.188000202178955,6.188000202178955,0,0,0.0
1998-12-24,6.188000202178955,6.188000202178955,6.188000202178955,6.188000202178955,0,0,0.0
1998-12-28,6.188000202178955,6.188000202178955,6.188000202178955,6.188000202178955,0,0,0.0
1998-12-29,6.188000202178955,6.188000202178955,6.188000202178955,6.188000202178955,0,0,0.0
1998-12-30,6.188000202178955,6.188000202178955,6.188000202178955,6.188000202178955,0,0,0.0
1998-12-31,6.188000202178955,6.188000202178955,6.188000202178955,6.188000202178955,0,0,0.0
1999-01-04,6.188000202178955,6.188000202178955,6.188000202178955,6.188000202178955,0,0,0.0
1999-01-05,6.188000202178955,6.188000202178955,6.188000202178955,6.188000202178955,0,0,0.0
1999-01-06,6.188000202178955,6.188000202178955,6.188000202178955,6.188000202178955,0,0,0.0
1999-01-07,6.188000202178955,6.188000202178955,6.188000202178955,6.188000202178955,0,0,0.0
1999-01-08,6.188000202178955,6.188000202178955,6.188000202178955,6.188000202178955,0,0,0.0
1999-01-11,6.188000202178955,6.188000202178955,6.188000202178955,6.188000202178955,0,0,0.0
1999-01-12,6.188000202178955,6.188000202178955,6.188000202178955,6.188000202178955,0,0,0.0
1999-01-13,6.188000202178955,6.188000202178955,6.188000202178955,6.188000202178955,0,0,0.0
1999-01-14,6.188000202178955,6.188000202178955,6.188000202178955,6.188000202178955,0,0,0.0
1999-01-15,6.188000202178955,6.188000202178955,6.188000202178955,6.188000202178955,0,0,0.0
1999-01-19,6.188000202178955,6.188000202178955,6.188000202178955,6.188000202178955,0,0,0.0
1999-01-20,6.188000202178955,6.188000202178955,6.188000202178955,6.188000202178955,0,0,0.0
1999-01-21,6.188000202178955,6.188000202178955,6.188000202178955,6.188000202178955,0,0,0.0
1999-01-22,6.188000202178955,6.188000202178955,6.188000202178955,6.188000202178955,0,0,0.0
1999-01-25,6.188000202178955,6.188000202178955,6.188000202178955,6.188000202178955,0,0,0.0
1999-01-26,6.188000202178955,6.188000202178955,6.188000202178955,6.188000202178955,0,0,0.0
1999-01-27,6.188000202178955,6.188000202178955,6.188000202178955,6.188000202178955,0,0,0.0
1999-01-28,6.188000202178955,6.188000202178955,6.188000202178955,6.188000202178955,0,0,0.0
1999-01-29,6.188000202178955,6.188000202178955,6.188000202178955,6.188000202178955,0,0,0.0
1999-02-01,6.188000202178955,6.188000202178955,6.188000202178955,6.188000202178955,0,0,0.0
1999-02-02,6.188000202178955,6.188000202178955,6.188000202178955,6.188000202178955,0,0,0.0
1999-02-03,6.188000202178955,6.188000202178955,6.188000202178955,6.188000202178955,0,0,0.0
1999-02-04,6.188000202178955,6.188000202178955,6.188000202178955,6.188000202178955,0,0,0.0
1999-02-05,6.188000202178955,6.188000202178955,6.188000202178955,6.188000202178955,0,0,0.0
1999-02-08,6.188000202178955,6.188000202178955,6.188000202178955,6.188000202178955,0,0,0.0
1999-02-09,6.188000202178955,6.188000202178955,6.188000202178955,6.188000202178955,0,0,0.0
1999-02-10,6.188000202178955,6.188000202178955,6.188000202178955,6.188000202178955,0,0,0.0
1999-02-11,6.188000202178955,6.188000202178955,6.188000202178955,6.188000202178955,0,0,0.0
1999-02-12,6.188000202178955,6.188000202178955,6.188000202178955,6.188000202178955,0,0,0.0
1999-02-16,6.188000202178955,6.188000202178955,6.188000202178955,6.188000202178955,0,0,0.0
1999-02-17,6.188000202178955,6.188000202178955,6.188000202178955,6.188000202178955,0,0,0.0
1999-02-18,6.188000202178955,6.188000202178955,6.188000202178955,6.188000202178955,0,0,0.0
1999-02-19,6.188000202178955,6.188000202178955,6.188000202178955,6.188000202178955,0,0,0.0
1999-02-22,6.188000202178955,6.188000202178955,6.188000202178955,6.188000202178955,0,0,0.0
1999-02-23,6.188000202178955,6.188000202178955,6.188000202178955,6.188000202178955,0,0,0.0
1999-02-24,6.188000202178955,6.188000202178955,6.188000202178955,6.188000202178955,0,0,0.0
1999-02-25,6.188000202178955,6.188000202178955,6.188000202178955,6.188000202178955,0,0,0.0
1999-02-26,6.188000202178955,6.188000202178955,6.188000202178955,6.188000202178955,0,0,0.0
1999-03-01,6.188000202178955,6.188000202178955,6.188000202178955,6.188000202178955,0,0,0.0
1999-03-02,6.188000202178955,6.188000202178955,6.188000202178955,6.188000202178955,0,0,0.0
1999-03-03,6.188000202178955,6.188000202178955,6.188000202178955,6.188000202178955,0,0,0.0
1999-03-04,6.188000202178955,6.188000202178955,6.188000202178955,6.188000202178955,0,0,0.0
1999-03-05,6.188000202178955,6.188000202178955,6.188000202178955,6.188000202178955,0,0,0.0
1999-03-08,4.760000228881836,4.760000228881836,4.760000228881836,4.760000228881836,500,0,0.0
1999-03-09,4.760000228881836,4.760000228881836,4.760000228881836,4.760000228881836,0,0,0.0
1999-03-10,4.760000228881836,4.760000228881836,4.760000228881836,4.760000228881836,0,0,0.0
1999-03-11,4.760000228881836,4.760000228881836,4.760000228881836,4.760000228881836,0,0,0.0
1999-03-12,4.760000228881836,4.760000228881836,4.760000228881836,4.760000228881836,0,0,0.0
1999-03-15,4.760000228881836,4.760000228881836,4.760000228881836,4.760000228881836,0,0,0.0
1999-03-16,4.760000228881836,4.760000228881836,4.760000228881836,4.760000228881836,0,0,0.0
1999-03-17,4.760000228881836,4.760000228881836,4.760000228881836,4.760000228881836,0,0,0.0
1999-03-18,4.760000228881836,4.760000228881836,4.760000228881836,4.760000228881836,0,0,0.0
1999-03-19,4.760000228881836,4.760000228881836,4.760000228881836,4.760000228881836,0,0,0.0
1999-03-22,4.760000228881836,4.760000228881836,4.760000228881836,4.760000228881836,0,0,0.0
1999-03-23,4.760000228881836,4.760000228881836,4.760000228881836,4.760000228881836,0,0,0.0
1999-03-24,4.760000228881836,4.760000228881836,4.760000228881836,4.760000228881836,0,0,0.0
1999-03-25,4.760000228881836,4.760000228881836,4.760000228881836,4.760000228881836,0,0,0.0
1999-03-26,4.760000228881836,4.760000228881836,4.760000228881836,4.760000228881836,0,0,0.0
1999-03-29,4.760000228881836,4.760000228881836,4.760000228881836,4.760000228881836,0,0,0.0
1999-03-30,4.760000228881836,4.760000228881836,4.760000228881836,4.760000228881836,0,0,0.0
1999-03-31,4.760000228881836,4.760000228881836,4.760000228881836,4.760000228881836,0,0,0.0
1999-04-01,4.760000228881836,4.760000228881836,4.760000228881836,4.760000228881836,0,0,0.0
1999-04-05,4.760000228881836,4.760000228881836,4.760000228881836,4.760000228881836,0,0,0.0
1999-04-06,4.760000228881836,4.760000228881836,4.760000228881836,4.760000228881836,0,0,0.0
1999-04-07,4.760000228881836,4.760000228881836,4.760000228881836,4.760000228881836,0,0,0.0
1999-04-08,4.760000228881836,4.760000228881836,4.760000228881836,4.760000228881836,0,0,0.0
1999-04-09,4.760000228881836,4.760000228881836,4.760000228881836,4.760000228881836,0,0,0.0
1999-04-12,4.760000228881836,4.760000228881836,4.760000228881836,4.760000228881836,0,0,0.0
1999-04-13,4.760000228881836,4.760000228881836,4.760000228881836,4.760000228881836,0,0,0.0
1999-04-14,4.760000228881836,4.760000228881836,4.760000228881836,4.760000228881836,0,0,0.0
1999-04-15,4.760000228881836,4.760000228881836,4.760000228881836,4.760000228881836,0,0,0.0
1999-04-16,4.760000228881836,4.760000228881836,4.760000228881836,4.760000228881836,300,0,0.0
1999-04-19,4.760000228881836,4.760000228881836,4.760000228881836,4.760000228881836,0,0,0.0
1999-04-20,4.760000228881836,4.760000228881836,4.760000228881836,4.760000228881836,0,0,0.0
1999-04-21,4.760000228881836,4.760000228881836,4.760000228881836,4.760000228881836,0,0,0.0
1999-04-22,4.760000228881836,4.760000228881836,4.760000228881836,4.760000228881836,0,0,0.0
1999-04-23,4.760000228881836,4.760000228881836,4.760000228881836,4.760000228881836,0,0,0.0
1999-04-26,4.760000228881836,4.760000228881836,4.760000228881836,4.760000228881836,0,0,0.0
1999-04-27,4.760000228881836,4.760000228881836,4.760000228881836,4.760000228881836,0,0,0.0
1999-04-28,4.760000228881836,4.760000228881836,4.760000228881836,4.760000228881836,0,0,0.0
1999-04-29,4.760000228881836,4.760000228881836,4.760000228881836,4.760000228881836,0,0,0.0
1999-04-30,4.760000228881836,4.760000228881836,4.760000228881836,4.760000228881836,0,0,0.0
1999-05-03,4.760000228881836,4.760000228881836,4.760000228881836,4.760000228881836,0,0,0.0
1999-05-04,4.760000228881836,4.760000228881836,4.760000228881836,4.760000228881836,0,0,0.0
1999-05-05,4.760000228881836,4.760000228881836,4.760000228881836,4.760000228881836,0,0,0.0
1999-05-06,4.760000228881836,4.760000228881836,4.760000228881836,4.760000228881836,0,0,0.0
1999-05-07,4.760000228881836,4.760000228881836,4.760000228881836,4.760000228881836,0,0,0.0
1999-05-10,4.760000228881836,4.760000228881836,4.760000228881836,4.760000228881836,0,0,0.0
1999-05-11,4.760000228881836,4.760000228881836,4.760000228881836,4.760000228881836,0,0,0.0
1999-05-12,4.760000228881836,4.760000228881836,4.760000228881836,4.760000228881836,0,0,0.0
1999-05-13,4.760000228881836,4.760000228881836,4.760000228881836,4.760000228881836,0,0,0.0
1999-05-14,4.760000228881836,4.760000228881836,4.760000228881836,4.760000228881836,0,0,0.0
1999-05-17,4.760000228881836,4.760000228881836,4.760000228881836,4.760000228881836,0,0,0.0
1999-05-18,4.760000228881836,4.760000228881836,4.760000228881836,4.760000228881836,0,0,0.0
1999-05-19,4.760000228881836,4.760000228881836,4.760000228881836,4.760000228881836,0,0,0.0
1999-05-20,4.760000228881836,4.760000228881836,4.760000228881836,4.760000228881836,0,0,0.0
1999-05-21,7.139999866485596,7.139999866485596,7.139999866485596,7.139999866485596,500,0,0.0
1999-05-24,7.139999866485596,7.139999866485596,7.139999866485596,7.139999866485596,0,0,0.0
1999-05-25,7.139999866485596,7.139999866485596,7.139999866485596,7.139999866485596,0,0,0.0
1999-05-26,7.139999866485596,7.139999866485596,7.139999866485596,7.139999866485596,0,0,0.0
1999-05-27,7.139999866485596,7.139999866485596,7.139999866485596,7.139999866485596,0,0,0.0
1999-05-28,7.139999866485596,7.139999866485596,7.139999866485596,7.139999866485596,0,0,0.0
1999-06-01,5.711999893188477,5.711999893188477,5.711999893188477,5.711999893188477,500,0,0.0
1999-06-02,5.711999893188477,5.711999893188477,5.711999893188477,5.711999893188477,0,0,0.0
1999-06-03,7.139999866485596,7.139999866485596,7.139999866485596,7.139999866485596,500,0,0.0
1999-06-04,7.139999866485596,7.139999866485596,7.139999866485596,7.139999866485596,0,0,0.0
1999-06-07,5.711999893188477,5.711999893188477,5.711999893188477,5.711999893188477,1000,0,0.0
1999-06-08,5.711999893188477,5.711999893188477,5.711999893188477,5.711999893188477,0,0,0.0
1999-06-09,6.664000034332275,6.664000034332275,6.664000034332275,6.664000034332275,500,0,0.0
1999-06-10,6.664000034332275,6.664000034332275,6.664000034332275,6.664000034332275,0,0,0.0
1999-06-11,6.664000034332275,6.664000034332275,6.664000034332275,6.664000034332275,500,0,0.0
1999-06-14,6.664000034332275,6.664000034332275,6.664000034332275,6.664000034332275,0,0,0.0
1999-06-15,6.664000034332275,6.664000034332275,6.664000034332275,6.664000034332275,0,0,0.0
1999-06-16,6.664000034332275,6.664000034332275,6.664000034332275,6.664000034332275,0,0,0.0
1999-06-17,6.664000034332275,6.664000034332275,6.664000034332275,6.664000034332275,0,0,0.0
1999-06-18,9.520000457763672,9.520000457763672,7.139999866485596,9.520000457763672,400,0,0.0
1999-06-21,9.520000457763672,9.520000457763672,9.520000457763672,9.520000457763672,0,0,0.0
1999-06-22,9.520000457763672,9.520000457763672,9.520000457763672,9.520000457763672,0,0,0.0
1999-06-23,9.520000457763672,9.520000457763672,9.520000457763672,9.520000457763672,0,0,0.0
1999-06-24,9.520000457763672,9.520000457763672,9.520000457763672,9.520000457763672,0,0,0.0
1999-06-25,9.520000457763672,9.520000457763672,9.520000457763672,9.520000457763672,0,0,0.0
1999-06-28,9.520000457763672,9.520000457763672,9.520000457763672,9.520000457763672,0,0,0.0
1999-06-29,9.520000457763672,9.520000457763672,9.520000457763672,9.520000457763672,0,0,0.0
1999-06-30,9.520000457763672,9.520000457763672,9.520000457763672,9.520000457763672,0,0,0.0
1999-07-01,9.520000457763672,9.520000457763672,9.520000457763672,9.520000457763672,0,0,0.0
1999-07-02,9.520000457763672,9.520000457763672,9.520000457763672,9.520000457763672,0,0,0.0
1999-07-06,9.520000457763672,9.520000457763672,9.520000457763672,9.520000457763672,0,0,0.0
1999-07-07,9.520000457763672,9.520000457763672,9.520000457763672,9.520000457763672,0,0,0.0
1999-07-08,9.520000457763672,9.520000457763672,9.520000457763672,9.520000457763672,0,0,0.0
1999-07-09,9.520000457763672,9.520000457763672,9.520000457763672,9.520000457763672,0,0,0.0
1999-07-12,9.520000457763672,9.520000457763672,9.520000457763672,9.520000457763672,0,0,0.0
1999-07-13,9.520000457763672,9.520000457763672,9.520000457763672,9.520000457763672,0,0,0.0
1999-07-14,9.520000457763672,9.520000457763672,9.520000457763672,9.520000457763672,0,0,0.0
1999-07-15,9.520000457763672,9.520000457763672,9.520000457763672,9.520000457763672,0,0,0.0
1999-07-16,9.520000457763672,9.520000457763672,9.520000457763672,9.520000457763672,0,0,0.0
1999-07-19,9.520000457763672,9.520000457763672,9.520000457763672,9.520000457763672,0,0,0.0
1999-07-20,9.520000457763672,9.520000457763672,9.520000457763672,9.520000457763672,0,0,0.0
1999-07-21,9.520000457763672,9.520000457763672,9.520000457763672,9.520000457763672,0,0,0.0
1999-07-22,9.520000457763672,9.520000457763672,9.520000457763672,9.520000457763672,0,0,0.0
1999-07-23,9.520000457763672,9.520000457763672,9.520000457763672,9.520000457763672,0,0,0.0
1999-07-26,9.520000457763672,9.520000457763672,9.520000457763672,9.520000457763672,0,0,0.0
1999-07-27,9.520000457763672,9.520000457763672,9.520000457763672,9.520000457763672,0,0,0.0
1999-07-28,9.520000457763672,9.520000457763672,9.520000457763672,9.520000457763672,0,0,0.0
1999-07-29,9.520000457763672,9.520000457763672,9.520000457763672,9.520000457763672,0,0,0.0
1999-07-30,9.520000457763672,9.520000457763672,9.520000457763672,9.520000457763672,0,0,0.0
1999-08-02,9.520000457763672,9.520000457763672,9.520000457763672,9.520000457763672,0,0,0.0
1999-08-03,9.520000457763672,9.520000457763672,9.520000457763672,9.520000457763672,0,0,0.0
1999-08-04,9.520000457763672,9.520000457763672,9.520000457763672,9.520000457763672,0,0,0.0
1999-08-05,9.520000457763672,9.520000457763672,9.520000457763672,9.520000457763672,0,0,0.0
1999-08-06,9.520000457763672,9.520000457763672,9.520000457763672,9.520000457763672,0,0,0.0
1999-08-09,9.520000457763672,9.520000457763672,9.520000457763672,9.520000457763672,0,0,0.0
1999-08-10,9.520000457763672,9.520000457763672,9.520000457763672,9.520000457763672,0,0,0.0
1999-08-11,9.520000457763672,9.520000457763672,9.520000457763672,9.520000457763672,0,0,0.0
1999-08-12,9.520000457763672,9.520000457763672,9.520000457763672,9.520000457763672,0,0,0.0
1999-08-13,9.520000457763672,9.520000457763672,9.520000457763672,9.520000457763672,0,0,0.0
1999-08-16,9.520000457763672,9.520000457763672,9.520000457763672,9.520000457763672,0,0,0.0
1999-08-17,9.520000457763672,9.520000457763672,9.520000457763672,9.520000457763672,0,0,0.0
1999-08-18,9.520000457763672,9.520000457763672,9.520000457763672,9.520000457763672,0,0,0.0
1999-08-19,9.520000457763672,9.520000457763672,9.520000457763672,9.520000457763672,0,0,0.0
1999-08-20,9.520000457763672,9.520000457763672,9.520000457763672,9.520000457763672,0,0,0.0
1999-08-23,9.520000457763672,9.520000457763672,9.520000457763672,9.520000457763672,0,0,0.0
1999-08-24,9.520000457763672,9.520000457763672,9.520000457763672,9.520000457763672,0,0,0.0
1999-08-25,9.520000457763672,9.520000457763672,9.520000457763672,9.520000457763672,0,0,0.0
1999-08-26,9.520000457763672,9.520000457763672,9.520000457763672,9.520000457763672,0,0,0.0
1999-08-27,9.520000457763672,9.520000457763672,9.520000457763672,9.520000457763672,0,0,0.0
1999-08-30,9.520000457763672,9.520000457763672,9.520000457763672,9.520000457763672,0,0,0.0
1999-08-31,9.520000457763672,9.520000457763672,9.520000457763672,9.520000457763672,0,0,0.0
1999-09-01,9.520000457763672,9.520000457763672,9.520000457763672,9.520000457763672,0,0,0.0
1999-09-02,9.520000457763672,9.520000457763672,9.520000457763672,9.520000457763672,0,0,0.0
1999-09-03,9.520000457763672,9.520000457763672,9.520000457763672,9.520000457763672,0,0,0.0
1999-09-07,9.520000457763672,9.520000457763672,9.520000457763672,9.520000457763672,0,0,0.0
1999-09-08,9.520000457763672,9.520000457763672,9.520000457763672,9.520000457763672,0,0,0.0
1999-09-09,9.520000457763672,9.520000457763672,9.520000457763672,9.520000457763672,0,0,0.0
1999-09-10,9.520000457763672,9.520000457763672,9.520000457763672,9.520000457763672,0,0,0.0
1999-09-13,9.520000457763672,9.520000457763672,9.520000457763672,9.520000457763672,0,0,0.0
1999-09-14,9.520000457763672,9.520000457763672,9.520000457763672,9.520000457763672,0,0,0.0
1999-09-15,9.520000457763672,9.520000457763672,9.520000457763672,9.520000457763672,0,0,0.0
1999-09-16,9.520000457763672,9.520000457763672,9.520000457763672,9.520000457763672,0,0,0.0
1999-09-17,9.520000457763672,9.520000457763672,9.520000457763672,9.520000457763672,0,0,0.0
1999-09-20,9.520000457763672,9.520000457763672,9.520000457763672,9.520000457763672,0,0,0.0
1999-09-21,9.520000457763672,9.520000457763672,9.520000457763672,9.520000457763672,0,0,0.0
1999-09-22,9.520000457763672,9.520000457763672,9.520000457763672,9.520000457763672,0,0,0.0
1999-09-23,9.520000457763672,9.520000457763672,9.520000457763672,9.520000457763672,0,0,0.0
1999-09-24,9.520000457763672,9.520000457763672,9.520000457763672,9.520000457763672,0,0,0.0
1999-09-27,9.520000457763672,9.520000457763672,9.520000457763672,9.520000457763672,0,0,0.0
1999-09-28,9.520000457763672,9.520000457763672,9.520000457763672,9.520000457763672,0,0,0.0
1999-09-29,9.520000457763672,9.520000457763672,9.520000457763672,9.520000457763672,0,0,0.0
1999-09-30,9.520000457763672,9.520000457763672,9.520000457763672,9.520000457763672,0,0,0.0
1999-10-01,9.520000457763672,9.520000457763672,9.520000457763672,9.520000457763672,0,0,0.0
1999-10-04,9.520000457763672,9.520000457763672,9.520000457763672,9.520000457763672,0,0,0.0
1999-10-05,9.520000457763672,9.520000457763672,9.520000457763672,9.520000457763672,0,0,0.0
1999-10-06,9.520000457763672,9.520000457763672,9.520000457763672,9.520000457763672,0,0,0.0
1999-10-07,9.520000457763672,9.520000457763672,9.520000457763672,9.520000457763672,0,0,0.0
1999-10-08,9.520000457763672,9.520000457763672,9.520000457763672,9.520000457763672,0,0,0.0
1999-10-11,9.520000457763672,9.520000457763672,9.520000457763672,9.520000457763672,0,0,0.0
1999-10-12,9.520000457763672,9.520000457763672,9.520000457763672,9.520000457763672,0,0,0.0
1999-10-13,9.520000457763672,9.520000457763672,9.520000457763672,9.520000457763672,0,0,0.0
1999-10-14,28.559999465942383,28.559999465942383,28.559999465942383,28.559999465942383,0,0,0.0
1999-10-15,28.559999465942383,28.559999465942383,28.559999465942383,28.559999465942383,0,0,0.0
1999-10-18,28.559999465942383,28.559999465942383,28.559999465942383,28.559999465942383,0,0,0.0
1999-10-19,28.559999465942383,28.559999465942383,28.559999465942383,28.559999465942383,0,0,0.0
1999-10-20,28.559999465942383,28.559999465942383,28.559999465942383,28.559999465942383,0,0,0.0
1999-10-21,28.559999465942383,28.559999465942383,28.559999465942383,28.559999465942383,0,0,0.0
1999-10-22,28.559999465942383,28.559999465942383,28.559999465942383,28.559999465942383,0,0,0.0
1999-10-25,28.559999465942383,28.559999465942383,28.559999465942383,28.559999465942383,0,0,0.0
1999-10-26,28.559999465942383,28.559999465942383,28.559999465942383,28.559999465942383,0,0,0.0
1999-10-27,28.559999465942383,28.559999465942383,28.559999465942383,28.559999465942383,0,0,0.0
1999-10-28,28.559999465942383,28.559999465942383,28.559999465942383,28.559999465942383,0,0,0.0
1999-10-29,28.559999465942383,28.559999465942383,28.559999465942383,28.559999465942383,0,0,0.0
1999-11-01,28.559999465942383,28.559999465942383,28.559999465942383,28.559999465942383,0,0,0.0
1999-11-02,28.559999465942383,28.559999465942383,28.559999465942383,28.559999465942383,0,0,0.0
1999-11-03,28.559999465942383,28.559999465942383,28.559999465942383,28.559999465942383,0,0,0.0
1999-11-04,28.559999465942383,28.559999465942383,28.559999465942383,28.559999465942383,0,0,0.0
1999-11-05,28.559999465942383,28.559999465942383,28.559999465942383,28.559999465942383,0,0,0.0
1999-11-08,28.559999465942383,28.559999465942383,28.559999465942383,28.559999465942383,0,0,0.0
1999-11-09,28.559999465942383,28.559999465942383,28.559999465942383,28.559999465942383,0,0,0.0
1999-11-10,28.559999465942383,28.559999465942383,28.559999465942383,28.559999465942383,0,0,0.0
1999-11-11,28.559999465942383,28.559999465942383,28.559999465942383,28.559999465942383,0,0,0.0
1999-11-12,28.559999465942383,28.559999465942383,28.559999465942383,28.559999465942383,0,0,0.0
1999-11-15,28.559999465942383,28.559999465942383,28.559999465942383,28.559999465942383,0,0,0.0
1999-11-16,23.799999237060547,30.940000534057617,23.799999237060547,30.940000534057617,0,0,0.0
1999-11-17,23.799999237060547,23.799999237060547,23.799999237060547,23.799999237060547,100,0,0.0
1999-11-18,23.799999237060547,23.799999237060547,23.799999237060547,23.799999237060547,0,0,0.0
1999-11-19,23.799999237060547,23.799999237060547,23.799999237060547,23.799999237060547,0,0,0.0
1999-11-22,23.799999237060547,23.799999237060547,23.799999237060547,23.799999237060547,0,0,0.0
1999-11-23,23.799999237060547,23.799999237060547,23.799999237060547,23.799999237060547,0,0,0.0
1999-11-24,23.799999237060547,23.799999237060547,23.799999237060547,23.799999237060547,0,0,0.0
1999-11-26,23.799999237060547,23.799999237060547,23.799999237060547,23.799999237060547,0,0,0.0
1999-11-29,23.799999237060547,23.799999237060547,23.799999237060547,23.799999237060547,0,0,0.0
1999-11-30,23.799999237060547,23.799999237060547,23.799999237060547,23.799999237060547,0,0,0.0
1999-12-01,23.799999237060547,23.799999237060547,23.799999237060547,23.799999237060547,0,0,0.0
1999-12-02,23.799999237060547,23.799999237060547,23.799999237060547,23.799999237060547,0,0,0.0
1999-12-03,23.799999237060547,23.799999237060547,23.799999237060547,23.799999237060547,0,0,0.0
1999-12-06,23.799999237060547,23.799999237060547,23.799999237060547,23.799999237060547,0,0,0.0
1999-12-07,23.799999237060547,23.799999237060547,23.799999237060547,23.799999237060547,0,0,0.0
1999-12-08,23.799999237060547,23.799999237060547,23.799999237060547,23.799999237060547,0,0,0.0
1999-12-09,23.799999237060547,23.799999237060547,23.799999237060547,23.799999237060547,0,0,0.0
1999-12-10,23.799999237060547,23.799999237060547,23.799999237060547,23.799999237060547,0,0,0.0
1999-12-13,23.799999237060547,23.799999237060547,23.799999237060547,23.799999237060547,0,0,0.0
1999-12-14,33.31999969482422,45.220001220703125,33.31999969482422,33.31999969482422,0,0,0.0
1999-12-15,33.31999969482422,33.31999969482422,33.31999969482422,33.31999969482422,0,0,0.0
1999-12-16,33.31999969482422,33.31999969482422,33.31999969482422,33.31999969482422,0,0,0.0
1999-12-17,33.31999969482422,33.31999969482422,33.31999969482422,33.31999969482422,0,0,0.0
1999-12-20,33.31999969482422,33.31999969482422,33.31999969482422,33.31999969482422,0,0,0.0
1999-12-21,33.31999969482422,33.31999969482422,33.31999969482422,33.31999969482422,0,0,0.0
1999-12-22,33.31999969482422,33.31999969482422,33.31999969482422,33.31999969482422,0,0,0.0
1999-12-23,33.31999969482422,33.31999969482422,33.31999969482422,33.31999969482422,0,0,0.0
1999-12-27,33.31999969482422,33.31999969482422,33.31999969482422,33.31999969482422,0,0,0.0
1999-12-28,33.31999969482422,33.31999969482422,33.31999969482422,33.31999969482422,0,0,0.0
1999-12-29,33.31999969482422,33.31999969482422,33.31999969482422,33.31999969482422,0,0,0.0
1999-12-30,23.799999237060547,23.799999237060547,23.799999237060547,23.799999237060547,0,0,0.0
1999-12-31,21.420000076293945,23.799999237060547,19.040000915527344,21.420000076293945,600,0,0.0
2000-01-03,21.420000076293945,21.420000076293945,21.420000076293945,21.420000076293945,900,0,0.0
2000-01-04,21.420000076293945,21.420000076293945,21.420000076293945,21.420000076293945,0,0,0.0
2000-01-05,21.420000076293945,21.420000076293945,21.420000076293945,21.420000076293945,0,0,0.0
2000-01-06,21.420000076293945,21.420000076293945,21.420000076293945,21.420000076293945,0,0,0.0
2000-01-07,21.420000076293945,21.420000076293945,21.420000076293945,21.420000076293945,0,0,0.0
2000-01-10,21.420000076293945,21.420000076293945,21.420000076293945,21.420000076293945,0,0,0.0
2000-01-11,21.420000076293945,21.420000076293945,21.420000076293945,21.420000076293945,0,0,0.0
2000-01-12,21.420000076293945,21.420000076293945,21.420000076293945,21.420000076293945,0,0,0.0
2000-01-13,26.18000030517578,26.18000030517578,26.18000030517578,26.18000030517578,0,0,0.0
2000-01-14,26.18000030517578,26.18000030517578,26.18000030517578,26.18000030517578,0,0,0.0
2000-01-18,23.799999237060547,23.799999237060547,23.799999237060547,23.799999237060547,0,0,0.0
2000-01-19,23.799999237060547,23.799999237060547,23.799999237060547,23.799999237060547,100,0,0.0
2000-01-20,23.799999237060547,23.799999237060547,23.799999237060547,23.799999237060547,0,0,0.0
2000-01-21,23.799999237060547,23.799999237060547,23.799999237060547,23.799999237060547,0,0,0.0
2000-01-24,23.799999237060547,23.799999237060547,23.799999237060547,23.799999237060547,0,0,0.0
2000-01-25,23.799999237060547,23.799999237060547,23.799999237060547,23.799999237060547,0,0,0.0
2000-01-26,16.65999984741211,16.65999984741211,11.899999618530273,16.65999984741211,100,0,0.0
2000-01-27,16.65999984741211,16.65999984741211,16.65999984741211,16.65999984741211,0,0,0.0
2000-01-28,16.65999984741211,16.65999984741211,16.65999984741211,16.65999984741211,0,0,0.0
2000-01-31,16.65999984741211,16.65999984741211,16.65999984741211,16.65999984741211,0,0,0.0
2000-02-01,16.65999984741211,16.65999984741211,16.65999984741211,16.65999984741211,0,0,0.0
2000-02-02,16.65999984741211,16.65999984741211,16.65999984741211,16.65999984741211,0,0,0.0
2000-02-03,16.65999984741211,16.65999984741211,16.65999984741211,16.65999984741211,0,0,0.0
2000-02-04,16.65999984741211,16.65999984741211,16.65999984741211,16.65999984741211,0,0,0.0
2000-02-07,16.65999984741211,16.65999984741211,16.65999984741211,16.65999984741211,0,0,0.0
2000-02-08,16.65999984741211,16.65999984741211,16.65999984741211,16.65999984741211,0,0,0.0
2000-02-09,16.65999984741211,16.65999984741211,16.65999984741211,16.65999984741211,0,0,0.0
2000-02-10,16.65999984741211,16.65999984741211,16.65999984741211,16.65999984741211,0,0,0.0
2000-02-11,16.65999984741211,16.65999984741211,16.65999984741211,16.65999984741211,0,0,0.0
2000-02-14,16.65999984741211,16.65999984741211,16.65999984741211,16.65999984741211,0,0,0.0
2000-02-15,16.65999984741211,16.65999984741211,16.65999984741211,16.65999984741211,0,0,0.0
2000-02-16,30.940000534057617,35.70000076293945,21.420000076293945,30.940000534057617,0,0,0.0
2000-02-17,30.940000534057617,30.940000534057617,30.940000534057617,30.940000534057617,0,0,0.0
2000-02-18,30.940000534057617,30.940000534057617,30.940000534057617,30.940000534057617,0,0,0.0
2000-02-22,30.940000534057617,30.940000534057617,30.940000534057617,30.940000534057617,0,0,0.0
2000-02-23,30.940000534057617,30.940000534057617,30.940000534057617,30.940000534057617,0,0,0.0
2000-02-24,30.940000534057617,30.940000534057617,30.940000534057617,30.940000534057617,0,0,0.0
2000-02-25,30.940000534057617,30.940000534057617,30.940000534057617,30.940000534057617,0,0,0.0
2000-02-28,19.040000915527344,19.040000915527344,19.040000915527344,19.040000915527344,0,0,0.0
2000-02-29,30.940000534057617,30.940000534057617,30.940000534057617,30.940000534057617,0,0,0.0
2000-03-01,30.940000534057617,30.940000534057617,30.940000534057617,30.940000534057617,0,0,0.0
2000-03-02,30.940000534057617,30.940000534057617,30.940000534057617,30.940000534057617,0,0,0.0
2000-03-03,30.940000534057617,30.940000534057617,30.940000534057617,30.940000534057617,0,0,0.0
2000-03-06,19.040000915527344,19.040000915527344,19.040000915527344,19.040000915527344,0,0,0.0
2000-03-07,19.040000915527344,19.040000915527344,19.040000915527344,19.040000915527344,0,0,0.0
2000-03-08,19.040000915527344,19.040000915527344,19.040000915527344,19.040000915527344,0,0,0.0
2000-03-09,19.040000915527344,19.040000915527344,19.040000915527344,19.040000915527344,0,0,0.0
2000-03-10,47.599998474121094,47.599998474121094,19.040000915527344,47.599998474121094,0,0,0.0
2000-03-13,47.599998474121094,47.599998474121094,47.599998474121094,47.599998474121094,100,0,0.0
2000-03-14,47.599998474121094,47.599998474121094,33.31999969482422,33.31999969482422,200,0,0.0
2000-03-15,33.31999969482422,33.31999969482422,19.040000915527344,33.31999969482422,100,0,0.0
2000-03-16,33.31999969482422,33.31999969482422,33.31999969482422,33.31999969482422,0,0,0.0
2000-03-17,33.31999969482422,33.31999969482422,33.31999969482422,33.31999969482422,0,0,0.0
2000-03-20,33.31999969482422,33.31999969482422,33.31999969482422,33.31999969482422,0,0,0.0
2000-03-21,33.31999969482422,33.31999969482422,33.31999969482422,33.31999969482422,0,0,0.0
2000-03-22,33.31999969482422,33.31999969482422,33.31999969482422,33.31999969482422,0,0,0.0
2000-03-23,19.040000915527344,19.040000915527344,19.040000915527344,19.040000915527344,200,0,0.0
2000-03-24,19.040000915527344,19.040000915527344,19.040000915527344,19.040000915527344,0,0,0.0
2000-03-27,19.040000915527344,19.040000915527344,19.040000915527344,19.040000915527344,0,0,0.0
2000-03-28,19.040000915527344,19.040000915527344,19.040000915527344,19.040000915527344,0,0,0.0
2000-03-29,19.040000915527344,19.040000915527344,19.040000915527344,19.040000915527344,0,0,0.0
2000-03-30,19.040000915527344,19.040000915527344,19.040000915527344,19.040000915527344,0,0,0.0
2000-03-31,38.08000183105469,38.08000183105469,38.08000183105469,38.08000183105469,200,0,0.0
2000-04-03,38.08000183105469,38.08000183105469,38.08000183105469,38.08000183105469,0,0,0.0
2000-04-04,38.08000183105469,38.08000183105469,38.08000183105469,38.08000183105469,0,0,0.0
2000-04-05,38.08000183105469,38.08000183105469,38.08000183105469,38.08000183105469,0,0,0.0
2000-04-06,38.08000183105469,38.08000183105469,38.08000183105469,38.08000183105469,0,0,0.0
2000-04-07,19.040000915527344,19.040000915527344,19.040000915527344,19.040000915527344,0,0,0.0
2000-04-10,19.040000915527344,19.040000915527344,19.040000915527344,19.040000915527344,0,0,0.0
2000-04-11,23.799999237060547,23.799999237060547,23.799999237060547,23.799999237060547,0,0,0.0
2000-04-12,21.420000076293945,21.420000076293945,21.420000076293945,21.420000076293945,0,0,0.0
2000-04-13,21.420000076293945,21.420000076293945,21.420000076293945,21.420000076293945,0,0,0.0
2000-04-14,21.420000076293945,21.420000076293945,21.420000076293945,21.420000076293945,0,0,0.0
2000-04-17,21.420000076293945,21.420000076293945,21.420000076293945,21.420000076293945,0,0,0.0
2000-04-18,21.420000076293945,21.420000076293945,21.420000076293945,21.420000076293945,0,0,0.0
2000-04-19,21.420000076293945,21.420000076293945,19.040000915527344,21.420000076293945,400,0,0.0
2000-04-20,21.420000076293945,21.420000076293945,21.420000076293945,21.420000076293945,0,0,0.0
2000-04-24,21.420000076293945,21.420000076293945,21.420000076293945,21.420000076293945,0,0,0.0
2000-04-25,14.279999732971191,14.279999732971191,14.279999732971191,14.279999732971191,0,0,0.0
2000-04-26,14.279999732971191,14.279999732971191,14.279999732971191,14.279999732971191,0,0,0.0
2000-04-27,14.279999732971191,14.279999732971191,14.279999732971191,14.279999732971191,0,0,0.0
2000-04-28,14.279999732971191,14.279999732971191,14.279999732971191,14.279999732971191,0,0,0.0
2000-05-01,14.279999732971191,14.279999732971191,14.279999732971191,14.279999732971191,0,0,0.0
2000-05-02,14.279999732971191,14.279999732971191,14.279999732971191,14.279999732971191,0,0,0.0
2000-05-03,14.279999732971191,14.279999732971191,14.279999732971191,14.279999732971191,0,0,0.0
2000-05-04,14.279999732971191,14.279999732971191,14.279999732971191,14.279999732971191,0,0,0.0
2000-05-05,14.279999732971191,14.279999732971191,14.279999732971191,14.279999732971191,0,0,0.0
2000-05-08,14.279999732971191,14.279999732971191,14.279999732971191,14.279999732971191,0,0,0.0
2000-05-09,14.279999732971191,14.279999732971191,14.279999732971191,14.279999732971191,0,0,0.0
2000-05-10,14.279999732971191,14.279999732971191,14.279999732971191,14.279999732971191,0,0,0.0
2000-05-11,14.279999732971191,14.279999732971191,14.279999732971191,14.279999732971191,0,0,0.0
2000-05-12,14.279999732971191,14.279999732971191,14.279999732971191,14.279999732971191,0,0,0.0
2000-05-15,14.279999732971191,14.279999732971191,14.279999732971191,14.279999732971191,0,0,0.0
2000-05-16,14.279999732971191,14.279999732971191,14.279999732971191,14.279999732971191,0,0,0.0
2000-05-17,14.279999732971191,14.279999732971191,14.279999732971191,14.279999732971191,0,0,0.0
2000-05-18,14.279999732971191,14.279999732971191,14.279999732971191,14.279999732971191,0,0,0.0
2000-05-19,14.279999732971191,14.279999732971191,14.279999732971191,14.279999732971191,0,0,0.0
2000-05-22,14.279999732971191,14.279999732971191,14.279999732971191,14.279999732971191,0,0,0.0
2000-05-23,14.279999732971191,14.279999732971191,14.279999732971191,14.279999732971191,0,0,0.0
2000-05-24,14.279999732971191,14.279999732971191,14.279999732971191,14.279999732971191,0,0,0.0
2000-05-25,14.279999732971191,14.279999732971191,14.279999732971191,14.279999732971191,0,0,0.0
2000-05-26,14.279999732971191,14.279999732971191,14.279999732971191,14.279999732971191,0,0,0.0
2000-05-30,14.279999732971191,14.279999732971191,14.279999732971191,14.279999732971191,0,0,0.0
2000-05-31,14.279999732971191,14.279999732971191,14.279999732971191,14.279999732971191,0,0,0.0
2000-06-01,14.279999732971191,14.279999732971191,14.279999732971191,14.279999732971191,0,0,0.0
2000-06-02,14.279999732971191,14.279999732971191,14.279999732971191,14.279999732971191,0,0,0.0
2000-06-05,14.279999732971191,14.279999732971191,14.279999732971191,14.279999732971191,0,0,0.0
2000-06-06,14.279999732971191,14.279999732971191,14.279999732971191,14.279999732971191,0,0,0.0
2000-06-07,14.279999732971191,14.279999732971191,14.279999732971191,14.279999732971191,0,0,0.0
2000-06-08,14.279999732971191,14.279999732971191,14.279999732971191,14.279999732971191,0,0,0.0
2000-06-09,14.279999732971191,14.279999732971191,14.279999732971191,14.279999732971191,0,0,0.0
2000-06-12,14.279999732971191,14.279999732971191,14.279999732971191,14.279999732971191,0,0,0.0
2000-06-13,14.279999732971191,14.279999732971191,14.279999732971191,14.279999732971191,0,0,0.0
2000-06-14,14.279999732971191,14.279999732971191,14.279999732971191,14.279999732971191,0,0,0.0
2000-06-15,14.279999732971191,14.279999732971191,14.279999732971191,14.279999732971191,0,0,0.0
2000-06-16,14.279999732971191,14.279999732971191,14.279999732971191,14.279999732971191,0,0,0.0
2000-06-19,14.279999732971191,14.279999732971191,14.279999732971191,14.279999732971191,0,0,0.0
2000-06-20,14.279999732971191,14.279999732971191,14.279999732971191,14.279999732971191,0,0,0.0
2000-06-21,14.279999732971191,14.279999732971191,14.279999732971191,14.279999732971191,0,0,0.0
2000-06-22,14.279999732971191,14.279999732971191,14.279999732971191,14.279999732971191,0,0,0.0
2000-06-23,14.279999732971191,14.279999732971191,14.279999732971191,14.279999732971191,0,0,0.0
2000-06-26,14.279999732971191,14.279999732971191,14.279999732971191,14.279999732971191,0,0,0.0
2000-06-27,11.899999618530273,11.899999618530273,11.899999618530273,11.899999618530273,0,0,0.0
2000-06-28,11.899999618530273,11.899999618530273,11.899999618530273,11.899999618530273,0,0,0.0
2000-06-29,11.899999618530273,11.899999618530273,11.899999618530273,11.899999618530273,0,0,0.0
2000-06-30,11.899999618530273,11.899999618530273,11.899999618530273,11.899999618530273,0,0,0.0
2000-07-03,11.899999618530273,11.899999618530273,11.899999618530273,11.899999618530273,0,0,0.0
2000-07-05,11.899999618530273,11.899999618530273,11.899999618530273,11.899999618530273,0,0,0.0
2000-07-06,11.899999618530273,11.899999618530273,11.899999618530273,11.899999618530273,0,0,0.0
2000-07-07,11.899999618530273,11.899999618530273,11.899999618530273,11.899999618530273,100,0,0.0
2000-07-10,11.899999618530273,11.899999618530273,11.899999618530273,11.899999618530273,0,0,0.0
2000-07-11,11.899999618530273,11.899999618530273,11.899999618530273,11.899999618530273,0,0,0.0
2000-07-12,11.899999618530273,11.899999618530273,11.899999618530273,11.899999618530273,0,0,0.0
2000-07-13,11.899999618530273,11.899999618530273,11.899999618530273,11.899999618530273,0,0,0.0
2000-07-14,11.899999618530273,11.899999618530273,11.899999618530273,11.899999618530273,0,0,0.0
2000-07-17,11.899999618530273,11.899999618530273,11.899999618530273,11.899999618530273,100,0,0.0
2000-07-18,11.899999618530273,11.899999618530273,11.899999618530273,11.899999618530273,0,0,0.0
2000-07-19,11.899999618530273,11.899999618530273,11.899999618530273,11.899999618530273,0,0,0.0
2000-07-20,11.899999618530273,11.899999618530273,11.899999618530273,11.899999618530273,0,0,0.0
2000-07-21,11.899999618530273,11.899999618530273,11.899999618530273,11.899999618530273,0,0,0.0
2000-07-24,11.899999618530273,11.899999618530273,11.899999618530273,11.899999618530273,0,0,0.0
2000-07-25,11.899999618530273,11.899999618530273,11.899999618530273,11.899999618530273,0,0,0.0
2000-07-26,11.899999618530273,11.899999618530273,11.899999618530273,11.899999618530273,0,0,0.0
2000-07-27,11.899999618530273,11.899999618530273,11.899999618530273,11.899999618530273,0,0,0.0
2000-07-28,11.899999618530273,11.899999618530273,11.899999618530273,11.899999618530273,0,0,0.0
2000-07-31,11.899999618530273,11.899999618530273,11.899999618530273,11.899999618530273,0,0,0.0
2000-08-01,11.899999618530273,11.899999618530273,11.899999618530273,11.899999618530273,0,0,0.0
2000-08-02,11.899999618530273,11.899999618530273,11.899999618530273,11.899999618530273,0,0,0.0
2000-08-03,11.899999618530273,11.899999618530273,11.899999618530273,11.899999618530273,0,0,0.0
2000-08-04,11.899999618530273,11.899999618530273,11.899999618530273,11.899999618530273,0,0,0.0
2000-08-07,11.899999618530273,11.899999618530273,11.899999618530273,11.899999618530273,0,0,0.0
2000-08-08,11.899999618530273,11.899999618530273,11.899999618530273,11.899999618530273,0,0,0.0
2000-08-09,11.899999618530273,11.899999618530273,11.899999618530273,11.899999618530273,0,0,0.0
2000-08-10,11.899999618530273,11.899999618530273,11.899999618530273,11.899999618530273,0,0,0.0
2000-08-11,11.899999618530273,11.899999618530273,11.899999618530273,11.899999618530273,0,0,0.0
2000-08-14,11.899999618530273,11.899999618530273,11.899999618530273,11.899999618530273,0,0,0.0
2000-08-15,11.899999618530273,11.899999618530273,11.899999618530273,11.899999618530273,0,0,0.0
2000-08-16,11.899999618530273,11.899999618530273,11.899999618530273,11.899999618530273,0,0,0.0
2000-08-17,11.899999618530273,11.899999618530273,11.899999618530273,11.899999618530273,0,0,0.0
2000-08-18,11.899999618530273,11.899999618530273,11.899999618530273,11.899999618530273,0,0,0.0
2000-08-21,11.899999618530273,11.899999618530273,11.899999618530273,11.899999618530273,0,0,0.0
2000-08-22,11.899999618530273,11.899999618530273,11.899999618530273,11.899999618530273,0,0,0.0
2000-08-23,11.899999618530273,11.899999618530273,11.899999618530273,11.899999618530273,0,0,0.0
2000-08-24,11.899999618530273,11.899999618530273,11.899999618530273,11.899999618530273,300,0,0.0
2000-08-25,11.899999618530273,11.899999618530273,11.899999618530273,11.899999618530273,0,0,0.0
2000-08-28,11.899999618530273,11.899999618530273,11.899999618530273,11.899999618530273,0,0,0.0
2000-08-29,11.899999618530273,11.899999618530273,11.899999618530273,11.899999618530273,0,0,0.0
2000-08-30,11.899999618530273,11.899999618530273,11.899999618530273,11.899999618530273,0,0,0.0
2000-08-31,11.899999618530273,11.899999618530273,11.899999618530273,11.899999618530273,0,0,0.0
2000-09-01,11.899999618530273,11.899999618530273,11.899999618530273,11.899999618530273,0,0,0.0
2000-09-05,11.899999618530273,11.899999618530273,11.899999618530273,11.899999618530273,0,0,0.0
2000-09-06,11.899999618530273,11.899999618530273,11.899999618530273,11.899999618530273,0,0,0.0
2000-09-07,14.279999732971191,14.279999732971191,14.279999732971191,14.279999732971191,0,0,0.0
2000-09-08,14.279999732971191,14.279999732971191,14.279999732971191,14.279999732971191,0,0,0.0
2000-09-11,14.279999732971191,14.279999732971191,14.279999732971191,14.279999732971191,0,0,0.0
2000-09-12,14.279999732971191,14.279999732971191,14.279999732971191,14.279999732971191,0,0,0.0
2000-09-13,14.279999732971191,14.279999732971191,14.279999732971191,14.279999732971191,0,0,0.0
2000-09-14,14.279999732971191,14.279999732971191,14.279999732971191,14.279999732971191,0,0,0.0
2000-09-15,14.279999732971191,14.279999732971191,14.279999732971191,14.279999732971191,0,0,0.0
2000-09-18,14.279999732971191,14.279999732971191,14.279999732971191,14.279999732971191,0,0,0.0
2000-09-19,14.279999732971191,14.279999732971191,14.279999732971191,14.279999732971191,0,0,0.0
2000-09-20,14.279999732971191,14.279999732971191,14.279999732971191,14.279999732971191,0,0,0.0
2000-09-21,14.279999732971191,14.279999732971191,14.279999732971191,14.279999732971191,0,0,0.0
2000-09-22,14.279999732971191,14.279999732971191,14.279999732971191,14.279999732971191,0,0,0.0
2000-09-25,14.279999732971191,14.279999732971191,14.279999732971191,14.279999732971191,0,0,0.0
2000-09-26,14.279999732971191,14.279999732971191,14.279999732971191,14.279999732971191,0,0,0.0
2000-09-27,14.279999732971191,14.279999732971191,14.279999732971191,14.279999732971191,0,0,0.0
2000-09-28,14.279999732971191,14.279999732971191,14.279999732971191,14.279999732971191,0,0,0.0
2000-09-29,14.279999732971191,14.279999732971191,14.279999732971191,14.279999732971191,0,0,0.0
2000-10-02,14.279999732971191,14.279999732971191,14.279999732971191,14.279999732971191,0,0,0.0
2000-10-03,14.279999732971191,14.279999732971191,14.279999732971191,14.279999732971191,0,0,0.0
2000-10-04,14.279999732971191,14.279999732971191,14.279999732971191,14.279999732971191,0,0,0.0
2000-10-05,14.279999732971191,14.279999732971191,14.279999732971191,14.279999732971191,0,0,0.0
2000-10-06,14.279999732971191,14.279999732971191,14.279999732971191,14.279999732971191,0,0,0.0
2000-10-09,14.279999732971191,14.279999732971191,14.279999732971191,14.279999732971191,0,0,0.0
2000-10-10,14.279999732971191,14.279999732971191,14.279999732971191,14.279999732971191,0,0,0.0
2000-10-11,14.279999732971191,14.279999732971191,14.279999732971191,14.279999732971191,0,0,0.0
2000-10-12,14.279999732971191,14.279999732971191,14.279999732971191,14.279999732971191,0,0,0.0
2000-10-13,18.56399917602539,18.56399917602539,18.56399917602539,18.56399917602539,0,0,0.0
2000-10-16,18.56399917602539,18.56399917602539,18.56399917602539,18.56399917602539,0,0,0.0
2000-10-17,18.56399917602539,18.56399917602539,18.56399917602539,18.56399917602539,0,0,0.0
2000-10-18,18.56399917602539,18.56399917602539,18.56399917602539,18.56399917602539,0,0,0.0
2000-10-19,18.56399917602539,18.56399917602539,18.56399917602539,18.56399917602539,0,0,0.0
2000-10-20,18.56399917602539,18.56399917602539,18.56399917602539,18.56399917602539,0,0,0.0
2000-10-23,18.56399917602539,18.56399917602539,18.56399917602539,18.56399917602539,0,0,0.0
2000-10-24,11.899999618530273,11.899999618530273,11.899999618530273,11.899999618530273,0,0,0.0
2000-10-25,11.899999618530273,11.899999618530273,11.899999618530273,11.899999618530273,0,0,0.0
2000-10-26,11.899999618530273,11.899999618530273,11.899999618530273,11.899999618530273,0,0,0.0
2000-10-27,11.899999618530273,11.899999618530273,11.899999618530273,11.899999618530273,0,0,0.0
2000-10-30,11.899999618530273,11.899999618530273,11.899999618530273,11.899999618530273,0,0,0.0
2000-10-31,11.899999618530273,11.899999618530273,11.899999618530273,11.899999618530273,0,0,0.0
2000-11-01,11.899999618530273,11.899999618530273,11.899999618530273,11.899999618530273,0,0,0.0
2000-11-02,11.899999618530273,11.899999618530273,11.899999618530273,11.899999618530273,0,0,0.0
2000-11-03,11.899999618530273,11.899999618530273,11.899999618530273,11.899999618530273,0,0,0.0
2000-11-06,11.899999618530273,11.899999618530273,11.899999618530273,11.899999618530273,0,0,0.0
2000-11-07,11.899999618530273,11.899999618530273,11.899999618530273,11.899999618530273,0,0,0.0
2000-11-08,11.899999618530273,11.899999618530273,11.899999618530273,11.899999618530273,0,0,0.0
2000-11-09,11.899999618530273,11.899999618530273,11.899999618530273,11.899999618530273,0,0,0.0
2000-11-10,11.899999618530273,11.899999618530273,11.899999618530273,11.899999618530273,0,0,0.0
2000-11-13,11.899999618530273,11.899999618530273,11.899999618530273,11.899999618530273,0,0,0.0
2000-11-14,11.899999618530273,11.899999618530273,11.899999618530273,11.899999618530273,0,0,0.0
2000-11-15,11.899999618530273,11.899999618530273,11.899999618530273,11.899999618530273,0,0,0.0
2000-11-16,11.899999618530273,11.899999618530273,11.899999618530273,11.899999618530273,0,0,0.0
2000-11-17,11.899999618530273,11.899999618530273,11.899999618530273,11.899999618530273,0,0,0.0
2000-11-20,11.899999618530273,11.899999618530273,11.899999618530273,11.899999618530273,0,0,0.0
2000-11-21,11.899999618530273,11.899999618530273,11.899999618530273,11.899999618530273,0,0,0.0
2000-11-22,11.899999618530273,11.899999618530273,11.899999618530273,11.899999618530273,0,0,0.0
2000-11-24,11.899999618530273,11.899999618530273,11.899999618530273,11.899999618530273,0,0,0.0
2000-11-27,11.899999618530273,11.899999618530273,11.899999618530273,11.899999618530273,0,0,0.0
2000-11-28,11.899999618530273,11.899999618530273,11.899999618530273,11.899999618530273,0,0,0.0
2000-11-29,11.899999618530273,11.899999618530273,11.899999618530273,11.899999618530273,0,0,0.0
2000-11-30,11.899999618530273,11.899999618530273,11.899999618530273,11.899999618530273,0,0,0.0
2000-12-01,11.899999618530273,11.899999618530273,11.899999618530273,11.899999618530273,0,0,0.0
2000-12-04,11.899999618530273,11.899999618530273,11.899999618530273,11.899999618530273,0,0,0.0
2000-12-05,11.899999618530273,11.899999618530273,11.899999618530273,11.899999618530273,0,0,0.0
2000-12-06,11.899999618530273,11.899999618530273,11.899999618530273,11.899999618530273,0,0,0.0
2000-12-07,11.899999618530273,11.899999618530273,11.899999618530273,11.899999618530273,0,0,0.0
2000-12-08,14.755999565124512,14.755999565124512,14.755999565124512,14.755999565124512,200,0,0.0
2000-12-11,14.755999565124512,14.755999565124512,14.755999565124512,14.755999565124512,0,0,0.0
2000-12-12,14.755999565124512,14.755999565124512,14.755999565124512,14.755999565124512,0,0,0.0
2000-12-13,16.65999984741211,16.65999984741211,16.65999984741211,16.65999984741211,0,0,0.0
2000-12-14,16.65999984741211,16.65999984741211,16.65999984741211,16.65999984741211,0,0,0.0
2000-12-15,16.65999984741211,16.65999984741211,16.65999984741211,16.65999984741211,0,0,0.0
2000-12-18,16.65999984741211,16.65999984741211,16.65999984741211,16.65999984741211,0,0,0.0
2000-12-19,16.65999984741211,16.65999984741211,16.65999984741211,16.65999984741211,0,0,0.0
2000-12-20,11.899999618530273,11.899999618530273,11.899999618530273,11.899999618530273,200,0,0.0
2000-12-21,11.899999618530273,11.899999618530273,11.899999618530273,11.899999618530273,0,0,0.0
2000-12-22,11.899999618530273,11.899999618530273,11.899999618530273,11.899999618530273,0,0,0.0
2000-12-26,11.899999618530273,11.899999618530273,11.899999618530273,11.899999618530273,0,0,0.0
2000-12-27,11.899999618530273,11.899999618530273,11.899999618530273,11.899999618530273,0,0,0.0
2000-12-28,11.899999618530273,11.899999618530273,11.899999618530273,11.899999618530273,0,0,0.0
2000-12-29,11.899999618530273,11.899999618530273,11.899999618530273,11.899999618530273,0,0,0.0
2001-01-02,18.56399917602539,18.56399917602539,18.56399917602539,18.56399917602539,0,0,0.0
2001-01-03,18.56399917602539,18.56399917602539,18.56399917602539,18.56399917602539,0,0,0.0
2001-01-04,18.56399917602539,18.56399917602539,18.56399917602539,18.56399917602539,0,0,0.0
2001-01-05,18.56399917602539,18.56399917602539,18.56399917602539,18.56399917602539,0,0,0.0
2001-01-08,18.56399917602539,18.56399917602539,18.56399917602539,18.56399917602539,0,0,0.0
2001-01-09,18.56399917602539,18.56399917602539,18.56399917602539,18.56399917602539,0,0,0.0
2001-01-10,18.56399917602539,18.56399917602539,18.56399917602539,18.56399917602539,0,0,0.0
2001-01-11,18.56399917602539,18.56399917602539,18.56399917602539,18.56399917602539,0,0,0.0
2001-01-12,18.56399917602539,18.56399917602539,18.56399917602539,18.56399917602539,0,0,0.0
2001-01-16,18.56399917602539,18.56399917602539,18.56399917602539,18.56399917602539,0,0,0.0
2001-01-17,18.56399917602539,18.56399917602539,18.56399917602539,18.56399917602539,0,0,0.0
2001-01-18,14.755999565124512,14.755999565124512,14.755999565124512,14.755999565124512,0,0,0.0
2001-01-19,14.755999565124512,14.755999565124512,14.755999565124512,14.755999565124512,0,0,0.0
2001-01-22,14.755999565124512,14.755999565124512,14.755999565124512,14.755999565124512,0,0,0.0
2001-01-23,14.755999565124512,14.755999565124512,14.755999565124512,14.755999565124512,0,0,0.0
2001-01-24,14.755999565124512,14.755999565124512,14.755999565124512,14.755999565124512,0,0,0.0
2001-01-25,14.755999565124512,14.755999565124512,14.755999565124512,14.755999565124512,0,0,0.0
2001-01-26,14.755999565124512,14.755999565124512,14.755999565124512,14.755999565124512,0,0,0.0
2001-01-29,14.755999565124512,14.755999565124512,14.755999565124512,14.755999565124512,0,0,0.0
2001-01-30,14.755999565124512,14.755999565124512,14.755999565124512,14.755999565124512,0,0,0.0
2001-01-31,14.755999565124512,14.755999565124512,14.755999565124512,14.755999565124512,0,0,0.0
2001-02-01,14.755999565124512,14.755999565124512,14.755999565124512,14.755999565124512,0,0,0.0
2001-02-02,14.755999565124512,14.755999565124512,14.755999565124512,14.755999565124512,0,0,0.0
2001-02-05,14.755999565124512,14.755999565124512,14.755999565124512,14.755999565124512,0,0,0.0
2001-02-06,14.755999565124512,14.755999565124512,14.755999565124512,14.755999565124512,0,0,0.0
2001-02-07,14.755999565124512,14.755999565124512,14.755999565124512,14.755999565124512,0,0,0.0
2001-02-08,14.755999565124512,14.755999565124512,14.755999565124512,14.755999565124512,0,0,0.0
2001-02-09,14.755999565124512,14.755999565124512,14.755999565124512,14.755999565124512,0,0,0.0
2001-02-12,14.755999565124512,14.755999565124512,14.755999565124512,14.755999565124512,0,0,0.0
2001-02-13,14.755999565124512,14.755999565124512,14.755999565124512,14.755999565124512,0,0,0.0
2001-02-14,14.755999565124512,14.755999565124512,14.755999565124512,14.755999565124512,0,0,0.0
2001-02-15,14.755999565124512,14.755999565124512,14.755999565124512,14.755999565124512,0,0,0.0
2001-02-16,14.755999565124512,14.755999565124512,14.755999565124512,14.755999565124512,0,0,0.0
2001-02-20,14.755999565124512,14.755999565124512,14.755999565124512,14.755999565124512,0,0,0.0
2001-02-21,14.755999565124512,14.755999565124512,14.755999565124512,14.755999565124512,0,0,0.0
2001-02-22,14.755999565124512,14.755999565124512,14.755999565124512,14.755999565124512,0,0,0.0
2001-02-23,11.899999618530273,11.899999618530273,9.520000457763672,9.520000457763672,200,0,0.0
2001-02-26,9.520000457763672,9.520000457763672,9.520000457763672,9.520000457763672,0,0,0.0
2001-02-27,9.520000457763672,9.520000457763672,9.520000457763672,9.520000457763672,0,0,0.0
2001-02-28,9.520000457763672,9.520000457763672,9.520000457763672,9.520000457763672,0,0,0.0
2001-03-01,8.092000007629395,9.520000457763672,8.092000007629395,9.520000457763672,100,0,0.0
2001-03-02,9.520000457763672,9.520000457763672,9.520000457763672,9.520000457763672,0,0,0.0
2001-03-05,11.899999618530273,11.899999618530273,11.899999618530273,11.899999618530273,0,0,0.0
2001-03-06,11.899999618530273,11.899999618530273,11.899999618530273,11.899999618530273,0,0,0.0
2001-03-07,11.899999618530273,11.899999618530273,11.899999618530273,11.899999618530273,0,0,0.0
2001-03-08,11.899999618530273,11.899999618530273,11.899999618530273,11.899999618530273,0,0,0.0
2001-03-09,11.899999618530273,11.899999618530273,11.899999618530273,11.899999618530273,0,0,0.0
2001-03-12,9.520000457763672,9.520000457763672,4.760000228881836,4.760000228881836,100,0,0.0
2001-03-13,4.760000228881836,4.760000228881836,4.760000228881836,4.760000228881836,0,0,0.0
2001-03-14,4.760000228881836,4.760000228881836,4.760000228881836,4.760000228881836,0,0,0.0
2001-03-15,4.760000228881836,4.760000228881836,4.760000228881836,4.760000228881836,0,0,0.0
2001-03-16,4.760000228881836,4.760000228881836,4.760000228881836,4.760000228881836,0,0,0.0
2001-03-19,4.760000228881836,4.760000228881836,4.760000228881836,4.760000228881836,0,0,0.0
2001-03-20,4.760000228881836,4.760000228881836,4.760000228881836,4.760000228881836,0,0,0.0
2001-03-21,4.760000228881836,4.760000228881836,4.760000228881836,4.760000228881836,0,0,0.0
2001-03-22,4.760000228881836,4.760000228881836,4.760000228881836,4.760000228881836,0,0,0.0
2001-03-23,4.760000228881836,4.760000228881836,4.760000228881836,4.760000228881836,0,0,0.0
2001-03-26,4.760000228881836,4.760000228881836,4.760000228881836,4.760000228881836,0,0,0.0
2001-03-27,4.760000228881836,4.760000228881836,4.760000228881836,4.760000228881836,0,0,0.0
2001-03-28,4.760000228881836,4.760000228881836,4.760000228881836,4.760000228881836,0,0,0.0
2001-03-29,4.760000228881836,4.760000228881836,4.760000228881836,4.760000228881836,0,0,0.0
2001-03-30,4.760000228881836,4.760000228881836,4.760000228881836,4.760000228881836,0,0,0.0
2001-04-02,4.760000228881836,4.760000228881836,4.760000228881836,4.760000228881836,0,0,0.0
2001-04-03,4.760000228881836,4.760000228881836,4.760000228881836,4.760000228881836,0,0,0.0
2001-04-04,4.760000228881836,4.760000228881836,4.760000228881836,4.760000228881836,0,0,0.0
2001-04-05,3.3320000171661377,3.3320000171661377,3.3320000171661377,3.3320000171661377,800,0,0.0
2001-04-06,3.3320000171661377,3.3320000171661377,3.3320000171661377,3.3320000171661377,0,0,0.0
2001-04-09,3.3320000171661377,3.3320000171661377,3.3320000171661377,3.3320000171661377,0,0,0.0
2001-04-10,3.3320000171661377,3.3320000171661377,3.3320000171661377,3.3320000171661377,0,0,0.0
2001-04-11,3.3320000171661377,3.3320000171661377,3.3320000171661377,3.3320000171661377,0,0,0.0
2001-04-12,3.3320000171661377,3.3320000171661377,3.3320000171661377,3.3320000171661377,0,0,0.0
2001-04-16,3.3320000171661377,3.3320000171661377,3.3320000171661377,3.3320000171661377,0,0,0.0
2001-04-17,3.3320000171661377,3.3320000171661377,3.3320000171661377,3.3320000171661377,0,0,0.0
2001-04-18,3.3320000171661377,3.3320000171661377,3.3320000171661377,3.3320000171661377,0,0,0.0
2001-04-19,3.3320000171661377,3.3320000171661377,3.3320000171661377,3.3320000171661377,0,0,0.0
2001-04-20,3.3320000171661377,3.3320000171661377,3.3320000171661377,3.3320000171661377,0,0,0.0
2001-04-23,3.3320000171661377,3.3320000171661377,3.3320000171661377,3.3320000171661377,0,0,0.0
2001-04-24,3.3320000171661377,3.3320000171661377,3.3320000171661377,3.3320000171661377,0,0,0.0
2001-04-25,3.3320000171661377,3.3320000171661377,3.3320000171661377,3.3320000171661377,0,0,0.0
2001-04-26,3.3320000171661377,3.3320000171661377,3.3320000171661377,3.3320000171661377,0,0,0.0
2001-04-27,3.3320000171661377,3.3320000171661377,3.3320000171661377,3.3320000171661377,0,0,0.0
2001-04-30,3.3320000171661377,3.3320000171661377,3.3320000171661377,3.3320000171661377,0,0,0.0
2001-05-01,3.3320000171661377,3.3320000171661377,3.3320000171661377,3.3320000171661377,0,0,0.0
2001-05-02,3.3320000171661377,3.3320000171661377,3.3320000171661377,3.3320000171661377,0,0,0.0
2001-05-03,3.3320000171661377,3.3320000171661377,3.3320000171661377,3.3320000171661377,0,0,0.0
2001-05-04,3.3320000171661377,3.3320000171661377,3.3320000171661377,3.3320000171661377,0,0,0.0
2001-05-07,3.3320000171661377,3.3320000171661377,3.3320000171661377,3.3320000171661377,0,0,0.0
2001-05-08,3.3320000171661377,3.3320000171661377,3.3320000171661377,3.3320000171661377,0,0,0.0
2001-05-09,3.3320000171661377,3.3320000171661377,3.3320000171661377,3.3320000171661377,0,0,0.0
2001-05-10,3.3320000171661377,3.3320000171661377,3.3320000171661377,3.3320000171661377,0,0,0.0
2001-05-11,3.3320000171661377,3.3320000171661377,3.3320000171661377,3.3320000171661377,0,0,0.0
2001-05-14,9.043999671936035,9.520000457763672,9.043999671936035,9.520000457763672,200,0,0.0
2001-05-15,9.520000457763672,9.520000457763672,9.520000457763672,9.520000457763672,0,0,0.0
2001-05-16,9.520000457763672,9.520000457763672,9.520000457763672,9.520000457763672,0,0,0.0
2001-05-17,9.520000457763672,9.520000457763672,9.520000457763672,9.520000457763672,0,0,0.0
2001-05-18,9.520000457763672,9.520000457763672,9.520000457763672,9.520000457763672,0,0,0.0
2001-05-21,9.520000457763672,9.520000457763672,9.520000457763672,9.520000457763672,0,0,0.0
2001-05-22,9.520000457763672,9.520000457763672,9.520000457763672,9.520000457763672,0,0,0.0
2001-05-23,9.520000457763672,9.520000457763672,9.520000457763672,9.520000457763672,0,0,0.0
2001-05-24,9.520000457763672,9.520000457763672,9.520000457763672,9.520000457763672,0,0,0.0
2001-05-25,9.520000457763672,9.520000457763672,9.520000457763672,9.520000457763672,0,0,0.0
2001-05-29,9.520000457763672,9.520000457763672,9.520000457763672,9.520000457763672,0,0,0.0
2001-05-30,9.520000457763672,9.520000457763672,9.520000457763672,9.520000457763672,0,0,0.0
2001-05-31,9.520000457763672,9.520000457763672,9.520000457763672,9.520000457763672,0,0,0.0
2001-06-01,9.520000457763672,9.520000457763672,9.520000457763672,9.520000457763672,0,0,0.0
2001-06-04,9.520000457763672,9.520000457763672,9.520000457763672,9.520000457763672,0,0,0.0
2001-06-05,9.520000457763672,9.520000457763672,9.520000457763672,9.520000457763672,0,0,0.0
2001-06-06,9.520000457763672,9.520000457763672,9.520000457763672,9.520000457763672,0,0,0.0
2001-06-07,9.520000457763672,9.520000457763672,9.520000457763672,9.520000457763672,0,0,0.0
2001-06-08,9.520000457763672,9.520000457763672,9.520000457763672,9.520000457763672,0,0,0.0
2001-06-11,9.520000457763672,9.520000457763672,9.520000457763672,9.520000457763672,0,0,0.0
2001-06-12,9.520000457763672,9.520000457763672,9.520000457763672,9.520000457763672,0,0,0.0
2001-06-13,9.520000457763672,9.520000457763672,9.520000457763672,9.520000457763672,0,0,0.0
2001-06-14,9.520000457763672,9.520000457763672,9.520000457763672,9.520000457763672,0,0,0.0
2001-06-15,9.520000457763672,9.520000457763672,9.520000457763672,9.520000457763672,0,0,0.0
2001-06-18,9.520000457763672,9.520000457763672,9.520000457763672,9.520000457763672,0,0,0.0
2001-06-19,9.520000457763672,9.520000457763672,9.520000457763672,9.520000457763672,0,0,0.0
2001-06-20,9.520000457763672,9.520000457763672,9.520000457763672,9.520000457763672,0,0,0.0
2001-06-21,9.520000457763672,9.520000457763672,9.520000457763672,9.520000457763672,0,0,0.0
2001-06-22,9.520000457763672,9.520000457763672,9.520000457763672,9.520000457763672,0,0,0.0
2001-06-25,14.279999732971191,19.040000915527344,14.279999732971191,19.040000915527344,0,0,0.0
2001-06-26,14.279999732971191,21.420000076293945,14.279999732971191,21.420000076293945,0,0,0.0
2001-06-27,21.420000076293945,21.420000076293945,21.420000076293945,21.420000076293945,0,0,0.0
2001-06-28,21.420000076293945,21.420000076293945,21.420000076293945,21.420000076293945,0,0,0.0
2001-06-29,21.420000076293945,21.420000076293945,21.420000076293945,21.420000076293945,0,0,0.0
2001-07-02,21.420000076293945,21.420000076293945,21.420000076293945,21.420000076293945,0,0,0.0
2001-07-03,21.420000076293945,21.420000076293945,21.420000076293945,21.420000076293945,0,0,0.0
2001-07-05,21.420000076293945,21.420000076293945,21.420000076293945,21.420000076293945,0,0,0.0
2001-07-06,21.420000076293945,21.420000076293945,21.420000076293945,21.420000076293945,0,0,0.0
2001-07-09,21.420000076293945,21.420000076293945,21.420000076293945,21.420000076293945,0,0,0.0
2001-07-10,21.420000076293945,21.420000076293945,21.420000076293945,21.420000076293945,100,0,0.0
2001-07-11,21.420000076293945,21.420000076293945,21.420000076293945,21.420000076293945,0,0,0.0
2001-07-12,21.420000076293945,21.420000076293945,21.420000076293945,21.420000076293945,0,0,0.0
2001-07-13,21.420000076293945,21.420000076293945,21.420000076293945,21.420000076293945,0,0,0.0
2001-07-16,21.420000076293945,21.420000076293945,21.420000076293945,21.420000076293945,0,0,0.0
2001-07-17,21.420000076293945,21.420000076293945,21.420000076293945,21.420000076293945,0,0,0.0
2001-07-18,21.420000076293945,21.420000076293945,21.420000076293945,21.420000076293945,0,0,0.0
2001-07-19,21.420000076293945,21.420000076293945,21.420000076293945,21.420000076293945,0,0,0.0
2001-07-20,21.420000076293945,21.420000076293945,21.420000076293945,21.420000076293945,0,0,0.0
2001-07-23,4.760000228881836,4.760000228881836,4.760000228881836,4.760000228881836,600,0,0.0
2001-07-24,19.040000915527344,19.040000915527344,19.040000915527344,19.040000915527344,600,0,0.0
2001-07-25,19.040000915527344,19.040000915527344,19.040000915527344,19.040000915527344,0,0,0.0
2001-07-26,19.040000915527344,19.040000915527344,19.040000915527344,19.040000915527344,0,0,0.0
2001-07-27,19.040000915527344,19.040000915527344,19.040000915527344,19.040000915527344,0,0,0.0
2001-07-30,19.040000915527344,19.040000915527344,19.040000915527344,19.040000915527344,0,0,0.0
2001-07-31,19.040000915527344,19.040000915527344,19.040000915527344,19.040000915527344,0,0,0.0
2001-08-01,19.040000915527344,19.040000915527344,19.040000915527344,19.040000915527344,0,0,0.0
2001-08-02,19.040000915527344,19.040000915527344,19.040000915527344,19.040000915527344,0,0,0.0
2001-08-03,19.040000915527344,19.040000915527344,19.040000915527344,19.040000915527344,0,0,0.0
2001-08-06,19.040000915527344,19.040000915527344,19.040000915527344,19.040000915527344,0,0,0.0
2001-08-07,19.040000915527344,19.040000915527344,19.040000915527344,19.040000915527344,0,0,0.0
2001-08-08,19.040000915527344,19.040000915527344,19.040000915527344,19.040000915527344,0,0,0.0
2001-08-09,19.040000915527344,19.040000915527344,19.040000915527344,19.040000915527344,0,0,0.0
2001-08-10,19.040000915527344,19.040000915527344,19.040000915527344,19.040000915527344,0,0,0.0
2001-08-13,19.040000915527344,19.040000915527344,19.040000915527344,19.040000915527344,0,0,0.0
2001-08-14,19.992000579833984,19.992000579833984,19.992000579833984,19.992000579833984,200,0,0.0
2001-08-15,19.992000579833984,19.992000579833984,19.992000579833984,19.992000579833984,0,0,0.0
2001-08-16,2.8559999465942383,16.65999984741211,2.8559999465942383,7.139999866485596,1000,0,0.0
2001-08-17,4.760000228881836,4.760000228881836,4.760000228881836,4.760000228881836,100,0,0.0
2001-08-20,14.279999732971191,14.279999732971191,14.279999732971191,14.279999732971191,300,0,0.0
2001-08-21,14.279999732971191,14.279999732971191,14.279999732971191,14.279999732971191,0,0,0.0
2001-08-22,14.279999732971191,14.279999732971191,14.279999732971191,14.279999732971191,0,0,0.0
2001-08-23,14.279999732971191,14.279999732971191,14.279999732971191,14.279999732971191,0,0,0.0
2001-08-24,14.279999732971191,14.279999732971191,14.279999732971191,14.279999732971191,0,0,0.0
2001-08-27,14.279999732971191,14.279999732971191,14.279999732971191,14.279999732971191,0,0,0.0
2001-08-28,14.279999732971191,14.279999732971191,14.279999732971191,14.279999732971191,0,0,0.0
2001-08-29,14.279999732971191,14.279999732971191,14.279999732971191,14.279999732971191,0,0,0.0
2001-08-30,14.279999732971191,14.279999732971191,14.279999732971191,14.279999732971191,0,0,0.0
2001-08-31,14.279999732971191,14.279999732971191,14.279999732971191,14.279999732971191,0,0,0.0
2001-09-04,14.279999732971191,14.279999732971191,14.279999732971191,14.279999732971191,0,0,0.0
2001-09-05,14.279999732971191,14.279999732971191,14.279999732971191,14.279999732971191,0,0,0.0
2001-09-06,14.279999732971191,14.279999732971191,14.279999732971191,14.279999732971191,0,0,0.0
2001-09-07,14.279999732971191,14.279999732971191,14.279999732971191,14.279999732971191,0,0,0.0
2001-09-10,14.279999732971191,14.279999732971191,14.279999732971191,14.279999732971191,0,0,0.0
2001-09-17,14.279999732971191,14.279999732971191,14.279999732971191,14.279999732971191,0,0,0.0
2001-09-18,14.279999732971191,14.279999732971191,14.279999732971191,14.279999732971191,0,0,0.0
2001-09-19,14.279999732971191,14.279999732971191,14.279999732971191,14.279999732971191,0,0,0.0
2001-09-20,14.279999732971191,14.279999732971191,14.279999732971191,14.279999732971191,0,0,0.0
2001-09-21,14.279999732971191,14.279999732971191,14.279999732971191,14.279999732971191,0,0,0.0
2001-09-24,14.279999732971191,14.279999732971191,14.279999732971191,14.279999732971191,0,0,0.0
2001-09-25,14.279999732971191,14.279999732971191,14.279999732971191,14.279999732971191,0,0,0.0
2001-09-26,4.760000228881836,7.139999866485596,4.760000228881836,7.139999866485596,100,0,0.0
2001-09-27,2.8559999465942383,2.8559999465942383,2.8559999465942383,2.8559999465942383,0,0,0.0
2001-09-28,2.8559999465942383,2.8559999465942383,2.8559999465942383,2.8559999465942383,0,0,0.0
2001-10-01,2.8559999465942383,2.8559999465942383,2.8559999465942383,2.8559999465942383,0,0,0.0
2001-10-02,2.8559999465942383,2.8559999465942383,2.8559999465942383,2.8559999465942383,0,0,0.0
2001-10-03,2.8559999465942383,2.8559999465942383,2.8559999465942383,2.8559999465942383,0,0,0.0
2001-10-04,2.8559999465942383,2.8559999465942383,2.8559999465942383,2.8559999465942383,0,0,0.0
2001-10-05,2.8559999465942383,2.8559999465942383,2.8559999465942383,2.8559999465942383,0,0,0.0
2001-10-08,2.8559999465942383,2.8559999465942383,2.8559999465942383,2.8559999465942383,0,0,0.0
2001-10-09,2.8559999465942383,2.8559999465942383,2.8559999465942383,2.8559999465942383,0,0,0.0
2001-10-10,2.8559999465942383,2.8559999465942383,2.8559999465942383,2.8559999465942383,0,0,0.0
2001-10-11,2.8559999465942383,2.8559999465942383,2.8559999465942383,2.8559999465942383,0,0,0.0
2001-10-12,2.8559999465942383,2.8559999465942383,2.8559999465942383,2.8559999465942383,0,0,0.0
2001-10-15,2.8559999465942383,2.8559999465942383,2.8559999465942383,2.8559999465942383,0,0,0.0
2001-10-16,2.8559999465942383,2.8559999465942383,2.8559999465942383,2.8559999465942383,0,0,0.0
2001-10-17,2.8559999465942383,2.8559999465942383,2.8559999465942383,2.8559999465942383,0,0,0.0
2001-10-18,2.8559999465942383,2.8559999465942383,2.8559999465942383,2.8559999465942383,0,0,0.0
2001-10-19,2.8559999465942383,2.8559999465942383,2.8559999465942383,2.8559999465942383,0,0,0.0
2001-10-22,2.8559999465942383,2.8559999465942383,2.8559999465942383,2.8559999465942383,0,0,0.0
2001-10-23,2.8559999465942383,2.8559999465942383,2.8559999465942383,2.8559999465942383,0,0,0.0
2001-10-24,2.8559999465942383,2.8559999465942383,2.8559999465942383,2.8559999465942383,0,0,0.0
2001-10-25,2.8559999465942383,2.8559999465942383,2.8559999465942383,2.8559999465942383,0,0,0.0
2001-10-26,2.8559999465942383,2.8559999465942383,2.8559999465942383,2.8559999465942383,0,0,0.0
2001-10-29,2.8559999465942383,2.8559999465942383,2.8559999465942383,2.8559999465942383,0,0,0.0
2001-10-30,2.8559999465942383,2.8559999465942383,2.8559999465942383,2.8559999465942383,0,0,0.0
2001-10-31,2.8559999465942383,2.8559999465942383,2.8559999465942383,2.8559999465942383,0,0,0.0
2001-11-01,2.8559999465942383,2.8559999465942383,2.8559999465942383,2.8559999465942383,0,0,0.0
2001-11-02,2.8559999465942383,2.8559999465942383,2.8559999465942383,2.8559999465942383,0,0,0.0
2001-11-05,2.8559999465942383,2.8559999465942383,2.8559999465942383,2.8559999465942383,0,0,0.0
2001-11-06,2.8559999465942383,2.8559999465942383,2.8559999465942383,2.8559999465942383,0,0,0.0
2001-11-07,2.8559999465942383,2.8559999465942383,2.8559999465942383,2.8559999465942383,0,0,0.0
2001-11-08,2.8559999465942383,2.8559999465942383,2.8559999465942383,2.8559999465942383,0,0,0.0
2001-11-09,2.8559999465942383,2.8559999465942383,2.8559999465942383,2.8559999465942383,0,0,0.0
2001-11-12,2.8559999465942383,2.8559999465942383,2.8559999465942383,2.8559999465942383,0,0,0.0
2001-11-13,2.8559999465942383,2.8559999465942383,2.8559999465942383,2.8559999465942383,0,0,0.0
2001-11-14,2.8559999465942383,2.8559999465942383,2.8559999465942383,2.8559999465942383,0,0,0.0
2001-11-15,2.8559999465942383,2.8559999465942383,2.8559999465942383,2.8559999465942383,0,0,0.0
2001-11-16,2.8559999465942383,2.8559999465942383,2.8559999465942383,2.8559999465942383,0,0,0.0
2001-11-19,2.8559999465942383,2.8559999465942383,2.8559999465942383,2.8559999465942383,0,0,0.0
2001-11-20,2.8559999465942383,2.8559999465942383,2.8559999465942383,2.8559999465942383,0,0,0.0
2001-11-21,2.8559999465942383,2.8559999465942383,2.8559999465942383,2.8559999465942383,0,0,0.0
2001-11-23,2.8559999465942383,2.8559999465942383,2.8559999465942383,2.8559999465942383,0,0,0.0
2001-11-26,2.8559999465942383,2.8559999465942383,2.8559999465942383,2.8559999465942383,0,0,0.0
2001-11-27,2.8559999465942383,2.8559999465942383,2.8559999465942383,2.8559999465942383,0,0,0.0
2001-11-28,2.8559999465942383,2.8559999465942383,2.8559999465942383,2.8559999465942383,0,0,0.0
2001-11-29,2.8559999465942383,2.8559999465942383,2.8559999465942383,2.8559999465942383,0,0,0.0
2001-11-30,4.760000228881836,4.760000228881836,4.760000228881836,4.760000228881836,0,0,0.0
2001-12-03,4.760000228881836,4.760000228881836,4.760000228881836,4.760000228881836,0,0,0.0
2001-12-04,4.760000228881836,4.760000228881836,4.760000228881836,4.760000228881836,0,0,0.0
2001-12-05,4.760000228881836,4.760000228881836,4.760000228881836,4.760000228881836,0,0,0.0
2001-12-06,4.760000228881836,4.760000228881836,4.760000228881836,4.760000228881836,0,0,0.0
2001-12-07,4.760000228881836,4.760000228881836,4.760000228881836,4.760000228881836,0,0,0.0
2001-12-10,4.760000228881836,4.760000228881836,4.760000228881836,4.760000228881836,0,0,0.0
2001-12-11,4.760000228881836,4.760000228881836,4.760000228881836,4.760000228881836,0,0,0.0
2001-12-12,4.760000228881836,4.760000228881836,4.760000228881836,4.760000228881836,0,0,0.0
2001-12-13,4.760000228881836,4.760000228881836,4.760000228881836,4.760000228881836,0,0,0.0
2001-12-14,4.760000228881836,4.760000228881836,4.760000228881836,4.760000228881836,0,0,0.0
2001-12-17,4.760000228881836,4.760000228881836,4.760000228881836,4.760000228881836,0,0,0.0
2001-12-18,4.760000228881836,4.760000228881836,4.760000228881836,4.760000228881836,0,0,0.0
2001-12-19,4.760000228881836,4.760000228881836,4.760000228881836,4.760000228881836,0,0,0.0
2001-12-20,4.760000228881836,4.760000228881836,4.760000228881836,4.760000228881836,0,0,0.0
2001-12-21,4.760000228881836,4.760000228881836,4.760000228881836,4.760000228881836,0,0,0.0
2001-12-24,4.760000228881836,4.760000228881836,4.760000228881836,4.760000228881836,0,0,0.0
2001-12-26,4.760000228881836,4.760000228881836,4.760000228881836,4.760000228881836,0,0,0.0
2001-12-27,4.760000228881836,4.760000228881836,4.760000228881836,4.760000228881836,0,0,0.0
2001-12-28,4.760000228881836,4.760000228881836,4.760000228881836,4.760000228881836,0,0,0.0
2001-12-31,4.760000228881836,4.760000228881836,4.760000228881836,4.760000228881836,0,0,0.0
2002-01-02,4.760000228881836,4.760000228881836,4.760000228881836,4.760000228881836,0,0,0.0
2002-01-03,7.139999866485596,13.803999900817871,7.139999866485596,13.803999900817871,100,0,0.0
2002-01-04,13.803999900817871,13.803999900817871,13.803999900817871,13.803999900817871,0,0,0.0
2002-01-07,13.803999900817871,13.803999900817871,13.803999900817871,13.803999900817871,0,0,0.0
2002-01-08,13.803999900817871,13.803999900817871,13.803999900817871,13.803999900817871,0,0,0.0
2002-01-09,13.803999900817871,13.803999900817871,13.803999900817871,13.803999900817871,0,0,0.0
2002-01-10,13.803999900817871,13.803999900817871,13.803999900817871,13.803999900817871,0,0,0.0
2002-01-11,13.803999900817871,13.803999900817871,13.803999900817871,13.803999900817871,0,0,0.0
2002-01-14,13.803999900817871,13.803999900817871,13.803999900817871,13.803999900817871,0,0,0.0
2002-01-15,13.803999900817871,13.803999900817871,13.803999900817871,13.803999900817871,0,0,0.0
2002-01-16,13.803999900817871,13.803999900817871,13.803999900817871,13.803999900817871,0,0,0.0
2002-01-17,13.803999900817871,13.803999900817871,13.803999900817871,13.803999900817871,0,0,0.0
2002-01-18,13.803999900817871,13.803999900817871,13.803999900817871,13.803999900817871,0,0,0.0
2002-01-22,9.520000457763672,13.803999900817871,9.520000457763672,9.520000457763672,0,0,0.0
2002-01-23,9.520000457763672,9.520000457763672,9.520000457763672,9.520000457763672,0,0,0.0
2002-01-24,9.520000457763672,9.520000457763672,9.520000457763672,9.520000457763672,0,0,0.0
2002-01-25,9.520000457763672,9.520000457763672,9.520000457763672,9.520000457763672,0,0,0.0
2002-01-28,9.520000457763672,9.520000457763672,9.520000457763672,9.520000457763672,0,0,0.0
2002-01-29,9.520000457763672,9.520000457763672,9.520000457763672,9.520000457763672,0,0,0.0
2002-01-30,9.520000457763672,9.520000457763672,9.520000457763672,9.520000457763672,0,0,0.0
2002-01-31,9.520000457763672,9.520000457763672,9.520000457763672,9.520000457763672,0,0,0.0
2002-02-01,9.520000457763672,9.520000457763672,9.520000457763672,9.520000457763672,0,0,0.0
2002-02-04,9.520000457763672,9.520000457763672,9.520000457763672,9.520000457763672,0,0,0.0
2002-02-05,9.520000457763672,9.520000457763672,9.520000457763672,9.520000457763672,0,0,0.0
2002-02-06,7.139999866485596,7.139999866485596,7.139999866485596,7.139999866485596,0,0,0.0
2002-02-07,7.139999866485596,7.139999866485596,7.139999866485596,7.139999866485596,0,0,0.0
2002-02-08,7.139999866485596,7.139999866485596,7.139999866485596,7.139999866485596,0,0,0.0
2002-02-11,7.139999866485596,7.139999866485596,7.139999866485596,7.139999866485596,0,0,0.0
2002-02-12,7.139999866485596,7.139999866485596,7.139999866485596,7.139999866485596,0,0,0.0
2002-02-13,7.139999866485596,7.139999866485596,7.139999866485596,7.139999866485596,0,0,0.0
2002-02-14,7.139999866485596,7.139999866485596,7.139999866485596,7.139999866485596,0,0,0.0
2002-02-15,7.139999866485596,7.139999866485596,7.139999866485596,7.139999866485596,0,0,0.0
2002-02-19,7.139999866485596,7.139999866485596,7.139999866485596,7.139999866485596,0,0,0.0
2002-02-20,7.139999866485596,7.139999866485596,7.139999866485596,7.139999866485596,0,0,0.0
2002-02-21,7.139999866485596,7.139999866485596,7.139999866485596,7.139999866485596,0,0,0.0
2002-02-22,7.139999866485596,7.139999866485596,7.139999866485596,7.139999866485596,0,0,0.0
2002-02-25,7.139999866485596,7.139999866485596,7.139999866485596,7.139999866485596,0,0,0.0
2002-02-26,7.139999866485596,7.139999866485596,7.139999866485596,7.139999866485596,0,0,0.0
2002-02-27,7.139999866485596,7.139999866485596,7.139999866485596,7.139999866485596,0,0,0.0
2002-02-28,7.139999866485596,7.139999866485596,7.139999866485596,7.139999866485596,0,0,0.0
2002-03-01,7.139999866485596,7.139999866485596,7.139999866485596,7.139999866485596,0,0,0.0
2002-03-04,7.139999866485596,7.139999866485596,7.139999866485596,7.139999866485596,0,0,0.0
2002-03-05,7.139999866485596,7.139999866485596,7.139999866485596,7.139999866485596,0,0,0.0
2002-03-06,7.139999866485596,7.139999866485596,7.139999866485596,7.139999866485596,0,0,0.0
2002-03-07,9.520000457763672,11.899999618530273,7.139999866485596,9.520000457763672,100,0,0.0
2002-03-08,9.520000457763672,9.520000457763672,9.520000457763672,9.520000457763672,0,0,0.0
2002-03-11,9.520000457763672,9.520000457763672,9.520000457763672,9.520000457763672,0,0,0.0
2002-03-12,9.520000457763672,9.520000457763672,9.520000457763672,9.520000457763672,0,0,0.0
2002-03-13,9.520000457763672,9.520000457763672,9.520000457763672,9.520000457763672,0,0,0.0
2002-03-14,9.520000457763672,9.520000457763672,9.520000457763672,9.520000457763672,0,0,0.0
2002-03-15,9.520000457763672,9.520000457763672,9.520000457763672,9.520000457763672,0,0,0.0
2002-03-18,9.520000457763672,9.520000457763672,9.520000457763672,9.520000457763672,0,0,0.0
2002-03-19,9.520000457763672,9.520000457763672,9.520000457763672,9.520000457763672,0,0,0.0
2002-03-20,9.520000457763672,9.520000457763672,9.520000457763672,9.520000457763672,0,0,0.0
2002-03-21,9.520000457763672,9.520000457763672,9.520000457763672,9.520000457763672,0,0,0.0
2002-03-22,9.520000457763672,9.520000457763672,9.520000457763672,9.520000457763672,0,0,0.0
2002-03-25,9.520000457763672,9.520000457763672,9.520000457763672,9.520000457763672,0,0,0.0
2002-03-26,8.092000007629395,8.092000007629395,4.760000228881836,4.760000228881836,100,0,0.0
2002-03-27,7.139999866485596,7.139999866485596,4.760000228881836,4.760000228881836,600,0,0.0
2002-03-28,7.139999866485596,7.139999866485596,7.139999866485596,7.139999866485596,0,0,0.0
2002-04-01,9.520000457763672,9.520000457763672,9.520000457763672,9.520000457763672,0,0,0.0
2002-04-02,9.520000457763672,9.520000457763672,9.520000457763672,9.520000457763672,0,0,0.0
2002-04-03,9.520000457763672,9.520000457763672,9.520000457763672,9.520000457763672,0,0,0.0
2002-04-04,9.520000457763672,9.520000457763672,9.520000457763672,9.520000457763672,0,0,0.0
2002-04-05,9.520000457763672,9.520000457763672,9.520000457763672,9.520000457763672,0,0,0.0
2002-04-08,9.520000457763672,9.520000457763672,9.520000457763672,9.520000457763672,0,0,0.0
2002-04-09,9.520000457763672,9.520000457763672,9.520000457763672,9.520000457763672,0,0,0.0
2002-04-10,9.520000457763672,9.520000457763672,9.520000457763672,9.520000457763672,0,0,0.0
2002-04-11,9.520000457763672,9.520000457763672,9.520000457763672,9.520000457763672,0,0,0.0
2002-04-12,9.520000457763672,9.520000457763672,9.520000457763672,9.520000457763672,0,0,0.0
2002-04-15,9.520000457763672,9.520000457763672,9.520000457763672,9.520000457763672,0,0,0.0
2002-04-16,9.520000457763672,9.520000457763672,9.520000457763672,9.520000457763672,0,0,0.0
2002-04-17,9.520000457763672,9.520000457763672,9.520000457763672,9.520000457763672,0,0,0.0
2002-04-18,9.520000457763672,9.520000457763672,9.520000457763672,9.520000457763672,0,0,0.0
2002-04-19,9.520000457763672,9.520000457763672,7.139999866485596,7.139999866485596,100,0,0.0
2002-04-22,7.139999866485596,7.139999866485596,7.139999866485596,7.139999866485596,0,0,0.0
2002-04-23,7.139999866485596,7.139999866485596,7.139999866485596,7.139999866485596,0,0,0.0
2002-04-24,7.139999866485596,7.139999866485596,7.139999866485596,7.139999866485596,0,0,0.0
2002-04-25,9.520000457763672,9.520000457763672,9.520000457763672,9.520000457763672,0,0,0.0
2002-04-26,9.520000457763672,9.520000457763672,9.520000457763672,9.520000457763672,0,0,0.0
2002-04-29,9.520000457763672,9.520000457763672,9.520000457763672,9.520000457763672,0,0,0.0
2002-04-30,9.520000457763672,9.520000457763672,7.139999866485596,7.139999866485596,100,0,0.0
2002-05-01,7.139999866485596,7.139999866485596,7.139999866485596,7.139999866485596,0,0,0.0
2002-05-02,7.139999866485596,7.139999866485596,7.139999866485596,7.139999866485596,0,0,0.0
2002-05-03,7.139999866485596,7.139999866485596,7.139999866485596,7.139999866485596,0,0,0.0
2002-05-06,7.139999866485596,7.139999866485596,7.139999866485596,7.139999866485596,0,0,0.0
2002-05-07,7.139999866485596,7.139999866485596,7.139999866485596,7.139999866485596,0,0,0.0
2002-05-08,7.139999866485596,7.139999866485596,7.139999866485596,7.139999866485596,0,0,0.0
2002-05-09,7.139999866485596,7.139999866485596,7.139999866485596,7.139999866485596,0,0,0.0
2002-05-10,7.139999866485596,7.139999866485596,7.139999866485596,7.139999866485596,0,0,0.0
2002-05-13,7.139999866485596,7.139999866485596,7.139999866485596,7.139999866485596,0,0,0.0
2002-05-14,7.139999866485596,7.139999866485596,7.139999866485596,7.139999866485596,0,0,0.0
2002-05-15,7.139999866485596,7.139999866485596,7.139999866485596,7.139999866485596,0,0,0.0
2002-05-16,7.139999866485596,7.139999866485596,7.139999866485596,7.139999866485596,0,0,0.0
2002-05-17,7.139999866485596,7.139999866485596,7.139999866485596,7.139999866485596,0,0,0.0
2002-05-20,7.139999866485596,7.139999866485596,7.139999866485596,7.139999866485596,0,0,0.0
2002-05-21,7.139999866485596,7.139999866485596,7.139999866485596,7.139999866485596,0,0,0.0
2002-05-22,7.139999866485596,7.139999866485596,7.139999866485596,7.139999866485596,0,0,0.0
2002-05-23,7.139999866485596,7.139999866485596,7.139999866485596,7.139999866485596,0,0,0.0
2002-05-24,7.139999866485596,7.139999866485596,7.139999866485596,7.139999866485596,0,0,0.0
2002-05-28,7.139999866485596,7.139999866485596,7.139999866485596,7.139999866485596,0,0,0.0
2002-05-29,7.139999866485596,7.139999866485596,7.139999866485596,7.139999866485596,0,0,0.0
2002-05-30,7.139999866485596,7.139999866485596,7.139999866485596,7.139999866485596,0,0,0.0
2002-05-31,7.139999866485596,7.139999866485596,7.139999866485596,7.139999866485596,0,0,0.0
2002-06-03,7.139999866485596,7.139999866485596,7.139999866485596,7.139999866485596,0,0,0.0
2002-06-04,7.139999866485596,7.139999866485596,7.139999866485596,7.139999866485596,0,0,0.0
2002-06-05,9.520000457763672,9.520000457763672,9.520000457763672,9.520000457763672,0,0,0.0
2002-06-06,9.520000457763672,9.520000457763672,9.520000457763672,9.520000457763672,0,0,0.0
2002-06-07,9.520000457763672,9.520000457763672,9.520000457763672,9.520000457763672,0,0,0.0
2002-06-10,9.520000457763672,9.520000457763672,9.520000457763672,9.520000457763672,0,0,0.0
2002-06-11,9.520000457763672,9.520000457763672,9.520000457763672,9.520000457763672,0,0,0.0
2002-06-12,9.520000457763672,9.520000457763672,9.520000457763672,9.520000457763672,0,0,0.0
2002-06-13,9.520000457763672,9.520000457763672,9.520000457763672,9.520000457763672,0,0,0.0
2002-06-14,9.520000457763672,9.520000457763672,9.520000457763672,9.520000457763672,0,0,0.0
2002-06-17,9.520000457763672,9.520000457763672,9.520000457763672,9.520000457763672,0,0,0.0
2002-06-18,9.520000457763672,9.520000457763672,9.520000457763672,9.520000457763672,0,0,0.0
2002-06-19,9.520000457763672,9.520000457763672,9.520000457763672,9.520000457763672,0,0,0.0
2002-06-20,9.520000457763672,9.520000457763672,9.520000457763672,9.520000457763672,0,0,0.0
2002-06-21,4.760000228881836,4.760000228881836,4.760000228881836,4.760000228881836,200,0,0.0
2002-06-24,4.760000228881836,4.760000228881836,4.760000228881836,4.760000228881836,0,0,0.0
2002-06-25,9.520000457763672,14.279999732971191,7.139999866485596,14.279999732971191,400,0,0.0
2002-06-26,14.279999732971191,14.279999732971191,14.279999732971191,14.279999732971191,0,0,0.0
2002-06-27,14.279999732971191,14.279999732971191,14.279999732971191,14.279999732971191,0,0,0.0
2002-06-28,14.279999732971191,14.279999732971191,14.279999732971191,14.279999732971191,0,0,0.0
2002-07-01,14.279999732971191,14.279999732971191,14.279999732971191,14.279999732971191,0,0,0.0
2002-07-02,14.279999732971191,14.279999732971191,7.139999866485596,7.139999866485596,600,0,0.0
2002-07-03,7.139999866485596,7.139999866485596,7.139999866485596,7.139999866485596,0,0,0.0
2002-07-05,7.139999866485596,7.139999866485596,7.139999866485596,7.139999866485596,0,0,0.0
2002-07-08,7.139999866485596,7.139999866485596,7.139999866485596,7.139999866485596,0,0,0.0
2002-07-09,7.139999866485596,7.139999866485596,7.139999866485596,7.139999866485596,0,0,0.0
2002-07-10,7.139999866485596,7.139999866485596,7.139999866485596,7.139999866485596,0,0,0.0
2002-07-11,7.139999866485596,7.139999866485596,7.139999866485596,7.139999866485596,0,0,0.0
2002-07-12,7.139999866485596,7.139999866485596,7.139999866485596,7.139999866485596,0,0,0.0
2002-07-15,7.139999866485596,7.139999866485596,7.139999866485596,7.139999866485596,0,0,0.0
2002-07-16,7.139999866485596,7.139999866485596,7.139999866485596,7.139999866485596,0,0,0.0
2002-07-17,7.139999866485596,7.139999866485596,7.139999866485596,7.139999866485596,0,0,0.0
2002-07-18,7.139999866485596,7.139999866485596,7.139999866485596,7.139999866485596,0,0,0.0
2002-07-19,7.139999866485596,7.139999866485596,7.139999866485596,7.139999866485596,0,0,0.0
2002-07-22,7.139999866485596,7.139999866485596,7.139999866485596,7.139999866485596,0,0,0.0
2002-07-23,7.139999866485596,7.139999866485596,7.139999866485596,7.139999866485596,0,0,0.0
2002-07-24,7.139999866485596,7.139999866485596,7.139999866485596,7.139999866485596,0,0,0.0
2002-07-25,7.139999866485596,7.139999866485596,7.139999866485596,7.139999866485596,0,0,0.0
2002-07-26,7.139999866485596,7.139999866485596,7.139999866485596,7.139999866485596,0,0,0.0
2002-07-29,7.139999866485596,7.139999866485596,7.139999866485596,7.139999866485596,0,0,0.0
2002-07-30,7.139999866485596,7.139999866485596,7.139999866485596,7.139999866485596,0,0,0.0
2002-07-31,7.139999866485596,7.139999866485596,7.139999866485596,7.139999866485596,0,0,0.0
2002-08-01,7.139999866485596,7.139999866485596,7.139999866485596,7.139999866485596,0,0,0.0
2002-08-02,7.139999866485596,7.139999866485596,7.139999866485596,7.139999866485596,0,0,0.0
2002-08-05,7.139999866485596,7.139999866485596,7.139999866485596,7.139999866485596,0,0,0.0
2002-08-06,7.139999866485596,7.139999866485596,7.139999866485596,7.139999866485596,0,0,0.0
2002-08-07,7.139999866485596,7.139999866485596,7.139999866485596,7.139999866485596,0,0,0.0
2002-08-08,7.139999866485596,7.139999866485596,7.139999866485596,7.139999866485596,0,0,0.0
2002-08-09,7.139999866485596,7.139999866485596,7.139999866485596,7.139999866485596,0,0,0.0
2002-08-12,7.139999866485596,7.139999866485596,7.139999866485596,7.139999866485596,0,0,0.0
2002-08-13,7.139999866485596,7.139999866485596,7.139999866485596,7.139999866485596,0,0,0.0
2002-08-14,7.139999866485596,7.139999866485596,7.139999866485596,7.139999866485596,0,0,0.0
2002-08-15,7.139999866485596,7.139999866485596,7.139999866485596,7.139999866485596,0,0,0.0
2002-08-16,7.139999866485596,7.139999866485596,7.139999866485596,7.139999866485596,0,0,0.0
2002-08-19,7.139999866485596,7.139999866485596,7.139999866485596,7.139999866485596,0,0,0.0
2002-08-20,7.139999866485596,7.139999866485596,7.139999866485596,7.139999866485596,0,0,0.0
2002-08-21,7.139999866485596,7.139999866485596,7.139999866485596,7.139999866485596,0,0,0.0
2002-08-22,7.139999866485596,7.139999866485596,7.139999866485596,7.139999866485596,0,0,0.0
2002-08-23,7.139999866485596,7.139999866485596,7.139999866485596,7.139999866485596,0,0,0.0
2002-08-26,7.139999866485596,7.139999866485596,7.139999866485596,7.139999866485596,0,0,0.0
2002-08-27,7.139999866485596,7.139999866485596,7.139999866485596,7.139999866485596,0,0,0.0
2002-08-28,7.139999866485596,7.139999866485596,7.139999866485596,7.139999866485596,0,0,0.0
2002-08-29,7.139999866485596,7.139999866485596,7.139999866485596,7.139999866485596,0,0,0.0
2002-08-30,7.139999866485596,7.139999866485596,7.139999866485596,7.139999866485596,0,0,0.0
2002-09-03,7.139999866485596,7.139999866485596,7.139999866485596,7.139999866485596,0,0,0.0
2002-09-04,7.139999866485596,7.139999866485596,7.139999866485596,7.139999866485596,0,0,0.0
2002-09-05,7.139999866485596,7.139999866485596,7.139999866485596,7.139999866485596,0,0,0.0
2002-09-06,7.139999866485596,7.139999866485596,7.139999866485596,7.139999866485596,0,0,0.0
2002-09-09,7.139999866485596,7.139999866485596,7.139999866485596,7.139999866485596,0,0,0.0
2002-09-10,7.139999866485596,7.139999866485596,7.139999866485596,7.139999866485596,0,0,0.0
2002-09-11,7.139999866485596,7.139999866485596,7.139999866485596,7.139999866485596,0,0,0.0
2002-09-12,7.139999866485596,7.139999866485596,7.139999866485596,7.139999866485596,0,0,0.0
2002-09-13,7.139999866485596,7.139999866485596,7.139999866485596,7.139999866485596,0,0,0.0
2002-09-16,7.139999866485596,7.139999866485596,7.139999866485596,7.139999866485596,0,0,0.0
2002-09-17,7.139999866485596,7.139999866485596,7.139999866485596,7.139999866485596,0,0,0.0
2002-09-18,7.139999866485596,7.139999866485596,7.139999866485596,7.139999866485596,0,0,0.0
2002-09-19,7.139999866485596,7.139999866485596,7.139999866485596,7.139999866485596,0,0,0.0
2002-09-20,7.139999866485596,7.139999866485596,7.139999866485596,7.139999866485596,0,0,0.0
2002-09-23,3.808000087738037,3.808000087738037,3.808000087738037,3.808000087738037,200,0,0.0
2002-09-24,10.472000122070312,10.472000122070312,10.472000122070312,10.472000122070312,200,0,0.0
2002-09-25,10.472000122070312,10.472000122070312,10.472000122070312,10.472000122070312,0,0,0.0
2002-09-26,10.472000122070312,10.472000122070312,10.472000122070312,10.472000122070312,0,0,0.0
2002-09-27,10.472000122070312,10.472000122070312,10.472000122070312,10.472000122070312,0,0,0.0
2002-09-30,10.472000122070312,10.472000122070312,10.472000122070312,10.472000122070312,0,0,0.0
2002-10-01,10.472000122070312,10.472000122070312,10.472000122070312,10.472000122070312,0,0,0.0
2002-10-02,10.472000122070312,10.472000122070312,10.472000122070312,10.472000122070312,0,0,0.0
2002-10-03,10.472000122070312,10.472000122070312,10.472000122070312,10.472000122070312,0,0,0.0
2002-10-04,10.472000122070312,10.472000122070312,10.472000122070312,10.472000122070312,0,0,0.0
2002-10-07,10.472000122070312,10.472000122070312,10.472000122070312,10.472000122070312,0,0,0.0
2002-10-08,10.472000122070312,10.472000122070312,10.472000122070312,10.472000122070312,0,0,0.0
2002-10-09,10.472000122070312,10.472000122070312,10.472000122070312,10.472000122070312,0,0,0.0
2002-10-10,10.472000122070312,10.472000122070312,10.472000122070312,10.472000122070312,0,0,0.0
2002-10-11,10.472000122070312,10.472000122070312,10.472000122070312,10.472000122070312,0,0,0.0
2002-10-14,4.760000228881836,4.760000228881836,4.760000228881836,4.760000228881836,0,0,0.0
2002-10-15,4.760000228881836,4.760000228881836,4.760000228881836,4.760000228881836,0,0,0.0
2002-10-16,4.760000228881836,4.760000228881836,4.760000228881836,4.760000228881836,0,0,0.0
2002-10-17,4.760000228881836,4.760000228881836,4.760000228881836,4.760000228881836,0,0,0.0
2002-10-18,4.760000228881836,4.760000228881836,4.760000228881836,4.760000228881836,0,0,0.0
2002-10-21,4.760000228881836,4.760000228881836,4.760000228881836,4.760000228881836,0,0,0.0
2002-10-22,4.760000228881836,4.760000228881836,4.760000228881836,4.760000228881836,0,0,0.0
2002-10-23,4.760000228881836,4.760000228881836,4.760000228881836,4.760000228881836,0,0,0.0
2002-10-24,4.760000228881836,4.760000228881836,4.760000228881836,4.760000228881836,0,0,0.0
2002-10-25,4.760000228881836,4.760000228881836,4.760000228881836,4.760000228881836,0,0,0.0
2002-10-28,4.760000228881836,4.760000228881836,4.760000228881836,4.760000228881836,0,0,0.0
2002-10-29,4.760000228881836,4.760000228881836,4.760000228881836,4.760000228881836,0,0,0.0
2002-10-30,4.760000228881836,4.760000228881836,4.760000228881836,4.760000228881836,0,0,0.0
2002-10-31,4.760000228881836,4.760000228881836,4.760000228881836,4.760000228881836,0,0,0.0
2002-11-01,4.760000228881836,4.760000228881836,4.760000228881836,4.760000228881836,0,0,0.0
2002-11-04,4.760000228881836,4.760000228881836,4.760000228881836,4.760000228881836,0,0,0.0
2002-11-05,4.760000228881836,4.760000228881836,4.760000228881836,4.760000228881836,0,0,0.0
2002-11-06,4.760000228881836,4.760000228881836,4.760000228881836,4.760000228881836,0,0,0.0
2002-11-07,4.760000228881836,4.760000228881836,4.760000228881836,4.760000228881836,0,0,0.0
2002-11-08,4.760000228881836,4.760000228881836,4.760000228881836,4.760000228881836,0,0,0.0
2002-11-11,4.760000228881836,4.760000228881836,4.760000228881836,4.760000228881836,0,0,0.0
2002-11-12,4.760000228881836,4.760000228881836,4.760000228881836,4.760000228881836,0,0,0.0
2002-11-13,4.760000228881836,4.760000228881836,4.760000228881836,4.760000228881836,0,0,0.0
2002-11-14,4.760000228881836,4.760000228881836,4.760000228881836,4.760000228881836,0,0,0.0
2002-11-15,4.760000228881836,4.760000228881836,4.760000228881836,4.760000228881836,0,0,0.0
2002-11-18,4.760000228881836,4.760000228881836,4.760000228881836,4.760000228881836,0,0,0.0
2002-11-19,4.760000228881836,4.760000228881836,4.760000228881836,4.760000228881836,0,0,0.0
2002-11-20,4.760000228881836,4.760000228881836,4.760000228881836,4.760000228881836,0,0,0.0
2002-11-21,4.760000228881836,4.760000228881836,4.760000228881836,4.760000228881836,0,0,0.0
2002-11-22,4.760000228881836,4.760000228881836,4.760000228881836,4.760000228881836,0,0,0.0
2002-11-25,4.760000228881836,4.760000228881836,4.760000228881836,4.760000228881836,0,0,0.0
2002-11-26,4.760000228881836,4.760000228881836,4.760000228881836,4.760000228881836,0,0,0.0
2002-11-27,4.760000228881836,4.760000228881836,4.760000228881836,4.760000228881836,0,0,0.0
2002-11-29,4.760000228881836,4.760000228881836,4.760000228881836,4.760000228881836,0,0,0.0
2002-12-02,4.760000228881836,4.760000228881836,4.760000228881836,4.760000228881836,0,0,0.0
2002-12-03,4.760000228881836,4.760000228881836,4.760000228881836,4.760000228881836,0,0,0.0
2002-12-04,4.760000228881836,4.760000228881836,4.760000228881836,4.760000228881836,0,0,0.0
2002-12-05,4.760000228881836,4.760000228881836,4.760000228881836,4.760000228881836,0,0,0.0
2002-12-06,4.760000228881836,4.760000228881836,4.760000228881836,4.760000228881836,0,0,0.0
2002-12-09,4.760000228881836,4.760000228881836,4.760000228881836,4.760000228881836,0,0,0.0
2002-12-10,4.760000228881836,4.760000228881836,4.760000228881836,4.760000228881836,0,0,0.0
2002-12-11,4.760000228881836,4.760000228881836,4.760000228881836,4.760000228881836,0,0,0.0
2002-12-12,4.760000228881836,4.760000228881836,4.760000228881836,4.760000228881836,0,0,0.0
2002-12-13,4.760000228881836,4.760000228881836,4.760000228881836,4.760000228881836,0,0,0.0
2002-12-16,4.760000228881836,4.760000228881836,4.760000228881836,4.760000228881836,0,0,0.0
2002-12-17,4.760000228881836,4.760000228881836,4.760000228881836,4.760000228881836,0,0,0.0
2002-12-18,4.760000228881836,4.760000228881836,4.760000228881836,4.760000228881836,0,0,0.0
2002-12-19,4.760000228881836,4.760000228881836,4.760000228881836,4.760000228881836,0,0,0.0
2002-12-20,4.760000228881836,4.760000228881836,4.760000228881836,4.760000228881836,0,0,0.0
2002-12-23,4.760000228881836,4.760000228881836,4.760000228881836,4.760000228881836,0,0,0.0
2002-12-24,4.760000228881836,4.760000228881836,4.760000228881836,4.760000228881836,0,0,0.0
2002-12-26,4.760000228881836,4.760000228881836,4.760000228881836,4.760000228881836,0,0,0.0
2002-12-27,4.760000228881836,4.760000228881836,4.760000228881836,4.760000228881836,0,0,0.0
2002-12-30,4.760000228881836,4.760000228881836,4.760000228881836,4.760000228881836,0,0,0.0
2002-12-31,4.760000228881836,4.760000228881836,4.760000228881836,4.760000228881836,0,0,0.0
2003-01-02,4.760000228881836,4.760000228881836,4.760000228881836,4.760000228881836,0,0,0.0
2003-01-03,4.760000228881836,4.760000228881836,4.760000228881836,4.760000228881836,0,0,0.0
2003-01-06,4.760000228881836,4.760000228881836,4.760000228881836,4.760000228881836,0,0,0.0
2003-01-07,4.760000228881836,4.760000228881836,4.760000228881836,4.760000228881836,0,0,0.0
2003-01-08,4.760000228881836,4.760000228881836,4.760000228881836,4.760000228881836,0,0,0.0
2003-01-09,4.760000228881836,4.760000228881836,4.760000228881836,4.760000228881836,0,0,0.0
2003-01-10,4.760000228881836,4.760000228881836,4.760000228881836,4.760000228881836,0,0,0.0
2003-01-13,4.760000228881836,4.760000228881836,4.760000228881836,4.760000228881836,0,0,0.0
2003-01-14,4.760000228881836,4.760000228881836,4.760000228881836,4.760000228881836,0,0,0.0
2003-01-15,4.760000228881836,4.760000228881836,4.760000228881836,4.760000228881836,0,0,0.0
2003-01-16,4.760000228881836,4.760000228881836,4.760000228881836,4.760000228881836,0,0,0.0
2003-01-17,4.760000228881836,4.760000228881836,4.760000228881836,4.760000228881836,0,0,0.0
2003-01-21,4.760000228881836,4.760000228881836,4.760000228881836,4.760000228881836,0,0,0.0
2003-01-22,4.760000228881836,4.760000228881836,4.760000228881836,4.760000228881836,0,0,0.0
2003-01-23,4.760000228881836,4.760000228881836,4.760000228881836,4.760000228881836,0,0,0.0
2003-01-24,4.760000228881836,4.760000228881836,4.760000228881836,4.760000228881836,0,0,0.0
2003-01-27,3.3320000171661377,3.3320000171661377,3.3320000171661377,3.3320000171661377,0,0,0.0
2003-01-28,3.3320000171661377,3.3320000171661377,3.3320000171661377,3.3320000171661377,0,0,0.0
2003-01-29,3.3320000171661377,3.3320000171661377,3.3320000171661377,3.3320000171661377,0,0,0.0
2003-01-30,3.3320000171661377,3.3320000171661377,3.3320000171661377,3.3320000171661377,0,0,0.0
2003-01-31,3.3320000171661377,3.3320000171661377,3.3320000171661377,3.3320000171661377,0,0,0.0
2003-02-03,3.3320000171661377,3.3320000171661377,3.3320000171661377,3.3320000171661377,0,0,0.0
2003-02-04,3.3320000171661377,3.3320000171661377,3.3320000171661377,3.3320000171661377,0,0,0.0
2003-02-05,3.3320000171661377,3.3320000171661377,3.3320000171661377,3.3320000171661377,0,0,0.0
2003-02-06,3.3320000171661377,3.3320000171661377,3.3320000171661377,3.3320000171661377,0,0,0.0
2003-02-07,3.3320000171661377,3.3320000171661377,3.3320000171661377,3.3320000171661377,0,0,0.0
2003-02-10,3.3320000171661377,3.3320000171661377,3.3320000171661377,3.3320000171661377,0,0,0.0
2003-02-11,3.3320000171661377,3.3320000171661377,3.3320000171661377,3.3320000171661377,0,0,0.0
2003-02-12,3.3320000171661377,3.3320000171661377,3.3320000171661377,3.3320000171661377,0,0,0.0
2003-02-13,3.3320000171661377,3.3320000171661377,3.3320000171661377,3.3320000171661377,0,0,0.0
2003-02-14,3.3320000171661377,3.3320000171661377,3.3320000171661377,3.3320000171661377,0,0,0.0
2003-02-18,3.3320000171661377,3.3320000171661377,3.3320000171661377,3.3320000171661377,0,0,0.0
2003-02-19,3.3320000171661377,3.3320000171661377,3.3320000171661377,3.3320000171661377,0,0,0.0
2003-02-20,3.3320000171661377,3.3320000171661377,0.47600001096725464,0.47600001096725464,0,0,0.0
2003-02-21,0.47600001096725464,2.380000114440918,0.47600001096725464,2.380000114440918,0,0,0.0
2003-02-24,2.380000114440918,2.380000114440918,2.380000114440918,2.380000114440918,0,0,0.0
2003-02-25,2.380000114440918,2.380000114440918,2.380000114440918,2.380000114440918,0,0,0.0
2003-02-26,2.380000114440918,2.380000114440918,2.380000114440918,2.380000114440918,0,0,0.0
2003-02-27,2.380000114440918,2.380000114440918,2.380000114440918,2.380000114440918,0,0,0.0
2003-02-28,2.380000114440918,2.380000114440918,2.380000114440918,2.380000114440918,0,0,0.0
2003-03-03,2.380000114440918,2.380000114440918,2.380000114440918,2.380000114440918,0,0,0.0
2003-03-04,2.380000114440918,2.380000114440918,2.380000114440918,2.380000114440918,0,0,0.0
2003-03-05,2.380000114440918,2.380000114440918,2.380000114440918,2.380000114440918,0,0,0.0
2003-03-06,2.380000114440918,2.380000114440918,2.380000114440918,2.380000114440918,0,0,0.0
2003-03-07,2.380000114440918,2.380000114440918,2.380000114440918,2.380000114440918,0,0,0.0
2003-03-10,2.380000114440918,2.380000114440918,2.380000114440918,2.380000114440918,0,0,0.0
2003-03-11,2.380000114440918,2.380000114440918,2.380000114440918,2.380000114440918,0,0,0.0
2003-03-12,2.380000114440918,2.380000114440918,2.380000114440918,2.380000114440918,0,0,0.0
2003-03-13,2.380000114440918,2.380000114440918,2.380000114440918,2.380000114440918,0,0,0.0
2003-03-14,2.380000114440918,2.380000114440918,2.380000114440918,2.380000114440918,0,0,0.0
2003-03-17,2.380000114440918,2.380000114440918,2.380000114440918,2.380000114440918,0,0,0.0
2003-03-18,2.380000114440918,2.380000114440918,2.380000114440918,2.380000114440918,0,0,0.0
2003-03-19,2.380000114440918,2.380000114440918,2.380000114440918,2.380000114440918,0,0,0.0
2003-03-20,2.380000114440918,2.380000114440918,2.380000114440918,2.380000114440918,0,0,0.0
2003-03-21,2.380000114440918,2.380000114440918,2.380000114440918,2.380000114440918,0,0,0.0
2003-03-24,2.380000114440918,2.380000114440918,2.380000114440918,2.380000114440918,0,0,0.0
2003-03-25,2.380000114440918,2.380000114440918,2.380000114440918,2.380000114440918,0,0,0.0
2003-03-26,2.380000114440918,2.380000114440918,2.380000114440918,2.380000114440918,0,0,0.0
2003-03-27,2.380000114440918,2.380000114440918,2.380000114440918,2.380000114440918,0,0,0.0
2003-03-28,2.380000114440918,2.380000114440918,2.380000114440918,2.380000114440918,0,0,0.0
2003-03-31,2.380000114440918,2.380000114440918,2.380000114440918,2.380000114440918,0,0,0.0
2003-04-01,2.380000114440918,2.380000114440918,2.380000114440918,2.380000114440918,0,0,0.0
2003-04-02,2.380000114440918,2.380000114440918,2.380000114440918,2.380000114440918,0,0,0.0
2003-04-03,2.380000114440918,2.380000114440918,2.380000114440918,2.380000114440918,0,0,0.0
2003-04-04,2.380000114440918,2.380000114440918,2.380000114440918,2.380000114440918,0,0,0.0
2003-04-07,2.380000114440918,2.380000114440918,2.380000114440918,2.380000114440918,0,0,0.0
2003-04-08,2.380000114440918,2.380000114440918,2.380000114440918,2.380000114440918,0,0,0.0
2003-04-09,2.380000114440918,2.380000114440918,2.380000114440918,2.380000114440918,0,0,0.0
2003-04-10,4.760000228881836,4.760000228881836,4.283999919891357,4.283999919891357,400,0,0.0
2003-04-11,4.283999919891357,4.283999919891357,4.283999919891357,4.283999919891357,0,0,0.0
2003-04-14,4.283999919891357,4.283999919891357,4.283999919891357,4.283999919891357,0,0,0.0
2003-04-15,4.283999919891357,4.283999919891357,4.283999919891357,4.283999919891357,0,0,0.0
2003-04-16,4.283999919891357,4.283999919891357,4.283999919891357,4.283999919891357,0,0,0.0
2003-04-17,4.283999919891357,4.283999919891357,4.283999919891357,4.283999919891357,0,0,0.0
2003-04-21,4.283999919891357,4.283999919891357,4.283999919891357,4.283999919891357,0,0,0.0
2003-04-22,4.283999919891357,4.283999919891357,4.283999919891357,4.283999919891357,0,0,0.0
2003-04-23,4.283999919891357,4.283999919891357,4.283999919891357,4.283999919891357,0,0,0.0
2003-04-24,4.283999919891357,4.283999919891357,4.283999919891357,4.283999919891357,0,0,0.0
2003-04-25,4.283999919891357,4.283999919891357,4.283999919891357,4.283999919891357,0,0,0.0
2003-04-28,4.283999919891357,4.283999919891357,4.283999919891357,4.283999919891357,0,0,0.0
2003-04-29,4.760000228881836,4.760000228881836,4.760000228881836,4.760000228881836,0,0,0.0
2003-04-30,0.47600001096725464,0.47600001096725464,0.47600001096725464,0.47600001096725464,0,0,0.0
2003-05-01,0.47600001096725464,0.47600001096725464,0.47600001096725464,0.47600001096725464,0,0,0.0
2003-05-02,0.47600001096725464,0.47600001096725464,0.47600001096725464,0.47600001096725464,0,0,0.0
2003-05-05,0.47600001096725464,0.47600001096725464,0.47600001096725464,0.47600001096725464,0,0,0.0
2003-05-06,0.47600001096725464,0.47600001096725464,0.47600001096725464,0.47600001096725464,0,0,0.0
2003-05-07,0.47600001096725464,0.47600001096725464,0.47600001096725464,0.47600001096725464,0,0,0.0
2003-05-08,0.47600001096725464,0.47600001096725464,0.47600001096725464,0.47600001096725464,0,0,0.0
2003-05-09,0.47600001096725464,0.47600001096725464,0.47600001096725464,0.47600001096725464,0,0,0.0
2003-05-12,0.47600001096725464,0.47600001096725464,0.47600001096725464,0.47600001096725464,0,0,0.0
2003-05-13,0.47600001096725464,0.47600001096725464,0.47600001096725464,0.47600001096725464,0,0,0.0
2003-05-14,7.139999866485596,7.139999866485596,4.760000228881836,4.760000228881836,0,0,0.0
2003-05-15,4.760000228881836,4.760000228881836,4.760000228881836,4.760000228881836,0,0,0.0
2003-05-16,2.380000114440918,2.380000114440918,2.380000114440918,2.380000114440918,0,0,0.0
2003-05-19,2.380000114440918,2.380000114440918,2.380000114440918,2.380000114440918,0,0,0.0
2003-05-20,2.380000114440918,2.380000114440918,2.380000114440918,2.380000114440918,0,0,0.0
2003-05-21,2.380000114440918,2.380000114440918,2.380000114440918,2.380000114440918,0,0,0.0
2003-05-22,2.380000114440918,2.380000114440918,2.380000114440918,2.380000114440918,0,0,0.0
2003-05-23,2.380000114440918,2.380000114440918,2.380000114440918,2.380000114440918,0,0,0.0
2003-05-27,2.380000114440918,2.380000114440918,2.380000114440918,2.380000114440918,0,0,0.0
2003-05-28,2.380000114440918,2.380000114440918,2.380000114440918,2.380000114440918,0,0,0.0
2003-05-29,2.380000114440918,2.380000114440918,2.380000114440918,2.380000114440918,0,0,0.0
2003-05-30,2.380000114440918,2.380000114440918,2.380000114440918,2.380000114440918,0,0,0.0
2003-06-02,2.380000114440918,2.380000114440918,2.380000114440918,2.380000114440918,0,0,0.0
2003-06-03,2.380000114440918,2.380000114440918,2.380000114440918,2.380000114440918,0,0,0.0
2003-06-04,2.380000114440918,2.380000114440918,2.380000114440918,2.380000114440918,0,0,0.0
2003-06-05,2.380000114440918,2.380000114440918,2.380000114440918,2.380000114440918,0,0,0.0
2003-06-06,2.380000114440918,2.380000114440918,2.380000114440918,2.380000114440918,0,0,0.0
2003-06-09,2.380000114440918,2.380000114440918,2.380000114440918,2.380000114440918,0,0,0.0
2003-06-10,2.380000114440918,2.380000114440918,2.380000114440918,2.380000114440918,0,0,0.0
2003-06-11,2.380000114440918,2.380000114440918,2.380000114440918,2.380000114440918,0,0,0.0
2003-06-12,2.380000114440918,2.380000114440918,2.380000114440918,2.380000114440918,0,0,0.0
2003-06-13,2.380000114440918,2.380000114440918,2.380000114440918,2.380000114440918,0,0,0.0
2003-06-16,2.380000114440918,2.380000114440918,2.380000114440918,2.380000114440918,0,0,0.0
2003-06-17,2.380000114440918,2.380000114440918,2.380000114440918,2.380000114440918,0,0,0.0
2003-06-18,2.380000114440918,2.380000114440918,2.380000114440918,2.380000114440918,0,0,0.0
2003-06-19,2.380000114440918,2.380000114440918,2.380000114440918,2.380000114440918,0,0,0.0
2003-06-20,2.380000114440918,2.380000114440918,2.380000114440918,2.380000114440918,0,0,0.0
2003-06-23,2.380000114440918,2.380000114440918,2.380000114440918,2.380000114440918,0,0,0.0
2003-06-24,2.380000114440918,2.380000114440918,2.380000114440918,2.380000114440918,0,0,0.0
2003-06-25,2.380000114440918,2.380000114440918,2.380000114440918,2.380000114440918,0,0,0.0
2003-06-26,2.380000114440918,2.380000114440918,2.380000114440918,2.380000114440918,0,0,0.0
2003-06-27,2.380000114440918,2.380000114440918,2.380000114440918,2.380000114440918,0,0,0.0
2003-06-30,2.380000114440918,2.380000114440918,2.380000114440918,2.380000114440918,0,0,0.0
2003-07-01,2.380000114440918,2.380000114440918,2.380000114440918,2.380000114440918,0,0,0.0
2003-07-02,2.380000114440918,2.380000114440918,2.380000114440918,2.380000114440918,0,0,0.0
2003-07-03,2.380000114440918,2.380000114440918,2.380000114440918,2.380000114440918,0,0,0.0
2003-07-07,2.380000114440918,2.380000114440918,2.380000114440918,2.380000114440918,0,0,0.0
2003-07-08,2.380000114440918,2.380000114440918,2.380000114440918,2.380000114440918,0,0,0.0
2003-07-09,2.380000114440918,2.380000114440918,2.380000114440918,2.380000114440918,0,0,0.0
2003-07-10,2.380000114440918,2.380000114440918,2.380000114440918,2.380000114440918,0,0,0.0
2003-07-11,2.380000114440918,2.380000114440918,2.380000114440918,2.380000114440918,0,0,0.0
2003-07-14,2.380000114440918,2.380000114440918,2.380000114440918,2.380000114440918,0,0,0.0
2003-07-15,2.380000114440918,2.380000114440918,2.380000114440918,2.380000114440918,0,0,0.0
2003-07-16,2.380000114440918,2.380000114440918,2.380000114440918,2.380000114440918,0,0,0.0
2003-07-17,2.380000114440918,2.380000114440918,2.380000114440918,2.380000114440918,0,0,0.0
2003-07-18,2.380000114440918,2.380000114440918,2.380000114440918,2.380000114440918,0,0,0.0
2003-07-21,2.380000114440918,2.380000114440918,2.380000114440918,2.380000114440918,0,0,0.0
2003-07-22,2.380000114440918,2.380000114440918,2.380000114440918,2.380000114440918,0,0,0.0
2003-07-23,4.760000228881836,4.760000228881836,4.760000228881836,4.760000228881836,0,0,0.0
2003-07-24,4.760000228881836,4.760000228881836,4.760000228881836,4.760000228881836,0,0,0.0
2003-07-25,4.760000228881836,4.760000228881836,4.760000228881836,4.760000228881836,0,0,0.0
2003-07-28,4.760000228881836,4.760000228881836,4.760000228881836,4.760000228881836,0,0,0.0
2003-07-29,4.760000228881836,4.760000228881836,4.760000228881836,4.760000228881836,0,0,0.0
2003-07-30,4.760000228881836,4.760000228881836,4.760000228881836,4.760000228881836,0,0,0.0
2003-07-31,4.760000228881836,4.760000228881836,4.760000228881836,4.760000228881836,0,0,0.0
2003-08-01,4.760000228881836,4.760000228881836,4.760000228881836,4.760000228881836,0,0,0.0
2003-08-04,4.760000228881836,4.760000228881836,4.760000228881836,4.760000228881836,0,0,0.0
2003-08-05,4.760000228881836,4.760000228881836,4.760000228881836,4.760000228881836,0,0,0.0
2003-08-06,4.760000228881836,4.760000228881836,4.760000228881836,4.760000228881836,0,0,0.0
2003-08-07,4.760000228881836,4.760000228881836,4.760000228881836,4.760000228881836,0,0,0.0
2003-08-08,7.139999866485596,7.139999866485596,4.283999919891357,7.139999866485596,100,0,0.0
2003-08-11,7.139999866485596,7.139999866485596,7.139999866485596,7.139999866485596,0,0,0.0
2003-08-12,7.139999866485596,7.139999866485596,7.139999866485596,7.139999866485596,0,0,0.0
2003-08-13,7.139999866485596,7.139999866485596,7.139999866485596,7.139999866485596,0,0,0.0
2003-08-14,4.760000228881836,4.760000228881836,4.760000228881836,4.760000228881836,0,0,0.0
2003-08-15,4.760000228881836,4.760000228881836,4.760000228881836,4.760000228881836,0,0,0.0
2003-08-18,4.760000228881836,4.760000228881836,4.760000228881836,4.760000228881836,0,0,0.0
2003-08-19,11.899999618530273,11.899999618530273,11.899999618530273,11.899999618530273,0,0,0.0
2003-08-20,11.899999618530273,11.899999618530273,11.899999618530273,11.899999618530273,0,0,0.0
2003-08-21,11.899999618530273,11.899999618530273,11.899999618530273,11.899999618530273,0,0,0.0
2003-08-22,11.899999618530273,11.899999618530273,11.899999618530273,11.899999618530273,0,0,0.0
2003-08-25,11.899999618530273,11.899999618530273,11.899999618530273,11.899999618530273,0,0,0.0
2003-08-26,11.899999618530273,11.899999618530273,11.899999618530273,11.899999618530273,0,0,0.0
2003-08-27,11.899999618530273,11.899999618530273,11.899999618530273,11.899999618530273,0,0,0.0
2003-08-28,11.899999618530273,11.899999618530273,11.899999618530273,11.899999618530273,0,0,0.0
2003-08-29,11.899999618530273,11.899999618530273,11.899999618530273,11.899999618530273,0,0,0.0
2003-09-02,11.899999618530273,11.899999618530273,11.899999618530273,11.899999618530273,0,0,0.0
2003-09-03,11.899999618530273,11.899999618530273,11.899999618530273,11.899999618530273,0,0,0.0
2003-09-04,7.139999866485596,7.139999866485596,4.760000228881836,4.760000228881836,0,0,0.0
2003-09-05,4.760000228881836,4.760000228881836,4.760000228881836,4.760000228881836,0,0,0.0
2003-09-08,4.760000228881836,4.760000228881836,4.760000228881836,4.760000228881836,0,0,0.0
2003-09-09,4.760000228881836,4.760000228881836,4.760000228881836,4.760000228881836,0,0,0.0
2003-09-10,4.760000228881836,4.760000228881836,4.760000228881836,4.760000228881836,0,0,0.0
2003-09-11,4.760000228881836,4.760000228881836,4.760000228881836,4.760000228881836,0,0,0.0
2003-09-12,4.760000228881836,4.760000228881836,4.760000228881836,4.760000228881836,0,0,0.0
2003-09-15,4.760000228881836,4.760000228881836,4.760000228881836,4.760000228881836,0,0,0.0
2003-09-16,4.760000228881836,4.760000228881836,4.760000228881836,4.760000228881836,0,0,0.0
2003-09-17,4.760000228881836,4.760000228881836,4.760000228881836,4.760000228881836,0,0,0.0
2003-09-18,4.760000228881836,4.760000228881836,4.760000228881836,4.760000228881836,0,0,0.0
2003-09-19,4.760000228881836,4.760000228881836,4.760000228881836,4.760000228881836,0,0,0.0
2003-09-22,4.760000228881836,4.760000228881836,4.760000228881836,4.760000228881836,0,0,0.0
2003-09-23,4.760000228881836,4.760000228881836,4.760000228881836,4.760000228881836,0,0,0.0
2003-09-24,4.760000228881836,4.760000228881836,4.760000228881836,4.760000228881836,0,0,0.0
2003-09-25,4.760000228881836,4.760000228881836,4.760000228881836,4.760000228881836,0,0,0.0
2003-09-26,4.760000228881836,4.760000228881836,4.760000228881836,4.760000228881836,0,0,0.0
2003-09-29,4.760000228881836,4.760000228881836,4.760000228881836,4.760000228881836,0,0,0.0
2003-09-30,4.760000228881836,4.760000228881836,4.760000228881836,4.760000228881836,0,0,0.0
2003-10-01,4.760000228881836,4.760000228881836,4.760000228881836,4.760000228881836,0,0,0.0
2003-10-02,4.760000228881836,4.760000228881836,4.760000228881836,4.760000228881836,0,0,0.0
2003-10-03,4.760000228881836,4.760000228881836,4.760000228881836,4.760000228881836,0,0,0.0
2003-10-06,4.760000228881836,4.760000228881836,4.760000228881836,4.760000228881836,0,0,0.0
2003-10-07,4.760000228881836,4.760000228881836,4.760000228881836,4.760000228881836,0,0,0.0
2003-10-08,4.760000228881836,4.760000228881836,4.760000228881836,4.760000228881836,0,0,0.0
2003-10-09,4.760000228881836,4.760000228881836,4.760000228881836,4.760000228881836,0,0,0.0
2003-10-10,4.760000228881836,4.760000228881836,4.760000228881836,4.760000228881836,0,0,0.0
2003-10-13,4.760000228881836,4.760000228881836,4.760000228881836,4.760000228881836,0,0,0.0
2003-10-14,4.760000228881836,4.760000228881836,4.760000228881836,4.760000228881836,0,0,0.0
2003-10-15,4.760000228881836,4.760000228881836,4.760000228881836,4.760000228881836,0,0,0.0
2003-10-16,4.760000228881836,4.760000228881836,4.760000228881836,4.760000228881836,0,0,0.0
2003-10-17,4.760000228881836,4.760000228881836,4.760000228881836,4.760000228881836,0,0,0.0
2003-10-20,4.760000228881836,4.760000228881836,4.760000228881836,4.760000228881836,0,0,0.0
2003-10-21,4.760000228881836,4.760000228881836,4.760000228881836,4.760000228881836,0,0,0.0
2003-10-22,4.760000228881836,4.760000228881836,4.760000228881836,4.760000228881836,0,0,0.0
2003-10-23,4.760000228881836,4.760000228881836,4.760000228881836,4.760000228881836,0,0,0.0
2003-10-24,4.760000228881836,4.760000228881836,4.760000228881836,4.760000228881836,0,0,0.0
2003-10-27,4.760000228881836,4.760000228881836,4.760000228881836,4.760000228881836,0,0,0.0
2003-10-28,4.760000228881836,4.760000228881836,4.760000228881836,4.760000228881836,0,0,0.0
2003-10-29,4.760000228881836,4.760000228881836,4.760000228881836,4.760000228881836,0,0,0.0
2003-10-30,4.760000228881836,4.760000228881836,4.760000228881836,4.760000228881836,0,0,0.0
2003-10-31,7.139999866485596,7.139999866485596,4.760000228881836,4.760000228881836,1100,0,0.0
2003-11-03,4.760000228881836,4.760000228881836,4.760000228881836,4.760000228881836,500,0,0.0
2003-11-04,4.760000228881836,4.760000228881836,4.760000228881836,4.760000228881836,0,0,0.0
2003-11-05,4.760000228881836,4.760000228881836,4.760000228881836,4.760000228881836,0,0,0.0
2003-11-06,4.760000228881836,4.760000228881836,4.760000228881836,4.760000228881836,0,0,0.0
2003-11-07,4.760000228881836,4.760000228881836,4.760000228881836,4.760000228881836,0,0,0.0
2003-11-10,4.760000228881836,4.760000228881836,4.760000228881836,4.760000228881836,0,0,0.0
2003-11-11,4.760000228881836,4.760000228881836,4.760000228881836,4.760000228881836,0,0,0.0
2003-11-12,4.760000228881836,4.760000228881836,4.760000228881836,4.760000228881836,0,0,0.0
2003-11-13,4.760000228881836,4.760000228881836,4.760000228881836,4.760000228881836,0,0,0.0
2003-11-14,4.760000228881836,4.760000228881836,4.760000228881836,4.760000228881836,0,0,0.0
2003-11-17,4.760000228881836,4.760000228881836,4.760000228881836,4.760000228881836,0,0,0.0
2003-11-18,4.760000228881836,4.760000228881836,4.760000228881836,4.760000228881836,0,0,0.0
2003-11-19,4.760000228881836,4.760000228881836,4.760000228881836,4.760000228881836,0,0,0.0
2003-11-20,4.760000228881836,4.760000228881836,4.760000228881836,4.760000228881836,0,0,0.0
2003-11-21,4.760000228881836,4.760000228881836,4.760000228881836,4.760000228881836,0,0,0.0
2003-11-24,4.760000228881836,4.760000228881836,4.760000228881836,4.760000228881836,0,0,0.0
2003-11-25,4.760000228881836,4.760000228881836,4.760000228881836,4.760000228881836,0,0,0.0
2003-11-26,4.760000228881836,4.760000228881836,4.760000228881836,4.760000228881836,0,0,0.0
2003-11-28,4.760000228881836,4.760000228881836,4.760000228881836,4.760000228881836,0,0,0.0
2003-12-01,4.760000228881836,4.760000228881836,4.760000228881836,4.760000228881836,0,0,0.0
2003-12-02,4.760000228881836,4.760000228881836,4.760000228881836,4.760000228881836,0,0,0.0
2003-12-03,4.760000228881836,4.760000228881836,4.760000228881836,4.760000228881836,0,0,0.0
2003-12-04,4.760000228881836,4.760000228881836,4.760000228881836,4.760000228881836,0,0,0.0
2003-12-05,4.760000228881836,28.559999465942383,4.760000228881836,11.899999618530273,3400,0,0.0
2003-12-08,9.520000457763672,9.520000457763672,7.139999866485596,7.139999866485596,200,0,0.0
2003-12-09,6.188000202178955,7.139999866485596,6.188000202178955,6.188000202178955,200,0,0.0
2003-12-10,6.188000202178955,6.188000202178955,5.236000061035156,5.236000061035156,0,0,0.0
2003-12-11,5.236000061035156,7.139999866485596,5.236000061035156,7.139999866485596,100,0,0.0
2003-12-12,5.236000061035156,16.65999984741211,4.760000228881836,8.567999839782715,4300,0,0.0
2003-12-15,6.188000202178955,6.188000202178955,6.188000202178955,6.188000202178955,0,0,0.0
2003-12-16,6.188000202178955,6.188000202178955,6.188000202178955,6.188000202178955,200,0,0.0
2003-12-17,6.188000202178955,6.188000202178955,6.188000202178955,6.188000202178955,0,0,0.0
2003-12-18,5.711999893188477,8.567999839782715,5.711999893188477,8.567999839782715,0,0,0.0
2003-12-19,5.711999893188477,5.711999893188477,5.711999893188477,5.711999893188477,0,0,0.0
2003-12-22,5.711999893188477,5.711999893188477,5.711999893188477,5.711999893188477,0,0,0.0
2003-12-23,6.188000202178955,6.188000202178955,5.236000061035156,5.236000061035156,100,0,0.0
2003-12-24,5.236000061035156,5.236000061035156,5.236000061035156,5.236000061035156,0,0,0.0
2003-12-26,5.236000061035156,5.236000061035156,5.236000061035156,5.236000061035156,500,0,0.0
2003-12-29,6.188000202178955,6.188000202178955,6.188000202178955,6.188000202178955,100,0,0.0
2003-12-30,6.188000202178955,6.188000202178955,6.188000202178955,6.188000202178955,0,0,0.0
2003-12-31,5.711999893188477,5.711999893188477,5.711999893188477,5.711999893188477,0,0,0.0
2004-01-02,5.711999893188477,5.711999893188477,5.711999893188477,5.711999893188477,0,0,0.0
2004-01-05,5.711999893188477,5.711999893188477,5.711999893188477,5.711999893188477,0,0,0.0
2004-01-06,5.711999893188477,5.711999893188477,5.711999893188477,5.711999893188477,0,0,0.0
2004-01-07,6.188000202178955,6.188000202178955,6.188000202178955,6.188000202178955,0,0,0.0
2004-01-08,6.188000202178955,6.188000202178955,6.188000202178955,6.188000202178955,0,0,0.0
2004-01-09,6.188000202178955,6.188000202178955,6.188000202178955,6.188000202178955,0,0,0.0
2004-01-12,6.188000202178955,6.188000202178955,6.188000202178955,6.188000202178955,0,0,0.0
2004-01-13,6.188000202178955,6.188000202178955,6.188000202178955,6.188000202178955,0,0,0.0
2004-01-14,7.139999866485596,7.139999866485596,7.139999866485596,7.139999866485596,0,0,0.0
2004-01-15,7.139999866485596,7.139999866485596,7.139999866485596,7.139999866485596,0,0,0.0
2004-01-16,7.139999866485596,7.139999866485596,7.139999866485596,7.139999866485596,0,0,0.0
2004-01-20,7.139999866485596,7.139999866485596,7.139999866485596,7.139999866485596,0,0,0.0
2004-01-21,7.139999866485596,7.139999866485596,7.139999866485596,7.139999866485596,0,0,0.0
2004-01-22,7.139999866485596,7.139999866485596,7.139999866485596,7.139999866485596,0,0,0.0
2004-01-23,7.139999866485596,7.139999866485596,7.139999866485596,7.139999866485596,0,0,0.0
2004-01-26,7.139999866485596,7.139999866485596,7.139999866485596,7.139999866485596,0,0,0.0
2004-01-27,7.139999866485596,7.139999866485596,7.139999866485596,7.139999866485596,0,0,0.0
2004-01-28,6.664000034332275,7.139999866485596,6.664000034332275,7.139999866485596,100,0,0.0
2004-01-29,7.139999866485596,7.139999866485596,7.139999866485596,7.139999866485596,0,0,0.0
2004-01-30,7.139999866485596,7.139999866485596,7.139999866485596,7.139999866485596,0,0,0.0
2004-02-02,7.139999866485596,7.139999866485596,7.139999866485596,7.139999866485596,0,0,0.0
2004-02-03,7.139999866485596,7.139999866485596,7.139999866485596,7.139999866485596,0,0,0.0
2004-02-04,7.139999866485596,7.139999866485596,7.139999866485596,7.139999866485596,0,0,0.0
2004-02-05,6.664000034332275,6.664000034332275,6.664000034332275,6.664000034332275,0,0,0.0
2004-02-06,6.664000034332275,6.664000034332275,6.664000034332275,6.664000034332275,0,0,0.0
2004-02-09,6.664000034332275,6.664000034332275,6.664000034332275,6.664000034332275,0,0,0.0
2004-02-10,6.664000034332275,6.664000034332275,6.664000034332275,6.664000034332275,0,0,0.0
2004-02-11,6.664000034332275,6.664000034332275,6.664000034332275,6.664000034332275,0,0,0.0
2004-02-12,6.664000034332275,6.664000034332275,6.664000034332275,6.664000034332275,0,0,0.0
2004-02-13,6.664000034332275,6.664000034332275,6.664000034332275,6.664000034332275,0,0,0.0
2004-02-17,6.664000034332275,6.664000034332275,6.664000034332275,6.664000034332275,0,0,0.0
2004-02-18,6.664000034332275,6.664000034332275,6.664000034332275,6.664000034332275,0,0,0.0
2004-02-19,6.664000034332275,6.664000034332275,6.664000034332275,6.664000034332275,0,0,0.0
2004-02-20,6.664000034332275,6.664000034332275,6.664000034332275,6.664000034332275,0,0,0.0
2004-02-23,6.664000034332275,6.664000034332275,6.664000034332275,6.664000034332275,0,0,0.0
2004-02-24,6.664000034332275,6.664000034332275,6.664000034332275,6.664000034332275,0,0,0.0
2004-02-25,6.664000034332275,7.139999866485596,6.664000034332275,6.664000034332275,0,0,0.0
2004-02-26,6.664000034332275,6.664000034332275,6.664000034332275,6.664000034332275,0,0,0.0
2004-02-27,6.664000034332275,7.139999866485596,6.664000034332275,7.139999866485596,0,0,0.0
2004-03-01,7.139999866485596,7.139999866485596,7.139999866485596,7.139999866485596,0,0,0.0
2004-03-02,7.139999866485596,7.139999866485596,7.139999866485596,7.139999866485596,0,0,0.0
2004-03-03,7.139999866485596,7.139999866485596,7.139999866485596,7.139999866485596,0,0,0.0
2004-03-04,7.139999866485596,7.139999866485596,7.139999866485596,7.139999866485596,0,0,0.0
2004-03-05,6.664000034332275,6.664000034332275,6.188000202178955,6.188000202178955,200,0,0.0
2004-03-08,6.188000202178955,6.664000034332275,6.188000202178955,6.664000034332275,100,0,0.0
2004-03-09,6.664000034332275,6.664000034332275,6.664000034332275,6.664000034332275,0,0,0.0
2004-03-10,6.664000034332275,6.664000034332275,6.664000034332275,6.664000034332275,0,0,0.0
2004-03-11,7.139999866485596,7.139999866485596,7.139999866485596,7.139999866485596,100,0,0.0
2004-03-12,7.139999866485596,7.139999866485596,7.139999866485596,7.139999866485596,0,0,0.0
2004-03-15,7.139999866485596,7.139999866485596,7.139999866485596,7.139999866485596,0,0,0.0
2004-03-16,7.139999866485596,7.139999866485596,7.139999866485596,7.139999866485596,0,0,0.0
2004-03-17,7.139999866485596,7.139999866485596,7.139999866485596,7.139999866485596,0,0,0.0
2004-03-18,7.139999866485596,7.139999866485596,7.139999866485596,7.139999866485596,0,0,0.0
2004-03-19,7.139999866485596,7.139999866485596,7.139999866485596,7.139999866485596,0,0,0.0
2004-03-22,7.139999866485596,7.139999866485596,7.139999866485596,7.139999866485596,0,0,0.0
2004-03-23,7.139999866485596,7.139999866485596,7.139999866485596,7.139999866485596,0,0,0.0
2004-03-24,7.139999866485596,7.139999866485596,7.139999866485596,7.139999866485596,0,0,0.0
2004-03-25,7.139999866485596,7.139999866485596,7.139999866485596,7.139999866485596,0,0,0.0
2004-03-26,7.139999866485596,7.139999866485596,7.139999866485596,7.139999866485596,0,0,0.0
2004-03-29,7.139999866485596,7.139999866485596,7.139999866485596,7.139999866485596,0,0,0.0
2004-03-30,7.139999866485596,7.139999866485596,7.139999866485596,7.139999866485596,0,0,0.0
2004-03-31,7.139999866485596,7.139999866485596,7.139999866485596,7.139999866485596,0,0,0.0
2004-04-01,7.139999866485596,7.139999866485596,7.139999866485596,7.139999866485596,0,0,0.0
2004-04-02,7.139999866485596,7.139999866485596,7.139999866485596,7.139999866485596,0,0,0.0
2004-04-05,7.139999866485596,7.139999866485596,7.139999866485596,7.139999866485596,0,0,0.0
2004-04-06,7.139999866485596,7.139999866485596,7.139999866485596,7.139999866485596,0,0,0.0
2004-04-07,7.139999866485596,7.139999866485596,7.139999866485596,7.139999866485596,0,0,0.0
2004-04-08,7.139999866485596,7.139999866485596,7.139999866485596,7.139999866485596,0,0,0.0
2004-04-12,7.139999866485596,7.139999866485596,7.139999866485596,7.139999866485596,0,0,0.0
2004-04-13,7.139999866485596,7.139999866485596,7.139999866485596,7.139999866485596,0,0,0.0
2004-04-14,6.664000034332275,6.664000034332275,6.664000034332275,6.664000034332275,0,0,0.0
2004-04-15,6.664000034332275,6.664000034332275,6.664000034332275,6.664000034332275,0,0,0.0
2004-04-16,6.664000034332275,6.664000034332275,6.664000034332275,6.664000034332275,0,0,0.0
2004-04-19,6.664000034332275,6.664000034332275,6.664000034332275,6.664000034332275,0,0,0.0
2004-04-20,6.664000034332275,6.664000034332275,6.664000034332275,6.664000034332275,0,0,0.0
2004-04-21,6.664000034332275,6.664000034332275,6.664000034332275,6.664000034332275,0,0,0.0
2004-04-22,6.664000034332275,6.664000034332275,6.664000034332275,6.664000034332275,0,0,0.0
2004-04-23,6.664000034332275,6.664000034332275,6.664000034332275,6.664000034332275,0,0,0.0
2004-04-26,6.664000034332275,6.664000034332275,6.664000034332275,6.664000034332275,0,0,0.0
2004-04-27,6.664000034332275,6.664000034332275,6.664000034332275,6.664000034332275,0,0,0.0
2004-04-28,6.664000034332275,6.664000034332275,6.664000034332275,6.664000034332275,0,0,0.0
2004-04-29,6.664000034332275,6.664000034332275,6.664000034332275,6.664000034332275,0,0,0.0
2004-04-30,6.664000034332275,6.664000034332275,0.47600001096725464,6.664000034332275,500,0,0.0
2004-05-03,6.664000034332275,6.664000034332275,6.664000034332275,6.664000034332275,0,0,0.0
2004-05-04,6.664000034332275,6.664000034332275,6.664000034332275,6.664000034332275,0,0,0.0
2004-05-05,6.664000034332275,7.139999866485596,6.664000034332275,7.139999866485596,0,0,0.0
2004-05-06,7.139999866485596,7.139999866485596,7.139999866485596,7.139999866485596,0,0,0.0
2004-05-07,7.139999866485596,7.139999866485596,7.139999866485596,7.139999866485596,0,0,0.0
2004-05-10,7.139999866485596,7.139999866485596,7.139999866485596,7.139999866485596,100,0,0.0
2004-05-11,7.139999866485596,7.139999866485596,7.139999866485596,7.139999866485596,0,0,0.0
2004-05-12,7.616000175476074,7.616000175476074,7.616000175476074,7.616000175476074,0,0,0.0
2004-05-13,7.616000175476074,7.616000175476074,7.616000175476074,7.616000175476074,0,0,0.0
2004-05-14,7.616000175476074,7.616000175476074,7.616000175476074,7.616000175476074,0,0,0.0
2004-05-17,7.616000175476074,7.616000175476074,7.616000175476074,7.616000175476074,0,0,0.0
2004-05-18,7.616000175476074,7.616000175476074,7.616000175476074,7.616000175476074,0,0,0.0
2004-05-19,7.616000175476074,7.616000175476074,7.616000175476074,7.616000175476074,0,0,0.0
2004-05-20,7.616000175476074,7.616000175476074,7.616000175476074,7.616000175476074,0,0,0.0
2004-05-21,7.616000175476074,9.043999671936035,7.616000175476074,7.616000175476074,300,0,0.0
2004-05-24,6.664000034332275,7.616000175476074,6.664000034332275,7.616000175476074,0,0,0.0
2004-05-25,7.616000175476074,7.616000175476074,7.616000175476074,7.616000175476074,0,0,0.0
2004-05-26,7.616000175476074,7.616000175476074,7.616000175476074,7.616000175476074,0,0,0.0
2004-05-27,7.616000175476074,7.616000175476074,7.616000175476074,7.616000175476074,0,0,0.0
2004-05-28,7.616000175476074,7.616000175476074,7.616000175476074,7.616000175476074,0,0,0.0
2004-06-01,6.664000034332275,7.616000175476074,6.664000034332275,7.616000175476074,0,0,0.0
2004-06-02,7.616000175476074,7.616000175476074,7.616000175476074,7.616000175476074,0,0,0.0
2004-06-03,7.616000175476074,7.616000175476074,7.616000175476074,7.616000175476074,0,0,0.0
2004-06-04,7.616000175476074,7.616000175476074,7.616000175476074,7.616000175476074,0,0,0.0
2004-06-07,7.616000175476074,7.616000175476074,7.616000175476074,7.616000175476074,0,0,0.0
2004-06-08,7.616000175476074,7.616000175476074,7.616000175476074,7.616000175476074,0,0,0.0
2004-06-09,7.616000175476074,7.616000175476074,7.616000175476074,7.616000175476074,0,0,0.0
2004-06-10,7.616000175476074,7.616000175476074,7.616000175476074,7.616000175476074,0,0,0.0
2004-06-14,7.616000175476074,7.616000175476074,7.616000175476074,7.616000175476074,0,0,0.0
2004-06-15,5.711999893188477,5.711999893188477,5.711999893188477,5.711999893188477,0,0,0.0
2004-06-16,5.711999893188477,5.711999893188477,5.711999893188477,5.711999893188477,0,0,0.0
2004-06-17,5.711999893188477,7.139999866485596,5.236000061035156,5.236000061035156,100,0,0.0
2004-06-18,5.236000061035156,5.236000061035156,5.236000061035156,5.236000061035156,0,0,0.0
2004-06-21,5.236000061035156,5.236000061035156,5.236000061035156,5.236000061035156,0,0,0.0
2004-06-22,5.236000061035156,5.236000061035156,5.236000061035156,5.236000061035156,0,0,0.0
2004-06-23,5.236000061035156,5.236000061035156,5.236000061035156,5.236000061035156,0,0,0.0
2004-06-24,5.236000061035156,5.236000061035156,5.236000061035156,5.236000061035156,0,0,0.0
2004-06-25,5.236000061035156,5.236000061035156,5.236000061035156,5.236000061035156,0,0,0.0
2004-06-28,5.236000061035156,5.236000061035156,5.236000061035156,5.236000061035156,0,0,0.0
2004-06-29,5.236000061035156,5.236000061035156,5.236000061035156,5.236000061035156,0,0,0.0
2004-06-30,5.236000061035156,5.236000061035156,5.236000061035156,5.236000061035156,0,0,0.0
2004-07-01,5.236000061035156,5.236000061035156,5.236000061035156,5.236000061035156,0,0,0.0
2004-07-02,5.236000061035156,5.236000061035156,5.236000061035156,5.236000061035156,0,0,0.0
2004-07-06,5.236000061035156,5.236000061035156,5.236000061035156,5.236000061035156,0,0,0.0
2004-07-07,5.236000061035156,5.236000061035156,5.236000061035156,5.236000061035156,0,0,0.0
2004-07-08,5.236000061035156,5.236000061035156,5.236000061035156,5.236000061035156,0,0,0.0
2004-07-09,5.236000061035156,5.236000061035156,5.236000061035156,5.236000061035156,0,0,0.0
2004-07-12,5.236000061035156,5.236000061035156,5.236000061035156,5.236000061035156,0,0,0.0
2004-07-13,5.236000061035156,5.236000061035156,5.236000061035156,5.236000061035156,0,0,0.0
2004-07-14,5.236000061035156,5.236000061035156,5.236000061035156,5.236000061035156,0,0,0.0
2004-07-15,5.236000061035156,5.236000061035156,5.236000061035156,5.236000061035156,0,0,0.0
2004-07-16,5.236000061035156,5.236000061035156,5.236000061035156,5.236000061035156,0,0,0.0
2004-07-19,5.236000061035156,5.236000061035156,5.236000061035156,5.236000061035156,0,0,0.0
2004-07-20,5.236000061035156,5.236000061035156,5.236000061035156,5.236000061035156,0,0,0.0
2004-07-21,5.236000061035156,5.236000061035156,5.236000061035156,5.236000061035156,0,0,0.0
2004-07-22,5.236000061035156,5.236000061035156,5.236000061035156,5.236000061035156,0,0,0.0
2004-07-23,5.236000061035156,5.236000061035156,5.236000061035156,5.236000061035156,0,0,0.0
2004-07-26,5.236000061035156,5.236000061035156,5.236000061035156,5.236000061035156,0,0,0.0
2004-07-27,5.236000061035156,5.236000061035156,5.236000061035156,5.236000061035156,0,0,0.0
2004-07-28,5.236000061035156,5.236000061035156,5.236000061035156,5.236000061035156,0,0,0.0
2004-07-29,5.236000061035156,5.236000061035156,5.236000061035156,5.236000061035156,0,0,0.0
2004-07-30,5.236000061035156,5.236000061035156,5.236000061035156,5.236000061035156,0,0,0.0
2004-08-02,5.236000061035156,5.236000061035156,5.236000061035156,5.236000061035156,0,0,0.0
2004-08-03,7.139999866485596,7.139999866485596,7.139999866485596,7.139999866485596,0,0,0.0
2004-08-04,7.139999866485596,7.139999866485596,7.139999866485596,7.139999866485596,0,0,0.0
2004-08-05,7.139999866485596,7.139999866485596,7.139999866485596,7.139999866485596,0,0,0.0
2004-08-06,7.139999866485596,7.139999866485596,7.139999866485596,7.139999866485596,0,0,0.0
2004-08-09,7.139999866485596,7.139999866485596,7.139999866485596,7.139999866485596,0,0,0.0
2004-08-10,7.139999866485596,7.139999866485596,7.139999866485596,7.139999866485596,0,0,0.0
2004-08-11,7.139999866485596,7.139999866485596,7.139999866485596,7.139999866485596,0,0,0.0
2004-08-12,7.139999866485596,7.139999866485596,7.139999866485596,7.139999866485596,0,0,0.0
2004-08-13,7.139999866485596,7.139999866485596,7.139999866485596,7.139999866485596,0,0,0.0
2004-08-16,7.139999866485596,7.139999866485596,7.139999866485596,7.139999866485596,0,0,0.0
2004-08-17,7.139999866485596,7.139999866485596,7.139999866485596,7.139999866485596,0,0,0.0
2004-08-18,7.139999866485596,7.139999866485596,7.139999866485596,7.139999866485596,0,0,0.0
2004-08-19,7.139999866485596,7.139999866485596,7.139999866485596,7.139999866485596,0,0,0.0
2004-08-20,7.139999866485596,7.139999866485596,7.139999866485596,7.139999866485596,0,0,0.0
2004-08-23,7.139999866485596,7.139999866485596,7.139999866485596,7.139999866485596,0,0,0.0
2004-08-24,7.139999866485596,7.139999866485596,7.139999866485596,7.139999866485596,0,0,0.0
2004-08-25,7.139999866485596,7.139999866485596,7.139999866485596,7.139999866485596,0,0,0.0
2004-08-26,7.139999866485596,7.139999866485596,7.139999866485596,7.139999866485596,0,0,0.0
2004-08-27,7.139999866485596,7.139999866485596,7.139999866485596,7.139999866485596,0,0,0.0
2004-08-30,7.139999866485596,7.139999866485596,7.139999866485596,7.139999866485596,0,0,0.0
2004-08-31,7.616000175476074,7.616000175476074,7.616000175476074,7.616000175476074,0,0,0.0
2004-09-01,7.616000175476074,7.616000175476074,7.616000175476074,7.616000175476074,0,0,0.0
2004-09-02,7.616000175476074,7.616000175476074,7.616000175476074,7.616000175476074,0,0,0.0
2004-09-03,7.616000175476074,7.616000175476074,7.616000175476074,7.616000175476074,0,0,0.0
2004-09-07,7.616000175476074,7.616000175476074,7.616000175476074,7.616000175476074,0,0,0.0
2004-09-08,7.616000175476074,7.616000175476074,7.616000175476074,7.616000175476074,0,0,0.0
2004-09-09,7.616000175476074,7.616000175476074,7.616000175476074,7.616000175476074,0,0,0.0
2004-09-10,7.616000175476074,7.616000175476074,7.616000175476074,7.616000175476074,0,0,0.0
2004-09-13,7.616000175476074,7.616000175476074,7.616000175476074,7.616000175476074,0,0,0.0
2004-09-14,7.616000175476074,7.616000175476074,7.616000175476074,7.616000175476074,0,0,0.0
2004-09-15,7.616000175476074,7.616000175476074,7.616000175476074,7.616000175476074,0,0,0.0
2004-09-16,7.616000175476074,7.616000175476074,7.616000175476074,7.616000175476074,0,0,0.0
2004-09-17,7.616000175476074,7.616000175476074,7.616000175476074,7.616000175476074,0,0,0.0
2004-09-20,7.616000175476074,7.616000175476074,7.616000175476074,7.616000175476074,0,0,0.0
2004-09-21,7.616000175476074,7.616000175476074,7.616000175476074,7.616000175476074,0,0,0.0
2004-09-22,7.616000175476074,7.616000175476074,7.616000175476074,7.616000175476074,0,0,0.0
2004-09-23,7.616000175476074,7.616000175476074,7.616000175476074,7.616000175476074,0,0,0.0
2004-09-24,7.616000175476074,7.616000175476074,7.616000175476074,7.616000175476074,0,0,0.0
2004-09-27,7.616000175476074,7.616000175476074,7.616000175476074,7.616000175476074,0,0,0.0
2004-09-28,9.520000457763672,21.420000076293945,8.092000007629395,19.040000915527344,1600,0,0.0
2004-09-29,21.420000076293945,21.420000076293945,14.279999732971191,19.040000915527344,100,0,0.0
2004-09-30,21.420000076293945,42.84000015258789,19.040000915527344,28.559999465942383,1900,0,0.0
2004-10-01,28.559999465942383,28.559999465942383,19.516000747680664,21.420000076293945,400,0,0.0
2004-10-04,23.799999237060547,35.70000076293945,21.420000076293945,23.323999404907227,1400,0,0.0
2004-10-05,17.5,23.309999465942383,17.5,23.309999465942383,0,0,0.014705882352941176
2004-10-06,30.799999237060547,32.20000076293945,24.5,24.5,1000,0,0.0
2004-10-07,24.56999969482422,31.5,24.5,25.200000762939453,1400,0,0.0
2004-10-08,26.25,26.600000381469727,24.5,25.200000762939453,500,0,0.0
2004-10-11,26.950000762939453,35.70000076293945,26.950000762939453,31.850000381469727,2800,0,0.0
2004-10-12,30.799999237060547,31.5,30.450000762939453,31.43000030517578,700,0,0.0
2004-10-13,29.399999618530273,33.95000076293945,21.0,33.95000076293945,2800,0,0.0
2004-10-14,30.100000381469727,33.599998474121094,28.350000381469727,28.350000381469727,600,0,0.0
2004-10-15,25.200000762939453,25.200000762939453,22.75,24.5,500,0,0.0
2004-10-18,23.799999237060547,26.25,23.799999237060547,24.850000381469727,300,0,0.0
2004-10-19,25.200000762939453,25.200000762939453,23.799999237060547,24.5,700,0,0.0
2004-10-20,24.850000381469727,24.850000381469727,22.75,23.799999237060547,800,0,0.0
2004-10-21,24.5,24.5,24.5,24.5,0,0,0.0
2004-10-22,24.5,24.5,24.5,24.5,0,0,0.0
2004-10-25,24.5,26.25,24.5,24.5,400,0,0.0
2004-10-26,24.5,24.5,24.5,24.5,0,0,0.0
2004-10-27,26.600000381469727,28.0,25.549999237060547,28.0,200,0,0.0
2004-10-28,27.649999618530273,27.649999618530273,25.549999237060547,25.549999237060547,400,0,0.0
2004-10-29,26.25,26.25,24.850000381469727,25.200000762939453,100,0,0.0
2004-11-01,23.799999237060547,25.200000762939453,23.100000381469727,24.5,200,0,0.0
2004-11-02,26.600000381469727,26.600000381469727,25.200000762939453,26.25,400,0,0.0
2004-11-03,26.25,26.600000381469727,23.450000762939453,26.25,1000,0,0.0
2004-11-04,23.450000762939453,26.25,23.450000762939453,25.549999237060547,400,0,0.0
2004-11-05,24.850000381469727,24.850000381469727,24.850000381469727,24.850000381469727,0,0,0.0
2004-11-08,26.950000762939453,26.950000762939453,25.200000762939453,25.200000762939453,200,0,0.0
2004-11-09,25.200000762939453,25.200000762939453,25.200000762939453,25.200000762939453,0,0,0.0
2004-11-10,26.950000762939453,26.950000762939453,26.600000381469727,26.600000381469727,300,0,0.0
2004-11-11,27.299999237060547,27.299999237060547,26.25,26.25,400,0,0.0
2004-11-12,26.25,26.25,26.25,26.25,0,0,0.0
2004-11-15,27.649999618530273,27.649999618530273,24.149999618530273,25.200000762939453,400,0,0.0
2004-11-16,25.899999618530273,25.899999618530273,24.149999618530273,24.149999618530273,100,0,0.0
2004-11-17,24.149999618530273,26.600000381469727,23.100000381469727,23.100000381469727,500,0,0.0
2004-11-18,23.450000762939453,23.450000762939453,23.450000762939453,23.450000762939453,0,0,0.0
2004-11-19,23.450000762939453,24.5,22.75,22.75,1100,0,0.0
2004-11-22,24.5,24.5,24.5,24.5,100,0,0.0
2004-11-23,24.219999313354492,24.5,21.350000381469727,21.350000381469727,1200,0,0.0
2004-11-24,22.049999237060547,22.049999237060547,21.0,21.0,100,0,0.0
2004-11-26,22.75,22.75,19.600000381469727,21.700000762939453,200,0,0.0
2004-11-29,21.0,21.0,16.799999237060547,21.0,1200,0,0.0
2004-11-30,21.0,21.0,21.0,21.0,0,0,0.0
2004-12-01,18.200000762939453,18.899999618530273,18.200000762939453,18.270000457763672,400,0,0.0
2004-12-02,17.639999389648438,18.270000457763672,17.639999389648438,18.270000457763672,200,0,0.0
2004-12-03,21.0,21.0,17.850000381469727,17.850000381469727,100,0,0.0
2004-12-06,18.899999618530273,18.899999618530273,18.899999618530273,18.899999618530273,300,0,0.0
2004-12-07,20.299999237060547,23.799999237060547,18.899999618530273,18.899999618530273,1200,0,0.0
2004-12-08,21.0,21.0,21.0,21.0,300,0,0.0
2004-12-09,21.0,21.0,21.0,21.0,0,0,0.0
2004-12-10,18.899999618530273,21.0,18.899999618530273,18.899999618530273,300,0,0.0
2004-12-13,19.25,19.600000381469727,19.25,19.600000381469727,100,0,0.0
2004-12-14,21.0,21.0,19.600000381469727,19.950000762939453,400,0,0.0
2004-12-15,19.600000381469727,19.950000762939453,19.389999389648438,19.389999389648438,300,0,0.0
2004-12-16,21.0,21.0,19.950000762939453,20.649999618530273,500,0,0.0
2004-12-17,24.5,24.5,24.5,24.5,0,0,0.0
2004-12-20,24.5,24.5,19.600000381469727,19.600000381469727,600,0,0.0
2004-12-21,19.600000381469727,19.600000381469727,19.600000381469727,19.600000381469727,0,0,0.0
2004-12-22,19.600000381469727,20.299999237060547,19.600000381469727,20.299999237060547,200,0,0.0
2004-12-23,21.0,21.0,21.0,21.0,0,0,0.0
2004-12-27,21.0,21.0,21.0,21.0,0,0,0.0
2004-12-28,21.0,21.0,21.0,21.0,0,0,0.0
2004-12-29,19.389999389648438,19.600000381469727,19.25,19.25,300,0,0.0
2004-12-30,19.25,19.25,19.25,19.25,0,0,0.0
2004-12-31,19.25,19.25,19.25,19.25,0,0,0.0
2005-01-03,19.25,21.0,19.25,19.25,400,0,0.0
2005-01-04,18.899999618530273,18.899999618530273,18.899999618530273,18.899999618530273,100,0,0.0
2005-01-05,18.899999618530273,21.0,18.549999237060547,21.0,800,0,0.0
2005-01-06,21.0,21.0,21.0,21.0,0,0,0.0
2005-01-07,21.0,22.399999618530273,21.0,22.399999618530273,600,0,0.0
2005-01-10,22.399999618530273,22.399999618530273,22.399999618530273,22.399999618530273,100,0,0.0
2005-01-11,24.5,24.5,22.399999618530273,22.399999618530273,700,0,0.0
2005-01-12,23.450000762939453,23.799999237060547,21.0,22.399999618530273,300,0,0.0
2005-01-13,22.399999618530273,22.399999618530273,22.399999618530273,22.399999618530273,0,0,0.0
2005-01-14,22.399999618530273,24.5,22.399999618530273,22.399999618530273,500,0,0.0
2005-01-18,22.399999618530273,22.399999618530273,22.399999618530273,22.399999618530273,200,0,0.0
2005-01-19,23.100000381469727,24.5,22.469999313354492,23.799999237060547,1700,0,0.0
2005-01-20,23.799999237060547,23.799999237060547,23.799999237060547,23.799999237060547,400,0,0.0
2005-01-21,24.5,24.5,24.5,24.5,400,0,0.0
2005-01-24,24.5,26.25,24.5,26.25,600,0,0.0
2005-01-25,25.549999237060547,26.25,25.200000762939453,25.200000762939453,400,0,0.0
2005-01-26,25.200000762939453,28.700000762939453,25.200000762939453,28.700000762939453,1300,0,0.0
2005-01-27,30.450000762939453,33.25,30.450000762939453,30.799999237060547,600,0,0.0
2005-01-28,33.25,36.75,32.20000076293945,36.75,900,0,0.0
2005-01-31,37.099998474121094,56.0,37.099998474121094,54.599998474121094,5100,0,0.0
2005-02-01,119.0,119.0,50.81999969482422,60.20000076293945,16600,0,0.0
2005-02-02,60.20000076293945,60.20000076293945,51.79999923706055,53.20000076293945,4500,0,0.0
2005-02-03,53.20000076293945,53.20000076293945,47.599998474121094,48.650001525878906,11300,0,0.0
2005-02-04,52.5,52.5,37.099998474121094,44.79999923706055,7100,0,0.0
2005-02-07,43.75,66.5,43.75,63.70000076293945,5500,0,0.0
2005-02-08,66.5,85.75,63.70000076293945,71.75,7300,0,0.0
2005-02-09,73.8499984741211,79.80000305175781,72.0999984741211,74.19999694824219,4800,0,0.0
2005-02-10,75.25,77.3499984741211,61.95000076293945,61.95000076293945,3100,0,0.0
2005-02-11,62.29999923706055,71.4000015258789,62.29999923706055,66.56999969482422,600,0,0.0
2005-02-14,70.0,71.75,66.8499984741211,68.25,800,0,0.0
2005-02-15,73.1500015258789,75.25,70.06999969482422,74.19999694824219,1700,0,0.0
2005-02-16,74.19999694824219,74.19999694824219,66.5,69.30000305175781,1100,0,0.0
2005-02-17,70.0,70.0,66.5,67.19999694824219,600,0,0.0
2005-02-18,66.1500015258789,66.5,63.0,63.0,1800,0,0.0
2005-02-22,64.4000015258789,64.4000015258789,52.5,52.5,5300,0,0.0
2005-02-23,54.25,57.75,48.29999923706055,56.0,7200,0,0.0
2005-02-24,57.75,57.75,53.20000076293945,53.20000076293945,1400,0,0.0
2005-02-25,55.29999923706055,61.95000076293945,55.29999923706055,61.95000076293945,3000,0,0.0
2005-02-28,63.0,63.0,57.75,59.779998779296875,1000,0,0.0
2005-03-01,57.04999923706055,59.849998474121094,51.099998474121094,57.75,1900,0,0.0
2005-03-02,59.5,61.599998474121094,56.0,57.400001525878906,1600,0,0.0
2005-03-03,57.75,63.0,57.75,58.099998474121094,1000,0,0.0
2005-03-04,63.0,63.0,60.20000076293945,61.25,1700,0,0.0
2005-03-07,63.0,64.4000015258789,61.31999969482422,64.05000305175781,1700,0,0.0
2005-03-08,64.05000305175781,64.05000305175781,61.95000076293945,61.95000076293945,2000,0,0.0
2005-03-09,63.0,64.05000305175781,61.95000076293945,63.0,700,0,0.0
2005-03-10,64.05000305175781,64.4000015258789,62.29999923706055,63.0,1600,0,0.0
2005-03-11,63.70000076293945,63.70000076293945,61.25,61.25,1100,0,0.0
2005-03-14,61.95000076293945,63.0,59.849998474121094,61.25,1200,0,0.0
2005-03-15,63.0,63.0,61.25,61.599998474121094,1000,0,0.0
2005-03-16,61.599998474121094,62.790000915527344,61.599998474121094,61.599998474121094,1200,0,0.0
2005-03-17,61.95000076293945,61.95000076293945,59.5,61.95000076293945,900,0,0.0
2005-03-18,61.599998474121094,61.599998474121094,53.900001525878906,59.5,900,0,0.0
2005-03-21,59.5,59.5,56.0,56.0,2000,0,0.0
2005-03-22,57.75,57.75,56.349998474121094,57.04999923706055,1000,0,0.0
2005-03-23,56.70000076293945,56.70000076293945,55.650001525878906,56.0,900,0,0.0
2005-03-24,55.93000030517578,55.93000030517578,52.91999816894531,53.20000076293945,600,0,0.0
2005-03-28,53.20000076293945,53.20000076293945,50.04999923706055,52.5,200,0,0.0
2005-03-29,50.04999923706055,50.04999923706055,49.0,49.0,800,0,0.0
2005-03-30,49.0,49.0,47.25,47.25,900,0,0.0
2005-03-31,45.5,47.25,42.70000076293945,47.25,1400,0,0.0
2005-04-01,49.0,49.0,39.20000076293945,42.0,3000,0,0.0
2005-04-04,42.0,56.0,42.0,49.0,1100,0,0.0
2005-04-05,49.06999969482422,49.06999969482422,42.0,49.0,300,0,0.0
2005-04-06,49.0,49.0,49.0,49.0,0,0,0.0
2005-04-07,49.0,49.0,45.849998474121094,48.93000030517578,100,0,0.0
2005-04-08,49.0,49.0,45.849998474121094,45.849998474121094,200,0,0.0
2005-04-11,49.0,49.0,42.0,47.25,1200,0,0.0
2005-04-12,42.06999969482422,45.5,42.0,42.0,300,0,0.0
2005-04-13,45.5,50.400001525878906,45.5,49.70000076293945,400,0,0.0
2005-04-14,50.400001525878906,51.79999923706055,49.0,49.70000076293945,1400,0,0.0
2005-04-15,49.0,50.75,49.0,50.04999923706055,200,0,0.0
2005-04-18,49.0,49.0,44.099998474121094,44.099998474121094,700,0,0.0
2005-04-19,44.099998474121094,52.5,43.04999923706055,52.5,600,0,0.0
2005-04-20,51.79999923706055,51.79999923706055,42.70000076293945,42.70000076293945,100,0,0.0
2005-04-21,43.75,51.45000076293945,43.75,51.45000076293945,300,0,0.0
2005-04-22,45.5,49.0,44.099998474121094,44.099998474121094,800,0,0.0
2005-04-25,43.75,48.29999923706055,42.0,45.5,1000,0,0.0
2005-04-26,42.0,43.04999923706055,42.0,42.0,400,0,0.0
2005-04-27,45.5,45.5,40.599998474121094,40.599998474121094,900,0,0.0
2005-04-28,40.95000076293945,41.29999923706055,40.599998474121094,40.599998474121094,500,0,0.0
2005-04-29,40.31999969482422,40.31999969482422,39.20000076293945,40.25,300,0,0.0
2005-05-02,39.20000076293945,39.20000076293945,28.0,35.0,1200,0,0.0
2005-05-03,30.100000381469727,31.5,28.0,30.799999237060547,1000,0,0.0
2005-05-04,30.520000457763672,35.0,30.450000762939453,31.5,1900,0,0.0
2005-05-05,35.0,35.0,31.850000381469727,32.54999923706055,800,0,0.0
2005-05-06,32.20000076293945,33.599998474121094,32.20000076293945,33.25,1600,0,0.0
2005-05-09,34.29999923706055,35.0,34.29999923706055,35.0,900,0,0.0
2005-05-10,36.75,42.0,36.75,38.5,200,0,0.0
2005-05-11,42.0,42.70000076293945,39.900001525878906,42.0,1100,0,0.0
2005-05-12,42.0,42.0,40.25,40.25,300,0,0.0
2005-05-13,40.25,42.70000076293945,40.25,42.70000076293945,400,0,0.0
2005-05-16,42.70000076293945,45.5,42.0,43.75,700,0,0.0
2005-05-17,45.5,52.5,45.5,48.29999923706055,1600,0,0.0
2005-05-18,49.13999938964844,55.650001525878906,49.06999969482422,53.54999923706055,2900,0,0.0
2005-05-19,53.54999923706055,59.36000061035156,53.54999923706055,56.0,2300,0,0.0
2005-05-20,58.79999923706055,59.5,57.400001525878906,58.16999816894531,2000,0,0.0
2005-05-23,58.79999923706055,68.25,58.79999923706055,61.95000076293945,2200,0,0.0
2005-05-24,62.29999923706055,73.5,62.29999923706055,72.80000305175781,8700,0,0.0
2005-05-25,72.80000305175781,79.44999694824219,68.25,68.25,2600,0,0.0
2005-05-26,67.55000305175781,70.0,59.5,59.56999969482422,3000,0,0.0
2005-05-27,58.45000076293945,65.80000305175781,54.25,61.25,2100,0,0.0
2005-05-31,63.0,66.5,59.5,61.95000076293945,2100,0,0.0
2005-06-01,63.0,68.25,60.54999923706055,63.70000076293945,2100,0,0.0
2005-06-02,65.0999984741211,87.5,65.0999984741211,82.25,14800,0,0.0
2005-06-03,141.39999389648438,141.75,95.9000015258789,107.66000366210938,52800,0,0.0
2005-06-06,115.1500015258789,115.5,105.3499984741211,113.05000305175781,18800,0,0.0
2005-06-07,115.1500015258789,115.1500015258789,91.3499984741211,92.05000305175781,10100,0,0.0
2005-06-08,93.80000305175781,93.80000305175781,84.69999694824219,90.93000030517578,8600,0,0.0
2005-06-09,91.0,102.55000305175781,91.0,101.5,4700,0,0.0
2005-06-10,104.30000305175781,106.4000015258789,101.5,101.5,3700,0,0.0
2005-06-13,101.5,103.5999984741211,99.75,100.0999984741211,1800,0,0.0
2005-06-14,98.3499984741211,99.75,93.80000305175781,93.80000305175781,3400,0,0.0
2005-06-15,94.5,99.75,93.44999694824219,97.30000305175781,2400,0,0.0
2005-06-16,98.0,98.0,96.94999694824219,98.0,1400,0,0.0
2005-06-17,97.30000305175781,97.30000305175781,95.55000305175781,96.25,900,0,0.0
2005-06-20,96.25,96.25,87.63999938964844,87.8499984741211,2100,0,0.0
2005-06-21,88.19999694824219,89.66999816894531,83.30000305175781,84.69999694824219,2700,0,0.0
2005-06-22,83.30000305175781,84.0,73.5,73.5,9300,0,0.0
2005-06-23,71.26000213623047,73.5,59.5,64.12000274658203,9400,0,0.0
2005-06-24,63.70000076293945,64.05000305175781,58.45000076293945,63.0,6400,0,0.0
2005-06-27,60.54999923706055,66.1500015258789,60.54999923706055,66.1500015258789,2700,0,0.0
2005-06-28,66.1500015258789,69.6500015258789,65.87000274658203,67.9000015258789,2400,0,0.0
2005-06-29,67.9000015258789,68.5999984741211,66.5,67.19999694824219,900,0,0.0
2005-06-30,68.5999984741211,71.75,64.05000305175781,66.5,1800,0,0.0
2005-07-01,64.4000015258789,65.80000305175781,56.06999969482422,56.560001373291016,2800,0,0.0
2005-07-05,56.0,56.0,50.04999923706055,51.79999923706055,5400,0,0.0
2005-07-06,50.88999938964844,55.29999923706055,50.400001525878906,54.95000076293945,2500,0,0.0
2005-07-07,55.650001525878906,57.75,50.400001525878906,52.5,2700,0,0.0
2005-07-08,54.95000076293945,54.95000076293945,53.20000076293945,54.599998474121094,800,0,0.0
2005-07-11,56.0,59.5,56.0,58.79999923706055,1800,0,0.0
2005-07-12,60.130001068115234,61.25,56.0,61.25,2000,0,0.0
2005-07-13,61.95000076293945,61.95000076293945,58.099998474121094,59.5,700,0,0.0
2005-07-14,61.599998474121094,61.95000076293945,59.5,59.5,700,0,0.0
2005-07-15,59.849998474121094,61.25,59.849998474121094,61.25,400,0,0.0
2005-07-18,59.849998474121094,61.25,59.849998474121094,59.849998474121094,1300,0,0.0
2005-07-19,59.849998474121094,60.54999923706055,59.849998474121094,59.849998474121094,500,0,0.0
2005-07-20,60.900001525878906,75.94999694824219,60.20000076293945,73.8499984741211,13900,0,0.0
2005-07-21,77.0,82.25,74.9000015258789,80.1500015258789,6200,0,0.0
2005-07-22,79.16999816894531,81.19999694824219,78.4000015258789,79.80000305175781,2600,0,0.0
2005-07-25,80.8499984741211,81.19999694824219,77.0,78.05000305175781,2100,0,0.0
2005-07-26,79.58999633789062,79.58999633789062,78.4000015258789,78.75,1000,0,0.0
2005-07-27,78.4000015258789,78.4000015258789,77.0,77.83999633789062,2100,0,0.0
2005-07-28,77.3499984741211,81.19999694824219,77.3499984741211,78.05000305175781,2300,0,0.0
2005-07-29,78.19000244140625,79.0999984741211,77.3499984741211,77.3499984741211,1300,0,0.0
2005-08-01,78.4000015258789,78.75,75.5999984741211,76.93000030517578,1600,0,0.0
2005-08-02,75.94999694824219,75.94999694824219,70.83999633789062,70.83999633789062,1600,0,0.0
2005-08-03,70.0,70.0,66.8499984741211,66.8499984741211,2900,0,0.0
2005-08-04,66.8499984741211,66.8499984741211,63.06999969482422,63.70000076293945,1600,0,0.0
2005-08-05,63.70000076293945,64.4000015258789,63.70000076293945,64.05000305175781,600,0,0.0
2005-08-08,64.05000305175781,64.4000015258789,63.06999969482422,63.70000076293945,500,0,0.0
2005-08-09,63.0,64.05000305175781,59.5,63.0,1700,0,0.0
2005-08-10,63.0,63.0,60.20000076293945,60.54999923706055,1800,0,0.0
2005-08-11,60.20000076293945,60.20000076293945,52.5,53.20000076293945,4800,0,0.0
2005-08-12,53.20000076293945,54.25,51.79999923706055,52.150001525878906,4000,0,0.0
2005-08-15,52.5,59.5,52.150001525878906,57.400001525878906,4700,0,0.0
2005-08-16,57.400001525878906,57.400001525878906,53.20000076293945,53.20000076293945,1500,0,0.0
2005-08-17,56.0,56.0,53.20000076293945,54.599998474121094,1000,0,0.0
2005-08-18,53.20000076293945,54.599998474121094,53.20000076293945,53.20000076293945,500,0,0.0
2005-08-19,55.29999923706055,56.0,54.25,55.29999923706055,1300,0,0.0
2005-08-22,56.06999969482422,57.75,55.29999923706055,55.29999923706055,2200,0,0.0
2005-08-23,56.06999969482422,56.70000076293945,56.06999969482422,56.349998474121094,1300,0,0.0
2005-08-24,56.90999984741211,57.33000183105469,56.90999984741211,57.33000183105469,600,0,0.0
2005-08-25,57.2599983215332,57.2599983215332,56.349998474121094,56.349998474121094,1900,0,0.0
2005-08-26,55.720001220703125,56.0,53.20000076293945,53.54999923706055,2600,0,0.0
2005-08-29,55.29999923706055,55.29999923706055,47.95000076293945,49.0,4500,0,0.0
2005-08-30,47.95000076293945,49.70000076293945,47.95000076293945,49.0,800,0,0.0
2005-08-31,50.04999923706055,53.54999923706055,50.04999923706055,51.099998474121094,3600,0,0.0
2005-09-01,51.45000076293945,51.79999923706055,51.099998474121094,51.45000076293945,400,0,0.0
2005-09-02,51.45000076293945,51.45000076293945,50.400001525878906,50.75,800,0,0.0
2005-09-06,50.75,52.849998474121094,49.70000076293945,52.849998474121094,2600,0,0.0
2005-09-07,54.95000076293945,54.95000076293945,50.400001525878906,50.400001525878906,2300,0,0.0
2005-09-08,51.099998474121094,51.099998474121094,49.70000076293945,49.70000076293945,1200,0,0.0
2005-09-09,49.77000045776367,49.77000045776367,48.93000030517578,49.0,3500,0,0.0
2005-09-12,47.95000076293945,49.0,47.25,48.29999923706055,2100,0,0.0
2005-09-13,48.09000015258789,48.29999923706055,46.20000076293945,46.20000076293945,2700,0,0.0
2005-09-14,46.20000076293945,46.20000076293945,44.869998931884766,46.20000076293945,800,0,0.0
2005-09-15,46.20000076293945,46.20000076293945,44.79999923706055,44.79999923706055,1200,0,0.0
2005-09-16,44.79999923706055,44.79999923706055,43.04999923706055,43.75,2600,0,0.0
2005-09-19,44.16999816894531,44.79999923706055,43.75,44.099998474121094,1800,0,0.0
2005-09-20,43.04999923706055,43.400001525878906,35.97999954223633,38.150001525878906,3300,0,0.0
2005-09-21,37.79999923706055,43.75,37.79999923706055,42.84000015258789,4400,0,0.0
2005-09-22,43.400001525878906,43.400001525878906,38.709999084472656,39.20000076293945,600,0,0.0
2005-09-23,38.849998474121094,39.54999923706055,36.04999923706055,37.099998474121094,1700,0,0.0
2005-09-26,38.5,42.0,36.75,40.25,600,0,0.0
2005-09-27,38.849998474121094,38.849998474121094,36.81999969482422,37.099998474121094,500,0,0.0
2005-09-28,37.099998474121094,37.45000076293945,35.0,35.70000076293945,1600,0,0.0
2005-09-29,35.0,37.029998779296875,32.900001525878906,35.0,1400,0,0.0
2005-09-30,35.0,35.0,30.100000381469727,30.799999237060547,4700,0,0.0
2005-10-03,29.75,35.0,28.700000762939453,31.5,2300,0,0.0
2005-10-04,31.850000381469727,40.25,31.850000381469727,38.5,2700,0,0.0
2005-10-05,38.849998474121094,39.20000076293945,31.5,37.099998474121094,2300,0,0.0
2005-10-06,37.79999923706055,38.150001525878906,30.799999237060547,34.650001525878906,800,0,0.0
2005-10-07,37.79999923706055,37.79999923706055,34.650001525878906,37.099998474121094,600,0,0.0
2005-10-10,34.29999923706055,35.0,34.29999923706055,34.29999923706055,200,0,0.0
2005-10-11,31.5,32.20000076293945,31.5,32.20000076293945,300,0,0.0
2005-10-12,32.20000076293945,32.20000076293945,28.420000076293945,30.799999237060547,800,0,0.0
2005-10-13,31.5,35.0,31.5,33.599998474121094,700,0,0.0
2005-10-14,31.5,33.599998474121094,31.5,33.599998474121094,100,0,0.0
2005-10-17,32.900001525878906,32.900001525878906,28.0,28.0,6000,0,0.0
2005-10-18,27.649999618530273,29.399999618530273,24.5,26.600000381469727,6800,0,0.0
2005-10-19,25.200000762939453,25.549999237060547,23.100000381469727,24.5,2400,0,0.0
2005-10-20,23.170000076293945,23.799999237060547,21.489999771118164,22.75,2000,0,0.0
2005-10-21,21.700000762939453,22.1200008392334,21.700000762939453,22.049999237060547,1000,0,0.0
2005-10-24,22.049999237060547,22.75,21.700000762939453,22.75,900,0,0.0
2005-10-25,24.5,25.200000762939453,24.5,24.5,500,0,0.0
2005-10-26,25.200000762939453,25.549999237060547,24.5,25.549999237060547,400,0,0.0
2005-10-27,25.549999237060547,25.549999237060547,25.549999237060547,25.549999237060547,0,0,0.0
2005-10-28,25.549999237060547,25.549999237060547,25.549999237060547,25.549999237060547,0,0,0.0
2005-10-31,26.25,26.25,25.549999237060547,26.25,0,0,0.0
2005-11-01,26.25,26.25,25.549999237060547,25.549999237060547,700,0,0.0
2005-11-02,25.899999618530273,27.15999984741211,25.549999237060547,27.15999984741211,1600,0,0.0
2005-11-03,26.8799991607666,26.8799991607666,26.600000381469727,26.600000381469727,300,0,0.0
2005-11-04,26.600000381469727,28.0,26.600000381469727,28.0,1000,0,0.0
2005-11-07,28.0,28.0,26.600000381469727,26.600000381469727,800,0,0.0
2005-11-08,26.600000381469727,28.0,26.600000381469727,28.0,400,0,0.0
2005-11-09,28.0,28.0,28.0,28.0,200,0,0.0
2005-11-10,28.0,32.900001525878906,28.0,32.54999923706055,1200,0,0.0
2005-11-11,31.5,31.5,28.350000381469727,28.700000762939453,1400,0,0.0
2005-11-14,28.350000381469727,28.350000381469727,28.350000381469727,28.350000381469727,200,0,0.0
2005-11-15,28.350000381469727,30.100000381469727,28.350000381469727,29.049999237060547,400,0,0.0
2005-11-16,29.049999237060547,29.049999237060547,26.600000381469727,26.600000381469727,600,0,0.0
2005-11-17,27.299999237060547,27.299999237060547,25.200000762939453,25.829999923706055,500,0,0.0
2005-11-18,23.799999237060547,24.149999618530273,23.100000381469727,23.100000381469727,500,0,0.0
2005-11-21,24.149999618530273,24.5,23.100000381469727,24.5,4600,0,0.0
2005-11-22,24.149999618530273,25.899999618530273,24.149999618530273,25.200000762939453,700,0,0.0
2005-11-23,25.200000762939453,25.200000762939453,22.81999969482422,25.200000762939453,700,0,0.0
2005-11-25,22.75,25.200000762939453,22.75,25.200000762939453,200,0,0.0
2005-11-28,24.5,24.850000381469727,23.100000381469727,24.850000381469727,1100,0,0.0
2005-11-29,23.100000381469727,25.200000762939453,23.100000381469727,24.149999618530273,200,0,0.0
2005-11-30,24.149999618530273,24.5,22.1200008392334,22.399999618530273,8300,0,0.0
2005-12-01,22.68000030517578,22.75,21.350000381469727,21.6299991607666,3000,0,0.0
2005-12-02,21.06999969482422,21.489999771118164,20.719999313354492,21.0,2500,0,0.0
2005-12-05,20.299999237060547,21.0,18.899999618530273,19.25,3400,0,0.0
2005-12-06,19.600000381469727,19.600000381469727,18.899999618530273,18.899999618530273,2700,0,0.0
2005-12-07,19.389999389648438,19.389999389648438,17.920000076293945,17.920000076293945,4300,0,0.0
2005-12-08,17.5,17.850000381469727,14.0,14.069999694824219,27100,0,0.0
2005-12-09,16.450000762939453,17.5,15.050000190734863,17.5,11500,0,0.0
2005-12-12,17.149999618530273,18.479999542236328,17.149999618530273,18.479999542236328,2000,0,0.0
2005-12-13,18.479999542236328,18.479999542236328,16.799999237060547,17.149999618530273,1900,0,0.0
2005-12-14,17.850000381469727,17.850000381469727,16.030000686645508,16.100000381469727,2500,0,0.0
2005-12-15,16.100000381469727,16.239999771118164,15.75,15.819999694824219,2600,0,0.0
2005-12-16,15.75,15.75,15.399999618530273,15.399999618530273,200,0,0.0
2005-12-19,15.050000190734863,15.75,14.350000381469727,14.350000381469727,1600,0,0.0
2005-12-20,15.050000190734863,15.75,14.699999809265137,14.699999809265137,4000,0,0.0
2005-12-21,14.699999809265137,15.119999885559082,14.699999809265137,15.050000190734863,3100,0,0.0
2005-12-22,14.979999542236328,15.1899995803833,14.979999542236328,15.1899995803833,3100,0,0.0
2005-12-23,15.1899995803833,15.1899995803833,14.0,14.350000381469727,7900,0,0.0
2005-12-27,14.140000343322754,15.399999618530273,12.949999809265137,14.350000381469727,6600,0,0.0
2005-12-28,13.720000267028809,14.350000381469727,12.949999809265137,12.949999809265137,2100,0,0.0
2005-12-29,12.949999809265137,14.0,12.8100004196167,13.930000305175781,3500,0,0.0
2005-12-30,13.15999984741211,13.649999618530273,12.039999961853027,13.649999618530273,29300,0,0.0
2006-01-03,13.649999618530273,14.699999809265137,13.649999618530273,14.0,10100,0,0.0
2006-01-04,14.0,14.0,13.930000305175781,14.0,3400,0,0.0
2006-01-05,14.350000381469727,14.350000381469727,13.930000305175781,14.0,3300,0,0.0
2006-01-06,14.140000343322754,14.210000038146973,13.649999618530273,13.930000305175781,16500,0,0.0
2006-01-09,13.930000305175781,14.0,12.600000381469727,14.0,15900,0,0.0
2006-01-10,13.649999618530273,14.0,13.300000190734863,13.649999618530273,4500,0,0.0
2006-01-11,13.300000190734863,13.859999656677246,13.300000190734863,13.789999961853027,5100,0,0.0
2006-01-12,13.789999961853027,17.079999923706055,13.789999961853027,16.100000381469727,17800,0,0.0
2006-01-13,17.010000228881836,17.079999923706055,16.520000457763672,16.520000457763672,4600,0,0.0
2006-01-17,17.079999923706055,21.350000381469727,16.799999237060547,21.06999969482422,21900,0,0.0
2006-01-18,21.350000381469727,25.1299991607666,21.0,22.959999084472656,25900,0,0.0
2006-01-19,21.84000015258789,24.56999969482422,21.0,24.56999969482422,14000,0,0.0
2006-01-20,26.25,29.399999618530273,25.200000762939453,29.399999618530273,19400,0,0.0
2006-01-23,34.29999923706055,41.650001525878906,31.5,39.20000076293945,28900,0,0.0
2006-01-24,38.849998474121094,38.849998474121094,31.850000381469727,32.20000076293945,8800,0,0.0
2006-01-25,33.25,33.25,28.06999969482422,30.450000762939453,6700,0,0.0
2006-01-26,30.450000762939453,30.450000762939453,28.0,29.049999237060547,5500,0,0.0
2006-01-27,28.350000381469727,29.399999618530273,26.600000381469727,27.15999984741211,5900,0,0.0
2006-01-30,26.18000030517578,26.600000381469727,22.75,23.59000015258789,9900,0,0.0
2006-01-31,23.450000762939453,23.799999237060547,21.06999969482422,22.1200008392334,6500,0,0.0
2006-02-01,22.399999618530273,24.5,22.399999618530273,24.5,1600,0,0.0
2006-02-02,24.639999389648438,24.639999389648438,23.799999237060547,24.5,1800,0,0.0
2006-02-03,24.5,24.5,24.149999618530273,24.149999618530273,900,0,0.0
2006-02-06,24.5,24.5,23.729999542236328,23.799999237060547,700,0,0.0
2006-02-07,23.799999237060547,23.799999237060547,21.559999465942383,21.700000762939453,4200,0,0.0
2006-02-08,21.84000015258789,22.049999237060547,20.299999237060547,20.649999618530273,8600,0,0.0
2006-02-09,21.0,21.350000381469727,20.229999542236328,20.860000610351562,2700,0,0.0
2006-02-10,21.700000762939453,22.75,21.350000381469727,22.75,6500,0,0.0
2006-02-13,22.399999618530273,22.399999618530273,20.299999237060547,20.440000534057617,1800,0,0.0
2006-02-14,20.649999618530273,21.700000762939453,20.649999618530273,21.350000381469727,1400,0,0.0
2006-02-15,21.0,21.209999084472656,19.25,20.649999618530273,4600,0,0.0
2006-02-16,20.790000915527344,21.139999389648438,19.600000381469727,20.649999618530273,3300,0,0.0
2006-02-17,20.649999618530273,20.649999618530273,20.299999237060547,20.440000534057617,1100,0,0.0
2006-02-21,21.209999084472656,25.200000762939453,21.0,24.5,3000,0,0.0
2006-02-22,24.5,27.299999237060547,22.75,24.5,5500,0,0.0
2006-02-23,23.799999237060547,24.149999618530273,22.399999618530273,22.399999618530273,1800,0,0.0
2006-02-24,22.049999237060547,22.049999237060547,21.350000381469727,21.350000381469727,1800,0,0.0
2006-02-27,22.049999237060547,23.100000381469727,21.350000381469727,22.399999618530273,1000,0,0.0
2006-02-28,21.700000762939453,22.399999618530273,21.700000762939453,22.190000534057617,1400,0,0.0
2006-03-01,23.100000381469727,23.100000381469727,22.399999618530273,22.399999618530273,1100,0,0.0
2006-03-02,22.399999618530273,23.450000762939453,22.399999618530273,23.100000381469727,1000,0,0.0
2006-03-03,22.399999618530273,23.100000381469727,22.399999618530273,22.75,900,0,0.0
2006-03-06,22.469999313354492,22.469999313354492,21.350000381469727,21.350000381469727,1100,0,0.0
2006-03-07,21.90999984741211,21.90999984741211,21.209999084472656,21.209999084472656,200,0,0.0
2006-03-08,21.700000762939453,22.049999237060547,21.700000762939453,22.049999237060547,800,0,0.0
2006-03-09,23.100000381469727,23.100000381469727,19.25,19.25,3800,0,0.0
2006-03-10,19.25,20.299999237060547,18.549999237060547,19.25,1100,0,0.0
2006-03-13,19.25,19.25,17.850000381469727,17.850000381469727,3300,0,0.0
2006-03-14,19.600000381469727,19.600000381469727,16.450000762939453,16.450000762939453,6800,0,0.0
2006-03-15,16.239999771118164,16.8700008392334,13.930000305175781,14.420000076293945,12600,0,0.0
2006-03-16,14.210000038146973,15.329999923706055,14.0,14.630000114440918,18500,0,0.0
2006-03-17,15.050000190734863,15.1899995803833,14.770000457763672,14.84000015258789,11100,0,0.0
2006-03-20,14.699999809265137,14.90999984741211,14.350000381469727,14.5600004196167,2700,0,0.0
2006-03-21,14.420000076293945,14.420000076293945,12.670000076293945,12.949999809265137,10600,0,0.0
2006-03-22,13.510000228881836,14.5600004196167,13.510000228881836,14.210000038146973,5300,0,0.0
2006-03-23,14.210000038146973,16.799999237060547,14.140000343322754,14.350000381469727,8100,0,0.0
2006-03-24,14.699999809265137,14.699999809265137,13.649999618530273,13.720000267028809,9200,0,0.0
2006-03-27,13.859999656677246,13.930000305175781,13.4399995803833,13.4399995803833,2000,0,0.0
2006-03-28,13.4399995803833,13.579999923706055,12.600000381469727,13.020000457763672,11700,0,0.0
2006-03-29,12.739999771118164,15.399999618530273,12.739999771118164,14.5600004196167,9000,0,0.0
2006-03-30,15.329999923706055,15.75,14.699999809265137,14.699999809265137,6900,0,0.0
2006-03-31,15.399999618530273,17.079999923706055,15.399999618530273,15.75,10000,0,0.0
2006-04-03,15.890000343322754,15.890000343322754,14.140000343322754,14.140000343322754,5900,0,0.0
2006-04-04,14.0,15.050000190734863,14.0,14.0,1000,0,0.0
2006-04-05,14.90999984741211,14.90999984741211,14.069999694824219,14.630000114440918,1600,0,0.0
2006-04-06,14.069999694824219,14.699999809265137,14.0,14.279999732971191,3200,0,0.0
2006-04-07,14.279999732971191,15.050000190734863,14.140000343322754,15.050000190734863,1100,0,0.0
2006-04-10,14.699999809265137,15.050000190734863,14.0,14.069999694824219,3600,0,0.0
2006-04-11,13.859999656677246,14.350000381469727,13.859999656677246,14.0,3500,0,0.0
2006-04-12,14.350000381469727,14.350000381469727,14.210000038146973,14.210000038146973,1700,0,0.0
2006-04-13,13.510000228881836,14.0,13.510000228881836,13.720000267028809,500,0,0.0
2006-04-17,15.050000190734863,15.050000190734863,14.140000343322754,14.699999809265137,1400,0,0.0
2006-04-18,14.140000343322754,14.210000038146973,13.649999618530273,13.649999618530273,2900,0,0.0
2006-04-19,14.0,15.399999618530273,13.859999656677246,14.5600004196167,6700,0,0.0
2006-04-20,14.5600004196167,14.5600004196167,13.649999618530273,13.720000267028809,8000,0,0.0
2006-04-21,13.859999656677246,18.969999313354492,13.649999618530273,17.5,48500,0,0.0
2006-04-24,16.8700008392334,17.850000381469727,14.0,15.050000190734863,10500,0,0.0
2006-04-25,15.399999618530273,15.399999618530273,13.859999656677246,14.350000381469727,4000,0,0.0
2006-04-26,14.0,14.699999809265137,13.930000305175781,14.350000381469727,2100,0,0.0
2006-04-27,15.050000190734863,16.940000534057617,15.050000190734863,15.539999961853027,8400,0,0.0
2006-04-28,15.539999961853027,15.539999961853027,14.350000381469727,14.699999809265137,1500,0,0.0
2006-05-01,14.699999809265137,14.699999809265137,14.0,14.0,6500,0,0.0
2006-05-02,15.050000190734863,15.050000190734863,14.0,14.0,1700,0,0.0
2006-05-03,14.0,14.350000381469727,14.0,14.0,700,0,0.0
2006-05-04,13.930000305175781,14.0,13.300000190734863,13.300000190734863,3700,0,0.0
2006-05-05,12.949999809265137,13.020000457763672,12.319999694824219,12.670000076293945,13500,0,0.0
2006-05-08,12.670000076293945,12.670000076293945,11.899999618530273,12.25,9600,0,0.0
2006-05-09,12.319999694824219,12.319999694824219,11.550000190734863,11.899999618530273,8300,0,0.0
2006-05-10,11.899999618530273,11.899999618530273,9.100000381469727,11.550000190734863,14100,0,0.0
2006-05-11,11.199999809265137,11.34000015258789,9.800000190734863,10.149999618530273,9000,0,0.0
2006-05-12,10.149999618530273,11.0600004196167,9.800000190734863,10.5,10000,0,0.0
2006-05-15,10.079999923706055,10.5,9.380000114440918,10.079999923706055,21600,0,0.0
2006-05-16,10.079999923706055,10.220000267028809,9.449999809265137,10.149999618530273,12100,0,0.0
2006-05-17,9.800000190734863,9.800000190734863,9.100000381469727,9.800000190734863,1900,0,0.0
2006-05-18,9.869999885559082,9.869999885559082,8.399999618530273,9.100000381469727,17500,0,0.0
2006-05-19,8.75,8.75,7.349999904632568,8.329999923706055,11200,0,0.0
2006-05-22,8.399999618530273,9.9399995803833,8.399999618530273,9.800000190734863,7200,0,0.0
2006-05-23,10.5,10.5,9.520000457763672,9.800000190734863,1300,0,0.0
2006-05-24,10.430000305175781,12.039999961853027,9.65999984741211,9.65999984741211,2200,0,0.0
2006-05-25,9.800000190734863,10.010000228881836,9.3100004196167,9.65999984741211,4300,0,0.0
2006-05-26,9.449999809265137,9.65999984741211,9.3100004196167,9.65999984741211,4300,0,0.0
2006-05-30,9.65999984741211,9.65999984741211,9.65999984741211,9.65999984741211,200,0,0.0
2006-05-31,9.170000076293945,10.149999618530273,9.170000076293945,10.149999618530273,4100,0,0.0
2006-06-01,10.149999618530273,10.149999618530273,8.960000038146973,9.170000076293945,1900,0,0.0
2006-06-02,8.890000343322754,8.960000038146973,8.75,8.960000038146973,13100,0,0.0
2006-06-05,8.960000038146973,8.960000038146973,8.1899995803833,8.1899995803833,4100,0,0.0
2006-06-06,8.119999885559082,8.399999618530273,7.840000152587891,7.840000152587891,2100,0,0.0
2006-06-07,8.260000228881836,8.260000228881836,7.070000171661377,7.489999771118164,9000,0,0.0
2006-06-08,7.420000076293945,8.260000228881836,7.210000038146973,7.210000038146973,3600,0,0.0
2006-06-09,7.139999866485596,7.489999771118164,7.139999866485596,7.489999771118164,1700,0,0.0
2006-06-12,7.840000152587891,8.119999885559082,7.699999809265137,8.119999885559082,8100,0,0.0
2006-06-13,8.050000190734863,8.399999618530273,8.050000190734863,8.399999618530273,2300,0,0.0
2006-06-14,8.050000190734863,8.050000190734863,6.090000152587891,7.070000171661377,5700,0,0.0
2006-06-15,7.070000171661377,7.070000171661377,6.159999847412109,7.0,5000,0,0.0
2006-06-16,6.369999885559082,7.070000171661377,6.369999885559082,7.0,5100,0,0.0
2006-06-19,6.510000228881836,6.510000228881836,6.510000228881836,6.510000228881836,600,0,0.0
2006-06-20,7.0,7.0,6.650000095367432,6.650000095367432,700,0,0.0
2006-06-21,6.650000095367432,6.789999961853027,6.650000095367432,6.789999961853027,2600,0,0.0
2006-06-22,6.929999828338623,6.929999828338623,6.510000228881836,6.650000095367432,2600,0,0.0
2006-06-23,6.369999885559082,6.650000095367432,6.159999847412109,6.159999847412109,5600,0,0.0
2006-06-26,5.739999771118164,6.230000019073486,5.320000171661377,5.320000171661377,32800,0,0.0
2006-06-27,4.550000190734863,4.900000095367432,3.2200000286102295,4.619999885559082,54300,0,0.0
2006-06-28,4.900000095367432,5.110000133514404,4.900000095367432,5.039999961853027,3600,0,0.0
2006-06-29,5.599999904632568,6.159999847412109,5.599999904632568,5.949999809265137,5400,0,0.0
2006-06-30,5.25,5.949999809265137,5.25,5.949999809265137,400,0,0.0
2006-07-03,6.300000190734863,7.0,6.230000019073486,7.0,2200,0,0.0
2006-07-05,6.159999847412109,6.159999847412109,6.159999847412109,6.159999847412109,400,0,0.0
2006-07-06,7.070000171661377,7.070000171661377,6.510000228881836,6.510000228881836,11000,0,0.0
2006-07-07,7.070000171661377,7.070000171661377,6.510000228881836,7.070000171661377,2800,0,0.0
2006-07-10,7.070000171661377,8.260000228881836,6.650000095367432,7.0,2300,0,0.0
2006-07-11,7.0,7.0,7.0,7.0,0,0,0.0
2006-07-12,6.300000190734863,7.070000171661377,6.300000190734863,7.0,5900,0,0.0
2006-07-13,6.300000190734863,7.0,6.300000190734863,6.440000057220459,6800,0,0.0
2006-07-14,6.650000095367432,6.650000095367432,6.650000095367432,6.650000095367432,1300,0,0.0
2006-07-17,6.300000190734863,6.929999828338623,6.300000190734863,6.579999923706055,2200,0,0.0
2006-07-18,7.0,9.800000190734863,7.0,8.399999618530273,69800,0,0.0
2006-07-19,8.539999961853027,8.539999961853027,7.699999809265137,8.050000190734863,9700,0,0.0
2006-07-20,7.840000152587891,8.050000190734863,6.300000190734863,6.300000190734863,12600,0,0.0
2006-07-21,6.019999980926514,6.929999828338623,6.019999980926514,6.300000190734863,1600,0,0.0
2006-07-24,7.0,7.070000171661377,5.809999942779541,6.929999828338623,2600,0,0.0
2006-07-25,5.880000114440918,7.070000171661377,5.880000114440918,7.070000171661377,6800,0,0.0
2006-07-26,7.875,7.875,6.019999980926514,6.650000095367432,3800,0,0.0
2006-07-27,7.0,7.0,6.090000152587891,6.090000152587891,2400,0,0.0
2006-07-28,6.019999980926514,6.019999980926514,5.739999771118164,5.949999809265137,800,0,0.0
2006-07-31,6.300000190734863,7.349999904632568,6.300000190734863,6.650000095367432,8500,0,0.0
2006-08-01,6.650000095367432,6.650000095367432,6.650000095367432,6.650000095367432,800,0,0.0
2006-08-02,6.650000095367432,6.71999979019165,5.949999809265137,5.949999809265137,2300,0,0.0
2006-08-03,5.880000114440918,5.880000114440918,5.880000114440918,5.880000114440918,1200,0,0.0
2006-08-04,6.71999979019165,6.71999979019165,6.71999979019165,6.71999979019165,600,0,0.0
2006-08-07,5.880000114440918,6.71999979019165,5.880000114440918,6.71999979019165,300,0,0.0
2006-08-08,5.880000114440918,6.71999979019165,5.880000114440918,6.71999979019165,600,0,0.0
2006-08-09,6.440000057220459,7.0,6.440000057220459,6.650000095367432,1700,0,0.0
2006-08-10,6.440000057220459,6.650000095367432,6.440000057220459,6.650000095367432,800,0,0.0
2006-08-11,7.070000171661377,7.070000171661377,5.949999809265137,5.949999809265137,1400,0,0.0
2006-08-14,5.949999809265137,6.860000133514404,5.949999809265137,6.300000190734863,1400,0,0.0
2006-08-15,6.300000190734863,7.070000171661377,5.880000114440918,5.880000114440918,1900,0,0.0
2006-08-16,6.300000190734863,6.300000190734863,6.300000190734863,6.300000190734863,300,0,0.0
2006-08-17,6.300000190734863,6.300000190734863,5.880000114440918,5.949999809265137,800,0,0.0
2006-08-18,5.949999809265137,6.300000190734863,5.949999809265137,6.300000190734863,600,0,0.0
2006-08-21,5.880000114440918,6.650000095367432,5.809999942779541,6.300000190734863,900,0,0.0
2006-08-22,6.650000095367432,6.650000095367432,6.650000095367432,6.650000095367432,0,0,0.0
2006-08-23,6.440000057220459,6.650000095367432,5.809999942779541,6.579999923706055,5100,0,0.0
2006-08-24,6.090000152587891,7.070000171661377,6.090000152587891,7.0,3000,0,0.0
2006-08-25,7.070000171661377,7.070000171661377,6.650000095367432,7.0,2300,0,0.0
2006-08-28,7.0,7.070000171661377,7.0,7.070000171661377,1100,0,0.0
2006-08-29,6.650000095367432,7.070000171661377,5.949999809265137,6.824999809265137,9500,0,0.0
2006-08-30,6.824999809265137,6.824999809265137,6.300000190734863,6.824999809265137,600,0,0.0
2006-08-31,5.949999809265137,6.860000133514404,5.949999809265137,6.860000133514404,1600,0,0.0
2006-09-01,6.860000133514404,6.860000133514404,6.860000133514404,6.860000133514404,200,0,0.0
2006-09-05,6.789999961853027,6.860000133514404,6.300000190734863,6.650000095367432,800,0,0.0
2006-09-06,6.300000190734863,6.579999923706055,6.230000019073486,6.300000190734863,4400,0,0.0
2006-09-07,6.300000190734863,6.300000190734863,6.090000152587891,6.090000152587891,500,0,0.0
2006-09-08,6.300000190734863,6.71999979019165,6.300000190734863,6.71999979019165,1200,0,0.0
2006-09-11,6.300000190734863,6.300000190734863,5.949999809265137,5.949999809265137,1400,0,0.0
2006-09-12,5.949999809265137,5.949999809265137,5.949999809265137,5.949999809265137,800,0,0.0
2006-09-13,5.949999809265137,5.949999809265137,5.949999809265137,5.949999809265137,2600,0,0.0
2006-09-14,5.739999771118164,5.949999809265137,5.739999771118164,5.949999809265137,900,0,0.0
2006-09-15,5.949999809265137,5.949999809265137,5.670000076293945,5.949999809265137,1200,0,0.0
2006-09-18,5.599999904632568,5.949999809265137,5.25,5.389999866485596,2600,0,0.0
2006-09-19,5.880000114440918,5.880000114440918,5.880000114440918,5.880000114440918,100,0,0.0
2006-09-20,5.880000114440918,5.880000114440918,5.809999942779541,5.809999942779541,0,0,0.0
2006-09-21,5.320000171661377,5.809999942779541,4.900000095367432,5.039999961853027,8300,0,0.0
2006-09-22,5.039999961853027,5.53000020980835,4.900000095367432,5.039999961853027,6400,0,0.0
2006-09-25,5.25,5.25,4.829999923706055,5.179999828338623,3000,0,0.0
2006-09-26,5.110000133514404,5.599999904632568,5.110000133514404,5.25,1400,0,0.0
2006-09-27,5.256999969482422,5.949999809265137,5.256999969482422,5.320000171661377,12400,0,0.0
2006-09-28,5.389999866485596,5.389999866485596,5.389999866485596,5.389999866485596,600,0,0.0
2006-09-29,5.460000038146973,5.460000038146973,5.179999828338623,5.179999828338623,6600,0,0.0
2006-10-02,5.25,5.25,5.110000133514404,5.110000133514404,1000,0,0.0
2006-10-03,4.900000095367432,5.25,4.829999923706055,5.039999961853027,3900,0,0.0
2006-10-04,4.829999923706055,5.039999961853027,4.829999923706055,4.900000095367432,2700,0,0.0
2006-10-05,5.039999961853027,5.039999961853027,4.900000095367432,4.900000095367432,1800,0,0.0
2006-10-06,5.039999961853027,5.039999961853027,4.619999885559082,4.619999885559082,5800,0,0.0
2006-10-09,4.619999885559082,4.619999885559082,4.619999885559082,4.619999885559082,0,0,0.0
2006-10-10,5.039999961853027,5.53000020980835,4.96999979019165,5.25,7300,0,0.0
2006-10-11,5.53000020980835,6.090000152587891,5.53000020980835,6.090000152587891,3200,0,0.0
2006-10-12,6.090000152587891,6.090000152587891,5.949999809265137,5.949999809265137,700,0,0.0
2006-10-13,5.949999809265137,5.949999809265137,5.599999904632568,5.599999904632568,1400,0,0.0
2006-10-16,5.949999809265137,6.019999980926514,5.460000038146973,5.460000038146973,8800,0,0.0
2006-10-17,5.460000038146973,5.809999942779541,5.460000038146973,5.809999942779541,1700,0,0.0
2006-10-18,5.460000038146973,5.809999942779541,5.460000038146973,5.599999904632568,1500,0,0.0
2006-10-19,5.599999904632568,5.599999904632568,4.900000095367432,5.039999961853027,2800,0,0.0
2006-10-20,5.809999942779541,5.809999942779541,5.599999904632568,5.809999942779541,1500,0,0.0
2006-10-23,5.460000038146973,5.599999904632568,5.460000038146973,5.599999904632568,200,0,0.0
2006-10-24,5.949999809265137,5.949999809265137,5.460000038146973,5.460000038146973,2100,0,0.0
2006-10-25,5.25,5.809999942779541,4.900000095367432,4.900000095367432,1800,0,0.0
2006-10-26,5.039999961853027,5.039999961853027,4.900000095367432,4.900000095367432,200,0,0.0
2006-10-27,5.809999942779541,5.809999942779541,4.900000095367432,4.900000095367432,1500,0,0.0
2006-10-30,4.900000095367432,4.900000095367432,4.900000095367432,4.900000095367432,0,0,0.0
2006-10-31,4.900000095367432,5.25,4.900000095367432,4.96999979019165,2000,0,0.0
2006-11-01,4.96999979019165,4.96999979019165,4.96999979019165,4.96999979019165,200,0,0.0
2006-11-02,5.179999828338623,5.179999828338623,4.550000190734863,4.900000095367432,20300,0,0.0
2006-11-03,5.039999961853027,5.039999961853027,4.619999885559082,4.619999885559082,1500,0,0.0
2006-11-06,4.96999979019165,5.25,4.760000228881836,4.900000095367432,3100,0,0.0
2006-11-07,4.900000095367432,5.25,4.900000095367432,4.900000095367432,2700,0,0.0
2006-11-08,4.550000190734863,4.900000095367432,4.550000190734863,4.900000095367432,700,0,0.0
2006-11-09,5.179999828338623,5.809999942779541,5.039999961853027,5.389999866485596,4600,0,0.0
2006-11-10,5.739999771118164,5.739999771118164,4.900000095367432,5.739999771118164,700,0,0.0
2006-11-13,5.389999866485596,5.739999771118164,4.900000095367432,4.900000095367432,4100,0,0.0
2006-11-14,4.900000095367432,5.599999904632568,4.900000095367432,5.599999904632568,1500,0,0.0
2006-11-15,4.900000095367432,4.900000095367432,4.900000095367432,4.900000095367432,1000,0,0.0
2006-11-16,4.619999885559082,5.53000020980835,4.619999885559082,4.619999885559082,1900,0,0.0
2006-11-17,4.619999885559082,5.53000020980835,4.550000190734863,4.550000190734863,8200,0,0.0
2006-11-20,4.690000057220459,4.690000057220459,4.550000190734863,4.690000057220459,1900,0,0.0
2006-11-21,4.550000190734863,4.760000228881836,4.409999847412109,4.409999847412109,6300,0,0.0
2006-11-22,4.409999847412109,4.409999847412109,4.340000152587891,4.340000152587891,3300,0,0.0
2006-11-24,4.480000019073486,4.480000019073486,4.480000019073486,4.480000019073486,700,0,0.0
2006-11-27,4.304999828338623,4.340000152587891,4.304999828338623,4.304999828338623,1200,0,0.0
2006-11-28,4.304999828338623,4.340000152587891,4.269999980926514,4.269999980926514,1600,0,0.0
2006-11-29,4.269999980926514,4.550000190734863,4.269999980926514,4.409999847412109,1900,0,0.0
2006-11-30,4.550000190734863,4.550000190734863,4.269999980926514,4.340000152587891,4500,0,0.0
2006-12-01,4.340000152587891,4.340000152587891,3.990000009536743,4.130000114440918,6700,0,0.0
2006-12-04,3.990000009536743,4.059999942779541,3.9549999237060547,4.059999942779541,2700,0,0.0
2006-12-05,4.025000095367432,4.130000114440918,3.990000009536743,4.130000114440918,2300,0,0.0
2006-12-06,4.130000114440918,4.130000114440918,3.990000009536743,4.09499979019165,2100,0,0.0
2006-12-07,4.130000114440918,4.130000114440918,3.990000009536743,3.990000009536743,1900,0,0.0
2006-12-08,3.990000009536743,4.059999942779541,3.9549999237060547,4.059999942779541,3000,0,0.0
2006-12-11,3.990000009536743,4.025000095367432,3.990000009536743,3.990000009536743,400,0,0.0
2006-12-12,4.059999942779541,4.900000095367432,4.059999942779541,4.900000095367432,29700,0,0.0
2006-12-13,4.760000228881836,4.900000095367432,4.550000190734863,4.900000095367432,5200,0,0.0
2006-12-14,4.900000095367432,4.900000095367432,4.269999980926514,4.690000057220459,7400,0,0.0
2006-12-15,4.199999809265137,4.690000057220459,4.199999809265137,4.550000190734863,5900,0,0.0
2006-12-18,4.550000190734863,4.550000190734863,4.269999980926514,4.269999980926514,2800,0,0.0
2006-12-19,4.199999809265137,4.269999980926514,4.199999809265137,4.269999980926514,700,0,0.0
2006-12-20,4.480000019073486,4.480000019073486,4.199999809265137,4.409999847412109,1800,0,0.0
2006-12-21,4.269999980926514,4.340000152587891,4.269999980926514,4.269999980926514,3200,0,0.0
2006-12-22,4.269999980926514,4.340000152587891,4.199999809265137,4.199999809265137,4200,0,0.0
2006-12-26,4.340000152587891,4.340000152587891,4.199999809265137,4.199999809265137,2400,0,0.0
2006-12-27,4.199999809265137,4.199999809265137,4.059999942779541,4.059999942779541,4900,0,0.0
2006-12-28,4.059999942779541,4.199999809265137,3.8499999046325684,3.8499999046325684,3400,0,0.0
2006-12-29,3.8499999046325684,3.8499999046325684,3.0799999237060547,3.0799999237060547,30500,0,0.0
2007-01-03,2.940000057220459,3.5,2.869999885559082,3.2899999618530273,5800,0,0.0
2007-01-04,3.5,3.5,2.940000057220459,2.940000057220459,2700,0,0.0
2007-01-05,2.940000057220459,3.1500000953674316,2.799999952316284,3.1500000953674316,7900,0,0.0
2007-01-08,3.430000066757202,3.430000066757202,3.1500000953674316,3.359999895095825,900,0,0.0
2007-01-09,3.1500000953674316,3.430000066757202,3.0799999237060547,3.1500000953674316,3800,0,0.0
2007-01-10,3.184999942779541,3.184999942779541,3.1500000953674316,3.1500000953674316,500,0,0.0
2007-01-11,3.1500000953674316,3.1500000953674316,3.0799999237060547,3.1500000953674316,3000,0,0.0
2007-01-12,3.2200000286102295,3.8499999046325684,3.1500000953674316,3.2899999618530273,8100,0,0.0
2007-01-16,3.2200000286102295,3.7100000381469727,3.2200000286102295,3.7100000381469727,2200,0,0.0
2007-01-17,3.7100000381469727,3.7100000381469727,3.5,3.5,2500,0,0.0
2007-01-18,3.2200000286102295,3.640000104904175,3.2200000286102295,3.2200000286102295,3600,0,0.0
2007-01-19,3.5,3.5,3.0799999237060547,3.5,21300,0,0.0
2007-01-22,3.5,3.7799999713897705,3.359999895095825,3.359999895095825,10000,0,0.0
2007-01-23,3.5,3.5,3.2200000286102295,3.359999895095825,2800,0,0.0
2007-01-24,3.5,3.990000009536743,3.5,3.9200000762939453,10800,0,0.0
2007-01-25,3.7799999713897705,4.269999980926514,3.7799999713897705,4.059999942779541,9500,0,0.0
2007-01-26,4.059999942779541,4.059999942779541,3.990000009536743,4.059999942779541,1800,0,0.0
2007-01-29,4.059999942779541,4.199999809265137,3.8499999046325684,3.8499999046325684,4300,0,0.0
2007-01-30,3.990000009536743,3.990000009536743,3.569999933242798,3.569999933242798,900,0,0.0
2007-01-31,3.7100000381469727,3.8499999046325684,3.640000104904175,3.640000104904175,2400,0,0.0
2007-02-01,3.569999933242798,3.7799999713897705,3.2200000286102295,3.2200000286102295,7100,0,0.0
2007-02-02,3.2200000286102295,3.2200000286102295,3.2200000286102295,3.2200000286102295,0,0,0.0
2007-02-05,3.5,3.5,3.359999895095825,3.430000066757202,7000,0,0.0
2007-02-06,3.430000066757202,3.430000066757202,3.2200000286102295,3.430000066757202,6900,0,0.0
2007-02-07,3.359999895095825,3.5,3.359999895095825,3.430000066757202,9500,0,0.0
2007-02-08,3.5,3.990000009536743,3.430000066757202,3.9200000762939453,8500,0,0.0
2007-02-09,3.9200000762939453,3.9200000762939453,3.9200000762939453,3.9200000762939453,0,0,0.0
2007-02-12,3.569999933242798,3.8499999046325684,3.569999933242798,3.8499999046325684,2500,0,0.0
2007-02-13,3.7100000381469727,3.7100000381469727,3.359999895095825,3.5,3600,0,0.0
2007-02-14,3.1500000953674316,3.569999933242798,3.1500000953674316,3.5,1700,0,0.0
2007-02-15,3.2200000286102295,3.2200000286102295,3.1500000953674316,3.1500000953674316,0,0,0.0
2007-02-16,3.5,3.5,3.5,3.5,0,0,0.0
2007-02-20,3.5,3.569999933242798,3.1500000953674316,3.1500000953674316,9500,0,0.0
2007-02-21,3.1500000953674316,3.5,2.799999952316284,2.799999952316284,7400,0,0.0
2007-02-22,2.799999952316284,2.869999885559082,2.450000047683716,2.484999895095825,8500,0,0.0
2007-02-23,2.484999895095825,2.5899999141693115,1.9600000381469727,1.9600000381469727,13700,0,0.0
2007-02-26,2.450000047683716,2.450000047683716,1.9600000381469727,2.240000009536743,10800,0,0.0
2007-02-27,2.1700000762939453,2.240000009536743,2.0299999713897705,2.0299999713897705,6500,0,0.0
2007-02-28,2.240000009536743,2.240000009536743,2.0299999713897705,2.0999999046325684,5100,0,0.0
2007-03-01,2.240000009536743,2.240000009536743,1.9600000381469727,2.0999999046325684,9600,0,0.0
2007-03-02,2.0299999713897705,2.0999999046325684,1.9600000381469727,1.9600000381469727,3200,0,0.0
2007-03-05,1.9600000381469727,2.0999999046325684,1.8200000524520874,2.0999999046325684,25800,0,0.0
2007-03-06,1.8899999856948853,1.9600000381469727,1.8899999856948853,1.8899999856948853,6600,0,0.0
2007-03-07,1.8550000190734863,1.8899999856948853,1.4700000286102295,1.5049999952316284,23600,0,0.0
2007-03-08,1.6799999475479126,1.6799999475479126,1.5399999618530273,1.5399999618530273,11900,0,0.0
2007-03-09,1.75,1.75,1.3650000095367432,1.3650000095367432,12600,0,0.0
2007-03-12,1.399999976158142,1.6799999475479126,1.399999976158142,1.6100000143051147,6500,0,0.0
2007-03-13,1.399999976158142,1.5399999618530273,1.3300000429153442,1.5399999618530273,4800,0,0.0
2007-03-14,1.5399999618530273,1.5399999618530273,1.4700000286102295,1.4700000286102295,1600,0,0.0
2007-03-15,1.4700000286102295,1.6100000143051147,1.4700000286102295,1.5399999618530273,14200,0,0.0
2007-03-16,1.6100000143051147,1.9600000381469727,1.5399999618530273,1.9600000381469727,8400,0,0.0
2007-03-19,1.6799999475479126,2.0999999046325684,1.6799999475479126,1.75,14300,0,0.0
2007-03-20,1.75,2.0299999713897705,1.75,1.8899999856948853,20900,0,0.0
2007-03-21,1.8899999856948853,1.8899999856948853,1.8200000524520874,1.8200000524520874,8400,0,0.0
2007-03-22,1.8899999856948853,1.8899999856948853,1.8200000524520874,1.8899999856948853,8300,0,0.0
2007-03-23,1.9600000381469727,2.799999952316284,1.8899999856948853,2.6600000858306885,71000,0,0.0
2007-03-26,2.869999885559082,2.869999885559082,2.380000114440918,2.380000114440918,39300,0,0.0
2007-03-27,2.5199999809265137,2.5199999809265137,2.309999942779541,2.3450000286102295,10300,0,0.0
2007-03-28,2.450000047683716,2.450000047683716,2.380000114440918,2.450000047683716,10500,0,0.0
2007-03-29,2.450000047683716,2.450000047683716,2.309999942779541,2.3450000286102295,5400,0,0.0
2007-03-30,2.450000047683716,2.450000047683716,2.380000114440918,2.380000114440918,5400,0,0.0
2007-04-02,2.380000114440918,2.4010000228881836,2.240000009536743,2.240000009536743,6500,0,0.0
2007-04-03,2.240000009536743,2.4149999618530273,1.8899999856948853,2.0999999046325684,18200,0,0.0
2007-04-04,2.0299999713897705,2.0299999713897705,1.75,1.75,15300,0,0.0
2007-04-05,1.6449999809265137,1.8200000524520874,1.6100000143051147,1.75,15500,0,0.0
2007-04-09,1.784999966621399,1.8899999856948853,1.6799999475479126,1.6799999475479126,7400,0,0.0
2007-04-10,1.75,1.75,1.6100000143051147,1.6100000143051147,12900,0,0.0
2007-04-11,1.6100000143051147,1.6100000143051147,1.399999976158142,1.4700000286102295,8200,0,0.0
2007-04-12,1.4700000286102295,1.4700000286102295,1.399999976158142,1.399999976158142,6300,0,0.0
2007-04-13,1.4700000286102295,1.5399999618530273,1.3300000429153442,1.3300000429153442,27700,0,0.0
2007-04-16,1.399999976158142,1.4700000286102295,1.399999976158142,1.399999976158142,3900,0,0.0
2007-04-17,1.4700000286102295,1.4700000286102295,1.399999976158142,1.399999976158142,1300,0,0.0
2007-04-18,1.4700000286102295,1.4700000286102295,1.399999976158142,1.4700000286102295,6500,0,0.0
2007-04-19,1.4700000286102295,1.5399999618530273,1.434999942779541,1.5399999618530273,7400,0,0.0
2007-04-20,1.5399999618530273,1.6100000143051147,1.4700000286102295,1.5399999618530273,2600,0,0.0
2007-04-23,1.5399999618530273,1.5399999618530273,1.4980000257492065,1.5399999618530273,4900,0,0.0
2007-04-24,1.4700000286102295,1.4700000286102295,1.4700000286102295,1.4700000286102295,3400,0,0.0
2007-04-25,1.4700000286102295,1.4700000286102295,1.434999942779541,1.4700000286102295,4600,0,0.0
2007-04-26,1.4700000286102295,1.4700000286102295,1.399999976158142,1.399999976158142,4300,0,0.0
2007-04-27,1.399999976158142,1.5049999952316284,1.399999976158142,1.5049999952316284,5000,0,0.0
2007-04-30,1.399999976158142,1.399999976158142,1.3300000429153442,1.3300000429153442,4400,0,0.0
2007-05-01,1.5049999952316284,1.5049999952316284,1.3300000429153442,1.3300000429153442,3700,0,0.0
2007-05-02,1.3300000429153442,1.3300000429153442,1.3300000429153442,1.3300000429153442,1800,0,0.0
2007-05-03,1.399999976158142,1.4700000286102295,1.3300000429153442,1.4700000286102295,4000,0,0.0
2007-05-04,1.4700000286102295,1.4700000286102295,1.3300000429153442,1.3300000429153442,7400,0,0.0
2007-05-07,1.399999976158142,1.399999976158142,1.3300000429153442,1.399999976158142,2000,0,0.0
2007-05-08,1.399999976158142,1.399999976158142,1.399999976158142,1.399999976158142,1000,0,0.0
2007-05-09,1.399999976158142,1.399999976158142,1.399999976158142,1.399999976158142,2400,0,0.0
2007-05-10,1.5049999952316284,1.9600000381469727,1.5049999952316284,1.9600000381469727,6400,0,0.0
2007-05-11,1.8899999856948853,1.8899999856948853,1.399999976158142,1.4700000286102295,4600,0,0.0
2007-05-14,1.5399999618530273,1.5399999618530273,1.399999976158142,1.399999976158142,800,0,0.0
2007-05-15,1.399999976158142,1.399999976158142,1.3300000429153442,1.3300000429153442,6200,0,0.0
2007-05-16,1.2599999904632568,1.3300000429153442,1.1200000047683716,1.2599999904632568,9500,0,0.0
2007-05-17,1.2599999904632568,1.399999976158142,1.2599999904632568,1.2599999904632568,5400,0,0.0
2007-05-18,1.3300000429153442,1.4700000286102295,1.3300000429153442,1.4700000286102295,4600,0,0.0
2007-05-21,1.4700000286102295,1.6100000143051147,1.399999976158142,1.399999976158142,13100,0,0.0
2007-05-22,1.6100000143051147,1.6100000143051147,1.399999976158142,1.399999976158142,15800,0,0.0
2007-05-23,1.3300000429153442,1.3300000429153442,1.3300000429153442,1.3300000429153442,1500,0,0.0
2007-05-24,1.399999976158142,1.399999976158142,1.3300000429153442,1.399999976158142,4900,0,0.0
2007-05-25,1.399999976158142,1.399999976158142,1.399999976158142,1.399999976158142,0,0,0.0
2007-05-29,1.399999976158142,1.4700000286102295,1.399999976158142,1.399999976158142,5200,0,0.0
2007-05-30,1.434999942779541,1.434999942779541,1.3300000429153442,1.3300000429153442,5800,0,0.0
2007-05-31,1.3860000371932983,1.399999976158142,1.3300000429153442,1.3300000429153442,5000,0,0.0
2007-06-01,1.3300000429153442,1.399999976158142,1.3300000429153442,1.399999976158142,100,0,0.0
2007-06-04,1.399999976158142,1.399999976158142,1.3930000066757202,1.3930000066757202,1200,0,0.0
2007-06-05,1.3300000429153442,1.3930000066757202,1.3300000429153442,1.3300000429153442,7400,0,0.0
2007-06-06,1.399999976158142,1.399999976158142,1.2599999904632568,1.2599999904632568,5400,0,0.0
2007-06-07,1.2599999904632568,1.2599999904632568,1.2599999904632568,1.2599999904632568,700,0,0.0
2007-06-08,1.2599999904632568,1.2599999904632568,1.2599999904632568,1.2599999904632568,700,0,0.0
2007-06-11,1.2599999904632568,1.2599999904632568,1.2599999904632568,1.2599999904632568,1400,0,0.0
2007-06-12,1.399999976158142,1.399999976158142,1.3300000429153442,1.3300000429153442,1100,0,0.0
2007-06-13,1.2669999599456787,1.2669999599456787,1.2669999599456787,1.2669999599456787,0,0,0.0
2007-06-14,1.2669999599456787,1.399999976158142,1.2599999904632568,1.2599999904632568,10500,0,0.0
2007-06-15,1.1200000047683716,1.2599999904632568,1.1200000047683716,1.2599999904632568,6500,0,0.0
2007-06-18,1.2599999904632568,1.2599999904632568,1.2599999904632568,1.2599999904632568,7900,0,0.0
2007-06-19,1.399999976158142,1.4700000286102295,1.3300000429153442,1.399999976158142,12200,0,0.0
2007-06-20,1.75,2.5199999809265137,1.6100000143051147,2.0999999046325684,67700,0,0.0
2007-06-21,1.9600000381469727,2.1700000762939453,1.6729999780654907,1.6729999780654907,12900,0,0.0
2007-06-22,1.5399999618530273,1.75,1.5399999618530273,1.75,10800,0,0.0
2007-06-25,1.75,1.75,1.5399999618530273,1.5399999618530273,3500,0,0.0
2007-06-26,1.6799999475479126,1.6799999475479126,1.4700000286102295,1.4769999980926514,7800,0,0.0
2007-06-27,1.6100000143051147,1.6100000143051147,1.4700000286102295,1.4700000286102295,2800,0,0.0
2007-06-28,1.399999976158142,1.399999976158142,1.3300000429153442,1.399999976158142,3100,0,0.0
2007-06-29,1.399999976158142,1.75,1.399999976158142,1.6799999475479126,9400,0,0.0
2007-07-02,1.75,1.75,1.75,1.75,3700,0,0.0
2007-07-03,1.399999976158142,1.75,1.399999976158142,1.75,0,0,0.0
2007-07-05,1.399999976158142,1.75,1.399999976158142,1.6100000143051147,1100,0,0.0
2007-07-06,1.6100000143051147,1.6100000143051147,1.399999976158142,1.5470000505447388,7800,0,0.0
2007-07-09,1.4700000286102295,1.4700000286102295,1.399999976158142,1.399999976158142,4500,0,0.0
2007-07-10,1.4420000314712524,1.4420000314712524,1.4420000314712524,1.4420000314712524,100,0,0.0
2007-07-11,1.5399999618530273,1.75,1.406999945640564,1.4700000286102295,12800,0,0.0
2007-07-12,1.406999945640564,1.4700000286102295,1.406999945640564,1.434999942779541,3000,0,0.0
2007-07-13,1.434999942779541,1.4700000286102295,1.434999942779541,1.4700000286102295,10700,0,0.0
2007-07-16,1.75,1.75,1.5399999618530273,1.5399999618530273,7400,0,0.0
2007-07-17,1.5399999618530273,1.5399999618530273,1.5399999618530273,1.5399999618530273,0,0,0.0
2007-07-18,1.75,1.75,1.6519999504089355,1.75,3500,0,0.0
2007-07-19,2.0299999713897705,2.0299999713897705,1.75,1.9950000047683716,13800,0,0.0
2007-07-20,2.0299999713897705,2.5899999141693115,2.0299999713897705,2.316999912261963,19300,0,0.0
2007-07-23,2.5899999141693115,2.940000057220459,2.5199999809265137,2.5199999809265137,24100,0,0.0
2007-07-24,2.5199999809265137,2.7300000190734863,2.450000047683716,2.7300000190734863,12300,0,0.0
2007-07-25,2.7300000190734863,2.7300000190734863,2.5899999141693115,2.5899999141693115,700,0,0.0
2007-07-26,2.5899999141693115,2.5899999141693115,2.1700000762939453,2.1700000762939453,7200,0,0.0
2007-07-27,2.1700000762939453,2.1700000762939453,2.1700000762939453,2.1700000762939453,0,0,0.0
2007-07-30,1.9600000381469727,2.309999942779541,1.9600000381469727,2.0999999046325684,5900,0,0.0
2007-07-31,2.0999999046325684,2.309999942779541,1.9600000381469727,2.0999999046325684,3300,0,0.0
2007-08-01,2.0999999046325684,2.1700000762939453,1.9600000381469727,1.9600000381469727,100,0,0.0
2007-08-02,1.9600000381469727,2.0299999713897705,1.9600000381469727,2.0299999713897705,6500,0,0.0
2007-08-03,2.0299999713897705,2.0299999713897705,1.9600000381469727,1.9600000381469727,5100,0,0.0
2007-08-06,1.9600000381469727,1.9600000381469727,1.8200000524520874,1.8200000524520874,7900,0,0.0
2007-08-07,1.9600000381469727,2.0299999713897705,1.8899999856948853,1.8899999856948853,16900,0,0.0
2007-08-08,1.8200000524520874,2.0299999713897705,1.8200000524520874,1.9600000381469727,10900,0,0.0
2007-08-09,1.9600000381469727,2.0299999713897705,1.8200000524520874,1.8200000524520874,9800,0,0.0
2007-08-10,1.8200000524520874,1.8200000524520874,1.75,1.75,4400,0,0.0
2007-08-13,1.8899999856948853,1.8899999856948853,1.8200000524520874,1.8899999856948853,3600,0,0.0
2007-08-14,1.75,1.8899999856948853,1.75,1.8899999856948853,2900,0,0.0
2007-08-15,1.75,1.8200000524520874,1.6799999475479126,1.75,6600,0,0.0
2007-08-16,1.75,1.8200000524520874,1.6100000143051147,1.8200000524520874,5500,0,0.0
2007-08-17,1.8200000524520874,1.8200000524520874,1.6100000143051147,1.6100000143051147,2300,0,0.0
2007-08-20,1.6100000143051147,1.8200000524520874,1.6100000143051147,1.75,7100,0,0.0
2007-08-21,1.75,1.8899999856948853,1.75,1.8899999856948853,300,0,0.0
2007-08-22,1.75,1.8899999856948853,1.75,1.8200000524520874,3300,0,0.0
2007-08-23,1.8200000524520874,1.8200000524520874,1.8200000524520874,1.8200000524520874,3300,0,0.0
2007-08-24,1.75,1.75,1.75,1.75,1800,0,0.0
2007-08-27,1.8200000524520874,1.8200000524520874,1.7430000305175781,1.75,2600,0,0.0
2007-08-28,1.75,1.75,1.399999976158142,1.4700000286102295,9400,0,0.0
2007-08-29,1.5399999618530273,1.8200000524520874,1.5399999618530273,1.8200000524520874,1500,0,0.0
2007-08-30,1.6100000143051147,1.75,1.5399999618530273,1.75,4200,0,0.0
2007-08-31,1.75,1.75,1.5399999618530273,1.5399999618530273,400,0,0.0
2007-09-04,1.5399999618530273,1.5399999618530273,1.399999976158142,1.4700000286102295,16000,0,0.0
2007-09-05,1.5399999618530273,1.5399999618530273,1.4769999980926514,1.5399999618530273,5700,0,0.0
2007-09-06,1.5119999647140503,1.6100000143051147,1.5119999647140503,1.6100000143051147,3800,0,0.0
2007-09-07,1.6100000143051147,1.6799999475479126,1.5399999618530273,1.6799999475479126,7100,0,0.0
2007-09-10,1.6799999475479126,2.1700000762939453,1.6100000143051147,1.8550000190734863,9000,0,0.0
2007-09-11,1.8200000524520874,1.8200000524520874,1.399999976158142,1.4839999675750732,6600,0,0.0
2007-09-12,1.75,1.75,1.6449999809265137,1.6449999809265137,1900,0,0.0
2007-09-13,1.399999976158142,1.5399999618530273,1.399999976158142,1.5399999618530273,6400,0,0.0
2007-09-14,1.8899999856948853,1.8899999856948853,1.8899999856948853,1.8899999856948853,700,0,0.0
2007-09-17,1.8899999856948853,1.8899999856948853,1.5399999618530273,1.5399999618530273,5000,0,0.0
2007-09-18,1.4769999980926514,1.75,1.4769999980926514,1.5399999618530273,1400,0,0.0
2007-09-19,1.75,1.75,1.75,1.75,700,0,0.0
2007-09-20,1.5679999589920044,1.7430000305175781,1.5399999618530273,1.6799999475479126,6400,0,0.0
2007-09-21,1.6799999475479126,1.6799999475479126,1.4700000286102295,1.4700000286102295,3200,0,0.0
2007-09-24,1.5470000505447388,1.5470000505447388,1.5470000505447388,1.5470000505447388,1700,0,0.0
2007-09-25,1.6100000143051147,1.6799999475479126,1.5399999618530273,1.5399999618530273,4000,0,0.0
2007-09-26,1.4700000286102295,1.6100000143051147,1.4700000286102295,1.6100000143051147,1000,0,0.0
2007-09-27,1.6100000143051147,1.715000033378601,1.5399999618530273,1.5399999618530273,4200,0,0.0
2007-09-28,1.5399999618530273,1.7430000305175781,1.5399999618530273,1.5399999618530273,6600,0,0.0
2007-10-01,1.4279999732971191,1.5399999618530273,1.399999976158142,1.399999976158142,9200,0,0.0
2007-10-02,1.4700000286102295,1.5399999618530273,1.399999976158142,1.399999976158142,8300,0,0.0
2007-10-03,1.434999942779541,1.434999942779541,1.190000057220459,1.190000057220459,12700,0,0.0
2007-10-04,1.3300000429153442,1.399999976158142,1.3300000429153442,1.399999976158142,1800,0,0.0
2007-10-05,1.75,1.8200000524520874,1.4700000286102295,1.4700000286102295,15000,0,0.0
2007-10-08,1.8200000524520874,1.8200000524520874,1.4700000286102295,1.4700000286102295,4300,0,0.0
2007-10-09,1.8200000524520874,1.8200000524520874,1.5399999618530273,1.6100000143051147,16800,0,0.0
2007-10-10,1.75,1.8899999856948853,1.6100000143051147,1.6100000143051147,12500,0,0.0
2007-10-11,1.8200000524520874,1.8200000524520874,1.6100000143051147,1.6100000143051147,4400,0,0.0
2007-10-12,1.6100000143051147,1.6100000143051147,1.6100000143051147,1.6100000143051147,200,0,0.0
2007-10-15,1.75,1.8200000524520874,1.5399999618530273,1.75,10400,0,0.0
2007-10-16,1.812999963760376,1.812999963760376,1.812999963760376,1.812999963760376,0,0,0.0
2007-10-17,1.5399999618530273,1.5399999618530273,1.5399999618530273,1.5399999618530273,3600,0,0.0
2007-10-18,1.5399999618530273,1.5399999618530273,1.5399999618530273,1.5399999618530273,0,0,0.0
2007-10-19,1.6100000143051147,1.75,1.6100000143051147,1.75,4400,0,0.0
2007-10-22,1.5399999618530273,1.5399999618530273,1.5399999618530273,1.5399999618530273,100,0,0.0
2007-10-23,1.5750000476837158,1.6030000448226929,1.5399999618530273,1.5399999618530273,10100,0,0.0
2007-10-24,1.5399999618530273,1.5399999618530273,1.5399999618530273,1.5399999618530273,0,0,0.0
2007-10-25,1.5399999618530273,1.5399999618530273,1.5399999618530273,1.5399999618530273,2100,0,0.0
2007-10-26,1.5399999618530273,1.5399999618530273,1.5399999618530273,1.5399999618530273,3700,0,0.0
2007-10-29,1.4700000286102295,1.6100000143051147,1.4700000286102295,1.4700000286102295,2300,0,0.0
2007-10-30,1.4700000286102295,1.75,1.4700000286102295,1.4700000286102295,3500,0,0.0
2007-10-31,1.75,1.75,1.399999976158142,1.399999976158142,1900,0,0.0
2007-11-01,1.4700000286102295,1.4700000286102295,1.4700000286102295,1.4700000286102295,300,0,0.0
2007-11-02,1.6799999475479126,1.75,1.4700000286102295,1.5399999618530273,12200,0,0.0
2007-11-05,1.4700000286102295,1.5399999618530273,1.4700000286102295,1.5399999618530273,3000,0,0.0
2007-11-06,1.5399999618530273,1.5399999618530273,1.5399999618530273,1.5399999618530273,300,0,0.0
2007-11-07,1.5399999618530273,1.5750000476837158,1.5399999618530273,1.5399999618530273,900,0,0.0
2007-11-08,1.5399999618530273,1.5399999618530273,1.4700000286102295,1.4700000286102295,9300,0,0.0
2007-11-09,1.4700000286102295,1.4700000286102295,1.4700000286102295,1.4700000286102295,1200,0,0.0
2007-11-12,1.4700000286102295,1.4700000286102295,1.4700000286102295,1.4700000286102295,0,0,0.0
2007-11-13,1.4700000286102295,1.4700000286102295,1.4700000286102295,1.4700000286102295,3500,0,0.0
2007-11-14,1.4700000286102295,1.5399999618530273,1.399999976158142,1.5399999618530273,6300,0,0.0
2007-11-15,1.399999976158142,1.399999976158142,1.399999976158142,1.399999976158142,0,0,0.0
2007-11-16,1.3300000429153442,1.399999976158142,1.3300000429153442,1.399999976158142,8800,0,0.0
2007-11-19,1.2599999904632568,1.399999976158142,1.2599999904632568,1.399999976158142,6800,0,0.0
2007-11-20,1.399999976158142,1.5399999618530273,1.399999976158142,1.5399999618530273,7500,0,0.0
2007-11-21,1.5399999618530273,1.6100000143051147,1.4700000286102295,1.4700000286102295,4100,0,0.0
2007-11-23,1.4700000286102295,2.450000047683716,1.4700000286102295,1.8899999856948853,39400,0,0.0
2007-11-26,1.9600000381469727,1.9600000381469727,1.6100000143051147,1.6100000143051147,7300,0,0.0
2007-11-27,1.6100000143051147,1.6100000143051147,1.4700000286102295,1.4700000286102295,2900,0,0.0
2007-11-28,1.4700000286102295,1.6100000143051147,1.4700000286102295,1.6100000143051147,1400,0,0.0
2007-11-29,1.399999976158142,1.399999976158142,1.399999976158142,1.399999976158142,100,0,0.0
2007-11-30,1.399999976158142,1.4700000286102295,1.399999976158142,1.4700000286102295,1400,0,0.0
2007-12-03,1.4700000286102295,1.4700000286102295,1.4700000286102295,1.4700000286102295,5000,0,0.0
2007-12-04,1.399999976158142,1.399999976158142,1.399999976158142,1.399999976158142,7400,0,0.0
2007-12-05,1.399999976158142,1.4700000286102295,1.3300000429153442,1.4700000286102295,3500,0,0.0
2007-12-06,1.399999976158142,1.434999942779541,1.399999976158142,1.434999942779541,1600,0,0.0
2007-12-07,1.399999976158142,1.9600000381469727,1.399999976158142,1.75,7500,0,0.0
2007-12-10,1.75,1.75,1.399999976158142,1.6100000143051147,8700,0,0.0
2007-12-11,1.5399999618530273,1.75,1.399999976158142,1.399999976158142,14500,0,0.0
2007-12-12,1.399999976158142,1.399999976158142,1.399999976158142,1.399999976158142,200,0,0.0
2007-12-13,1.399999976158142,1.4700000286102295,1.399999976158142,1.4700000286102295,3000,0,0.0
2007-12-14,1.4700000286102295,1.4700000286102295,1.4700000286102295,1.4700000286102295,0,0,0.0
2007-12-17,1.4700000286102295,1.5399999618530273,1.3650000095367432,1.3650000095367432,3800,0,0.0
2007-12-18,1.399999976158142,1.434999942779541,1.2599999904632568,1.2599999904632568,27300,0,0.0
2007-12-19,1.2599999904632568,1.399999976158142,1.2599999904632568,1.399999976158142,6700,0,0.0
2007-12-20,1.399999976158142,1.5399999618530273,1.3300000429153442,1.5399999618530273,20000,0,0.0
2007-12-21,1.5399999618530273,1.5399999618530273,1.4700000286102295,1.5399999618530273,7000,0,0.0
2007-12-24,1.399999976158142,1.399999976158142,1.399999976158142,1.399999976158142,1400,0,0.0
2007-12-26,1.3300000429153442,1.5399999618530273,1.3300000429153442,1.5399999618530273,11800,0,0.0
2007-12-27,1.4700000286102295,1.4700000286102295,1.2599999904632568,1.399999976158142,15100,0,0.0
2007-12-28,1.4700000286102295,1.5399999618530273,1.4700000286102295,1.5399999618530273,3400,0,0.0
2007-12-31,1.5399999618530273,1.5399999618530273,1.1970000267028809,1.399999976158142,3000,0,0.0
2008-01-02,1.399999976158142,1.6100000143051147,1.3020000457763672,1.5399999618530273,10000,0,0.0
2008-01-03,1.5399999618530273,1.5399999618530273,1.5399999618530273,1.5399999618530273,0,0,0.0
2008-01-04,1.6100000143051147,1.8200000524520874,1.3300000429153442,1.6100000143051147,28200,0,0.0
2008-01-07,1.6799999475479126,1.694000005722046,1.6799999475479126,1.694000005722046,7000,0,0.0
2008-01-08,1.8200000524520874,1.8899999856948853,1.6799999475479126,1.8899999856948853,6800,0,0.0
2008-01-09,1.6799999475479126,1.8899999856948853,1.6100000143051147,1.8899999856948853,2800,0,0.0
2008-01-10,1.8899999856948853,1.8899999856948853,1.6100000143051147,1.6100000143051147,7000,0,0.0
2008-01-11,1.8899999856948853,1.8899999856948853,1.75,1.75,2700,0,0.0
2008-01-14,1.6449999809265137,1.8200000524520874,1.6449999809265137,1.6449999809265137,2600,0,0.0
2008-01-15,1.6449999809265137,2.0999999046325684,1.6449999809265137,1.8899999856948853,5600,0,0.0
2008-01-16,1.8200000524520874,1.8200000524520874,1.8200000524520874,1.8200000524520874,900,0,0.0
2008-01-17,1.9249999523162842,2.0299999713897705,1.8899999856948853,1.9249999523162842,22400,0,0.0
2008-01-18,1.9249999523162842,2.0299999713897705,1.9249999523162842,1.9600000381469727,5300,0,0.0
2008-01-22,2.0999999046325684,2.5899999141693115,1.9600000381469727,2.450000047683716,38200,0,0.0
2008-01-23,2.2049999237060547,2.240000009536743,2.065000057220459,2.240000009536743,3700,0,0.0
2008-01-24,2.240000009536743,2.309999942779541,2.184000015258789,2.184000015258789,3700,0,0.0
2008-01-25,2.309999942779541,2.6600000858306885,2.184000015258789,2.450000047683716,7500,0,0.0
2008-01-28,2.450000047683716,2.450000047683716,2.184000015258789,2.240000009536743,3000,0,0.0
2008-01-29,2.240000009536743,2.450000047683716,2.184000015258789,2.240000009536743,2900,0,0.0
2008-01-30,2.309999942779541,2.380000114440918,2.309999942779541,2.309999942779541,3100,0,0.0
2008-01-31,2.450000047683716,2.5899999141693115,2.450000047683716,2.5899999141693115,27300,0,0.0
2008-02-01,2.450000047683716,2.5899999141693115,2.450000047683716,2.5899999141693115,4700,0,0.0
2008-02-04,2.5899999141693115,2.5899999141693115,2.450000047683716,2.5199999809265137,5800,0,0.0
2008-02-05,2.450000047683716,2.450000047683716,2.450000047683716,2.450000047683716,2100,0,0.0
2008-02-06,2.240000009536743,2.5199999809265137,2.240000009536743,2.450000047683716,7800,0,0.0
2008-02-07,2.240000009536743,2.450000047683716,2.240000009536743,2.450000047683716,6500,0,0.0
2008-02-08,2.450000047683716,2.5899999141693115,2.309999942779541,2.309999942779541,5400,0,0.0
2008-02-11,2.309999942779541,2.7300000190734863,2.309999942779541,2.7300000190734863,24800,0,0.0
2008-02-12,2.869999885559082,2.869999885559082,2.5899999141693115,2.5899999141693115,8800,0,0.0
2008-02-13,2.6600000858306885,2.6600000858306885,2.5899999141693115,2.5899999141693115,4700,0,0.0
2008-02-14,2.799999952316284,2.799999952316284,2.799999952316284,2.799999952316284,4500,0,0.0
2008-02-15,2.6600000858306885,3.009999990463257,2.6600000858306885,3.009999990463257,16500,0,0.0
2008-02-19,3.1500000953674316,3.1500000953674316,2.450000047683716,2.6600000858306885,21400,0,0.0
2008-02-20,2.450000047683716,2.6600000858306885,2.380000114440918,2.450000047683716,16000,0,0.0
2008-02-21,2.380000114440918,2.450000047683716,2.240000009536743,2.450000047683716,9800,0,0.0
2008-02-22,2.450000047683716,2.450000047683716,2.450000047683716,2.450000047683716,1800,0,0.0
2008-02-25,2.380000114440918,2.450000047683716,2.240000009536743,2.450000047683716,18200,0,0.0
2008-02-26,2.450000047683716,2.450000047683716,2.450000047683716,2.450000047683716,1900,0,0.0
2008-02-27,2.450000047683716,2.450000047683716,2.1700000762939453,2.184000015258789,5800,0,0.0
2008-02-28,2.0999999046325684,2.0999999046325684,2.0299999713897705,2.0299999713897705,400,0,0.0
2008-02-29,2.0999999046325684,2.309999942779541,2.0999999046325684,2.240000009536743,1600,0,0.0
2008-03-03,2.240000009536743,2.240000009536743,2.0999999046325684,2.0999999046325684,1100,0,0.0
2008-03-04,2.0999999046325684,2.0999999046325684,2.0999999046325684,2.0999999046325684,0,0,0.0
2008-03-05,2.450000047683716,2.450000047683716,2.240000009536743,2.240000009536743,1600,0,0.0
2008-03-06,2.1700000762939453,2.2049999237060547,2.1700000762939453,2.1700000762939453,700,0,0.0
2008-03-07,2.1700000762939453,2.1700000762939453,2.0999999046325684,2.0999999046325684,800,0,0.0
2008-03-10,2.1700000762939453,2.1700000762939453,2.0999999046325684,2.0999999046325684,1300,0,0.0
2008-03-11,2.450000047683716,2.484999895095825,2.309999942779541,2.309999942779541,6300,0,0.0
2008-03-12,2.380000114440918,2.5199999809265137,2.380000114440918,2.450000047683716,3600,0,0.0
2008-03-13,2.450000047683716,2.450000047683716,2.309999942779541,2.309999942779541,3600,0,0.0
2008-03-14,2.1700000762939453,2.309999942779541,2.1700000762939453,2.309999942779541,1400,0,0.0
2008-03-17,2.309999942779541,2.450000047683716,2.0299999713897705,2.0999999046325684,25000,0,0.0
2008-03-18,2.1700000762939453,2.1700000762939453,2.1700000762939453,2.1700000762939453,9500,0,0.0
2008-03-19,2.1700000762939453,2.240000009536743,2.134999990463257,2.240000009536743,3600,0,0.0
2008-03-20,2.240000009536743,2.240000009536743,1.8200000524520874,1.8200000524520874,18900,0,0.0
2008-03-24,2.0999999046325684,2.0999999046325684,1.8899999856948853,1.8899999856948853,2500,0,0.0
2008-03-25,1.9600000381469727,1.9600000381469727,1.75,1.75,8000,0,0.0
2008-03-26,1.75,1.75,1.75,1.75,2800,0,0.0
2008-03-27,1.75,1.8200000524520874,1.75,1.75,5100,0,0.0
2008-03-28,1.75,1.75,1.6100000143051147,1.6449999809265137,6700,0,0.0
2008-03-31,1.6100000143051147,1.75,1.6100000143051147,1.6449999809265137,21800,0,0.0
2008-04-01,1.6449999809265137,1.8200000524520874,1.6449999809265137,1.75,15000,0,0.0
2008-04-02,1.8899999856948853,1.8899999856948853,1.75,1.8899999856948853,4300,0,0.0
2008-04-03,1.8899999856948853,1.8899999856948853,1.8899999856948853,1.8899999856948853,0,0,0.0
2008-04-04,1.8899999856948853,1.8899999856948853,1.6449999809265137,1.784999966621399,11500,0,0.0
2008-04-07,1.75,1.784999966621399,1.7289999723434448,1.784999966621399,7800,0,0.0
2008-04-08,1.8899999856948853,1.8899999856948853,1.8899999856948853,1.8899999856948853,400,0,0.0
2008-04-09,1.75,1.7569999694824219,1.75,1.75,6000,0,0.0
2008-04-10,1.8200000524520874,2.380000114440918,1.8200000524520874,2.1700000762939453,17600,0,0.0
2008-04-11,1.8200000524520874,2.1700000762939453,1.8200000524520874,2.0999999046325684,5600,0,0.0
2008-04-14,2.240000009536743,2.240000009536743,1.9600000381469727,1.9600000381469727,1900,0,0.0
2008-04-15,2.0299999713897705,2.0299999713897705,2.0299999713897705,2.0299999713897705,2800,0,0.0
2008-04-16,2.0299999713897705,2.0299999713897705,2.0299999713897705,2.0299999713897705,1400,0,0.0
2008-04-17,2.0299999713897705,2.0999999046325684,2.0299999713897705,2.0999999046325684,4300,0,0.0
2008-04-18,2.0299999713897705,2.450000047683716,2.0299999713897705,2.450000047683716,12500,0,0.0
2008-04-21,2.240000009536743,2.450000047683716,2.0999999046325684,2.0999999046325684,7100,0,0.0
2008-04-22,2.0999999046325684,2.0999999046325684,1.9600000381469727,1.9600000381469727,3900,0,0.0
2008-04-23,2.0999999046325684,2.0999999046325684,2.0999999046325684,2.0999999046325684,2400,0,0.0
2008-04-24,2.0999999046325684,2.0999999046325684,1.9600000381469727,1.9600000381469727,6200,0,0.0
2008-04-25,2.0999999046325684,2.5899999141693115,2.0999999046325684,2.450000047683716,21900,0,0.0
2008-04-28,2.625,3.430000066757202,2.5899999141693115,3.1500000953674316,46400,0,0.0
2008-04-29,3.0799999237060547,3.1500000953674316,2.6600000858306885,2.6600000858306885,19000,0,0.0
2008-04-30,2.5199999809265137,2.7300000190734863,2.443000078201294,2.5899999141693115,11800,0,0.0
2008-05-01,2.869999885559082,2.869999885559082,2.380000114440918,2.380000114440918,32400,0,0.0
2008-05-02,2.380000114440918,2.450000047683716,2.0999999046325684,2.128000020980835,15400,0,0.0
2008-05-05,2.309999942779541,2.450000047683716,2.1700000762939453,2.1700000762939453,6000,0,0.0
2008-05-06,2.1700000762939453,2.1700000762939453,2.1700000762939453,2.1700000762939453,0,0,0.0
2008-05-07,2.450000047683716,2.450000047683716,2.450000047683716,2.450000047683716,1100,0,0.0
2008-05-08,2.450000047683716,2.450000047683716,2.309999942779541,2.309999942779541,900,0,0.0
2008-05-09,2.1700000762939453,2.799999952316284,2.114000082015991,2.50600004196167,19200,0,0.0
2008-05-12,2.3239998817443848,2.3239998817443848,2.1700000762939453,2.184000015258789,3500,0,0.0
2008-05-13,2.1700000762939453,2.309999942779541,2.1700000762939453,2.184000015258789,8500,0,0.0
2008-05-14,2.1700000762939453,2.1700000762939453,2.1700000762939453,2.1700000762939453,0,0,0.0
2008-05-15,2.309999942779541,2.309999942779541,2.240000009536743,2.240000009536743,2700,0,0.0
2008-05-16,2.1700000762939453,2.1700000762939453,2.1700000762939453,2.1700000762939453,1100,0,0.0
2008-05-19,2.0999999046325684,2.240000009536743,2.0999999046325684,2.240000009536743,3400,0,0.0
2008-05-20,2.240000009536743,2.309999942779541,2.0999999046325684,2.1700000762939453,3500,0,0.0
2008-05-21,2.309999942779541,2.309999942779541,2.309999942779541,2.309999942779541,0,0,0.0
2008-05-22,2.309999942779541,2.309999942779541,2.309999942779541,2.309999942779541,0,0,0.0
2008-05-23,2.0999999046325684,2.0999999046325684,2.0999999046325684,2.0999999046325684,0,0,0.0
2008-05-27,2.0999999046325684,2.0999999046325684,2.0999999046325684,2.0999999046325684,1800,0,0.0
2008-05-28,2.0999999046325684,2.0999999046325684,2.0299999713897705,2.0299999713897705,4200,0,0.0
2008-05-29,2.0299999713897705,2.0299999713897705,2.0299999713897705,2.0299999713897705,0,0,0.0
2008-05-30,2.0999999046325684,2.0999999046325684,1.9600000381469727,1.9600000381469727,10400,0,0.0
2008-06-02,1.9600000381469727,1.9600000381469727,1.9600000381469727,1.9600000381469727,0,0,0.0
2008-06-03,1.8899999856948853,1.8899999856948853,1.75,1.75,7600,0,0.0
2008-06-04,1.8200000524520874,1.8899999856948853,1.75,1.8899999856948853,14300,0,0.0
2008-06-05,1.8899999856948853,1.8899999856948853,1.8899999856948853,1.8899999856948853,0,0,0.0
2008-06-06,1.6100000143051147,1.7359999418258667,1.6100000143051147,1.6660000085830688,6200,0,0.0
2008-06-09,1.6729999780654907,1.715000033378601,1.6100000143051147,1.6100000143051147,7200,0,0.0
2008-06-10,1.6100000143051147,1.6799999475479126,1.6100000143051147,1.6799999475479126,800,0,0.0
2008-06-11,1.6799999475479126,1.6799999475479126,1.6799999475479126,1.6799999475479126,0,0,0.0
2008-06-12,1.6100000143051147,1.6100000143051147,1.6100000143051147,1.6100000143051147,0,0,0.0
2008-06-13,1.6100000143051147,1.6100000143051147,1.6100000143051147,1.6100000143051147,0,0,0.0
2008-06-16,1.5399999618530273,1.6100000143051147,1.4910000562667847,1.5399999618530273,10500,0,0.0
2008-06-17,1.4910000562667847,1.4910000562667847,1.4910000562667847,1.4910000562667847,1000,0,0.0
2008-06-18,1.6449999809265137,1.6449999809265137,1.6449999809265137,1.6449999809265137,800,0,0.0
2008-06-19,1.6449999809265137,1.8200000524520874,1.6449999809265137,1.6799999475479126,2700,0,0.0
2008-06-20,1.6799999475479126,1.6799999475479126,1.6799999475479126,1.6799999475479126,0,0,0.0
2008-06-23,1.6799999475479126,1.6799999475479126,1.5399999618530273,1.5399999618530273,3200,0,0.0
2008-06-24,1.4839999675750732,1.5399999618530273,1.2599999904632568,1.399999976158142,16600,0,0.0
2008-06-25,1.3300000429153442,1.3300000429153442,1.3300000429153442,1.3300000429153442,2400,0,0.0
2008-06-26,1.5399999618530273,1.6100000143051147,1.5399999618530273,1.6100000143051147,1000,0,0.0
2008-06-27,1.6799999475479126,1.6799999475479126,1.4700000286102295,1.6100000143051147,6000,0,0.0
2008-06-30,1.399999976158142,1.75,1.399999976158142,1.75,1000,0,0.0
2008-07-01,1.4700000286102295,1.4700000286102295,1.2599999904632568,1.2599999904632568,12400,0,0.0
2008-07-02,1.5399999618530273,1.5399999618530273,1.399999976158142,1.399999976158142,4000,0,0.0
2008-07-03,1.399999976158142,1.399999976158142,1.399999976158142,1.399999976158142,0,0,0.0
2008-07-07,1.399999976158142,1.6449999809265137,1.399999976158142,1.6449999809265137,19300,0,0.0
2008-07-08,1.6449999809265137,1.6799999475479126,1.4700000286102295,1.5399999618530273,9300,0,0.0
2008-07-09,1.3300000429153442,1.6100000143051147,1.3300000429153442,1.5399999618530273,1900,0,0.0
2008-07-10,1.6100000143051147,1.6100000143051147,1.399999976158142,1.399999976158142,7500,0,0.0
2008-07-11,1.399999976158142,1.399999976158142,1.399999976158142,1.399999976158142,100,0,0.0
2008-07-14,1.399999976158142,1.399999976158142,1.399999976158142,1.399999976158142,1600,0,0.0
2008-07-15,1.399999976158142,1.399999976158142,1.399999976158142,1.399999976158142,0,0,0.0
2008-07-16,1.4700000286102295,1.5399999618530273,1.399999976158142,1.399999976158142,5700,0,0.0
2008-07-17,1.399999976158142,1.6100000143051147,1.399999976158142,1.6100000143051147,3000,0,0.0
2008-07-18,1.5399999618530273,1.5399999618530273,1.399999976158142,1.399999976158142,300,0,0.0
2008-07-21,1.406999945640564,1.5399999618530273,1.3300000429153442,1.3300000429153442,1300,0,0.0
2008-07-22,1.5399999618530273,1.5399999618530273,1.3300000429153442,1.3300000429153442,8300,0,0.0
2008-07-23,1.3300000429153442,1.3300000429153442,1.3300000429153442,1.3300000429153442,0,0,0.0
2008-07-24,1.3300000429153442,1.399999976158142,1.3300000429153442,1.3300000429153442,6400,0,0.0
2008-07-25,1.3650000095367432,1.5399999618530273,1.3300000429153442,1.5399999618530273,8300,0,0.0
2008-07-28,1.3300000429153442,1.3300000429153442,1.3300000429153442,1.3300000429153442,900,0,0.0
2008-07-29,1.3300000429153442,1.3300000429153442,1.3300000429153442,1.3300000429153442,3100,0,0.0
2008-07-30,1.3300000429153442,1.399999976158142,1.3300000429153442,1.399999976158142,5600,0,0.0
2008-07-31,1.3650000095367432,1.5399999618530273,1.2949999570846558,1.399999976158142,9700,0,0.0
2008-08-01,1.399999976158142,1.399999976158142,1.399999976158142,1.399999976158142,2200,0,0.0
2008-08-04,1.399999976158142,1.4700000286102295,1.190000057220459,1.190000057220459,6300,0,0.0
2008-08-05,1.190000057220459,1.190000057220459,1.190000057220459,1.190000057220459,0,0,0.0
2008-08-06,1.3229999542236328,1.3229999542236328,1.315999984741211,1.315999984741211,2700,0,0.0
2008-08-07,1.2599999904632568,1.2599999904632568,1.190000057220459,1.190000057220459,2300,0,0.0
2008-08-08,1.2599999904632568,1.2599999904632568,1.2599999904632568,1.2599999904632568,3200,0,0.0
2008-08-11,1.2599999904632568,1.2599999904632568,1.1200000047683716,1.1200000047683716,17000,0,0.0
2008-08-12,1.1549999713897705,1.190000057220459,1.1200000047683716,1.1200000047683716,4500,0,0.0
2008-08-13,1.1200000047683716,1.190000057220459,1.0499999523162842,1.190000057220459,5600,0,0.0
2008-08-14,1.190000057220459,1.190000057220459,0.9800000190734863,1.190000057220459,4700,0,0.0
2008-08-15,1.190000057220459,1.190000057220459,1.0499999523162842,1.0499999523162842,7100,0,0.0
2008-08-18,1.1200000047683716,1.1200000047683716,0.9800000190734863,1.0499999523162842,12600,0,0.0
2008-08-19,1.0149999856948853,1.0499999523162842,0.9800000190734863,0.9800000190734863,14500,0,0.0
2008-08-20,0.9800000190734863,0.9800000190734863,0.9100000262260437,0.9100000262260437,3700,0,0.0
2008-08-21,0.9449999928474426,1.1200000047683716,0.9449999928474426,1.1200000047683716,11200,0,0.0
2008-08-22,1.0499999523162842,1.1200000047683716,0.9800000190734863,1.1200000047683716,19600,0,0.0
2008-08-25,1.1200000047683716,1.1200000047683716,1.1200000047683716,1.1200000047683716,7100,0,0.0
2008-08-26,1.190000057220459,1.190000057220459,1.0499999523162842,1.1200000047683716,3300,0,0.0
2008-08-27,1.0499999523162842,1.0499999523162842,0.9800000190734863,0.9800000190734863,1700,0,0.0
2008-08-28,1.1200000047683716,1.190000057220459,1.1200000047683716,1.190000057220459,5700,0,0.0
2008-08-29,1.2599999904632568,1.2599999904632568,1.0499999523162842,1.0499999523162842,2200,0,0.0
2008-09-02,0.9800000190734863,0.9800000190734863,0.9800000190734863,0.9800000190734863,2500,0,0.0
2008-09-03,1.0499999523162842,1.1200000047683716,1.0499999523162842,1.0499999523162842,2000,0,0.0
2008-09-04,1.1200000047683716,1.190000057220459,1.0499999523162842,1.1200000047683716,7800,0,0.0
2008-09-05,1.1200000047683716,1.1200000047683716,1.0499999523162842,1.0499999523162842,2700,0,0.0
2008-09-08,0.9800000190734863,1.0499999523162842,0.9800000190734863,1.0499999523162842,10900,0,0.0
2008-09-09,0.9100000262260437,0.9100000262260437,0.9100000262260437,0.9100000262260437,3200,0,0.0
2008-09-10,0.9800000190734863,1.0499999523162842,0.9100000262260437,1.0499999523162842,3600,0,0.0
2008-09-11,1.0499999523162842,1.0499999523162842,0.8399999737739563,1.0499999523162842,4000,0,0.0
2008-09-12,1.0499999523162842,1.0499999523162842,1.0149999856948853,1.0149999856948853,1400,0,0.0
2008-09-15,1.0149999856948853,1.1200000047683716,1.0149999856948853,1.1200000047683716,4100,0,0.0
2008-09-16,1.1200000047683716,1.399999976158142,1.0850000381469727,1.0850000381469727,29500,0,0.0
2008-09-17,1.1200000047683716,1.1200000047683716,1.1200000047683716,1.1200000047683716,1500,0,0.0
2008-09-18,1.1200000047683716,1.3300000429153442,1.1200000047683716,1.3300000429153442,700,0,0.0
2008-09-19,1.190000057220459,1.3300000429153442,1.190000057220459,1.3300000429153442,6300,0,0.0
2008-09-22,1.4700000286102295,1.5399999618530273,1.399999976158142,1.399999976158142,10800,0,0.0
2008-09-23,1.434999942779541,1.434999942779541,1.399999976158142,1.434999942779541,9200,0,0.0
2008-09-24,1.6100000143051147,1.6100000143051147,1.190000057220459,1.190000057220459,2000,0,0.0
2008-09-25,1.399999976158142,1.399999976158142,1.0499999523162842,1.0499999523162842,6800,0,0.0
2008-09-26,1.190000057220459,1.5399999618530273,1.190000057220459,1.5049999952316284,19100,0,0.0
2008-09-29,1.434999942779541,1.434999942779541,1.399999976158142,1.399999976158142,2700,0,0.0
2008-09-30,1.5399999618530273,1.5399999618530273,1.399999976158142,1.399999976158142,3200,0,0.0
2008-10-01,1.5399999618530273,1.5399999618530273,1.2599999904632568,1.2599999904632568,5600,0,0.0
2008-10-02,1.1200000047683716,1.5399999618530273,1.1200000047683716,1.190000057220459,10400,0,0.0
2008-10-03,1.399999976158142,1.434999942779541,1.3300000429153442,1.399999976158142,5800,0,0.0
2008-10-06,1.3300000429153442,1.3300000429153442,1.1200000047683716,1.1200000047683716,5700,0,0.0
2008-10-07,1.3650000095367432,1.399999976158142,1.3300000429153442,1.3300000429153442,13500,0,0.0
2008-10-08,1.1200000047683716,1.2599999904632568,1.1200000047683716,1.1200000047683716,8900,0,0.0
2008-10-09,1.0499999523162842,1.190000057220459,1.0360000133514404,1.0499999523162842,5900,0,0.0
2008-10-10,1.0149999856948853,1.190000057220459,0.9100000262260437,1.190000057220459,6200,0,0.0
2008-10-13,0.9800000190734863,1.2599999904632568,0.9800000190734863,1.0499999523162842,2100,0,0.0
2008-10-14,1.2599999904632568,1.2599999904632568,1.1200000047683716,1.1200000047683716,3400,0,0.0
2008-10-15,1.0499999523162842,1.1200000047683716,1.0499999523162842,1.0499999523162842,4300,0,0.0
2008-10-16,1.1200000047683716,1.1200000047683716,1.0499999523162842,1.0499999523162842,14200,0,0.0
2008-10-17,0.9800000190734863,1.0499999523162842,0.9800000190734863,1.0499999523162842,15200,0,0.0
2008-10-20,0.9449999928474426,1.1200000047683716,0.9449999928474426,1.1200000047683716,3500,0,0.0
2008-10-21,0.9800000190734863,0.9800000190734863,0.9800000190734863,0.9800000190734863,4200,0,0.0
2008-10-22,0.9100000262260437,1.0499999523162842,0.9100000262260437,0.9800000190734863,7500,0,0.0
2008-10-23,0.9100000262260437,0.9100000262260437,0.8399999737739563,0.8399999737739563,6100,0,0.0
2008-10-24,0.8399999737739563,0.9800000190734863,0.699999988079071,0.9800000190734863,9500,0,0.0
2008-10-27,0.8399999737739563,0.8399999737739563,0.8399999737739563,0.8399999737739563,0,0,0.0
2008-10-28,0.8399999737739563,0.8399999737739563,0.7699999809265137,0.7699999809265137,5200,0,0.0
2008-10-29,0.8399999737739563,0.9100000262260437,0.699999988079071,0.8399999737739563,18900,0,0.0
2008-10-30,0.8399999737739563,0.8399999737739563,0.8399999737739563,0.8399999737739563,700,0,0.0
2008-10-31,0.699999988079071,0.9100000262260437,0.699999988079071,0.9100000262260437,3000,0,0.0
2008-11-03,0.7699999809265137,0.9800000190734863,0.6299999952316284,0.699999988079071,8400,0,0.0
2008-11-04,0.8399999737739563,0.8399999737739563,0.8399999737739563,0.8399999737739563,500,0,0.0
2008-11-05,0.7350000143051147,0.7350000143051147,0.7350000143051147,0.7350000143051147,0,0,0.0
2008-11-06,0.7350000143051147,0.7350000143051147,0.7350000143051147,0.7350000143051147,500,0,0.0
2008-11-07,0.8399999737739563,0.8399999737739563,0.7699999809265137,0.7699999809265137,3900,0,0.0
2008-11-10,0.7699999809265137,0.7699999809265137,0.6299999952316284,0.7699999809265137,2100,0,0.0
2008-11-11,0.7699999809265137,0.7699999809265137,0.7699999809265137,0.7699999809265137,0,0,0.0
2008-11-12,0.8399999737739563,0.8399999737739563,0.49000000953674316,0.49000000953674316,3400,0,0.0
2008-11-13,0.49000000953674316,0.699999988079071,0.49000000953674316,0.699999988079071,3800,0,0.0
2008-11-14,0.699999988079071,0.699999988079071,0.699999988079071,0.699999988079071,3800,0,0.0
2008-11-17,0.49000000953674316,0.699999988079071,0.49000000953674316,0.699999988079071,1200,0,0.0
2008-11-18,0.699999988079071,0.699999988079071,0.49000000953674316,0.6299999952316284,13300,0,0.0
2008-11-19,0.6299999952316284,0.8399999737739563,0.6299999952316284,0.699999988079071,8100,0,0.0
2008-11-20,0.699999988079071,0.8399999737739563,0.699999988079071,0.8399999737739563,5500,0,0.0
2008-11-21,0.699999988079071,1.0499999523162842,0.699999988079071,1.0499999523162842,2800,0,0.0
2008-11-24,0.6299999952316284,0.8399999737739563,0.6299999952316284,0.8399999737739563,2300,0,0.0
2008-11-25,0.699999988079071,0.699999988079071,0.5950000286102295,0.6299999952316284,5900,0,0.0
2008-11-26,0.699999988079071,0.7699999809265137,0.6299999952316284,0.7699999809265137,21800,0,0.0
2008-11-28,0.699999988079071,0.699999988079071,0.699999988079071,0.699999988079071,2800,0,0.0
2008-12-01,0.699999988079071,0.699999988079071,0.699999988079071,0.699999988079071,7100,0,0.0
2008-12-02,0.6299999952316284,0.9100000262260437,0.5950000286102295,0.8399999737739563,28400,0,0.0
2008-12-03,0.699999988079071,0.699999988079071,0.6299999952316284,0.699999988079071,9400,0,0.0
2008-12-04,0.699999988079071,0.699999988079071,0.699999988079071,0.699999988079071,12200,0,0.0
2008-12-05,0.699999988079071,0.699999988079071,0.6299999952316284,0.699999988079071,10900,0,0.0
2008-12-08,0.6299999952316284,0.699999988079071,0.6299999952316284,0.699999988079071,9400,0,0.0
2008-12-09,0.699999988079071,0.699999988079071,0.699999988079071,0.699999988079071,5500,0,0.0
2008-12-10,0.699999988079071,0.7699999809265137,0.699999988079071,0.7699999809265137,5800,0,0.0
2008-12-11,0.8399999737739563,0.8399999737739563,0.8399999737739563,0.8399999737739563,3500,0,0.0
2008-12-12,0.8399999737739563,0.9100000262260437,0.7350000143051147,0.9100000262260437,8400,0,0.0
2008-12-15,1.0499999523162842,1.1130000352859497,0.9800000190734863,1.1130000352859497,7500,0,0.0
2008-12-16,1.0499999523162842,1.2599999904632568,1.0499999523162842,1.2599999904632568,4900,0,0.0
2008-12-17,1.2599999904632568,1.4700000286102295,1.2599999904632568,1.3300000429153442,10700,0,0.0
2008-12-18,1.3300000429153442,1.3300000429153442,1.2599999904632568,1.3300000429153442,1500,0,0.0
2008-12-19,1.3300000429153442,1.3300000429153442,1.3300000429153442,1.3300000429153442,0,0,0.0
2008-12-22,1.2599999904632568,1.2599999904632568,1.190000057220459,1.190000057220459,11400,0,0.0
2008-12-23,1.190000057220459,1.190000057220459,0.9800000190734863,0.9800000190734863,71600,0,0.0
2008-12-24,0.9800000190734863,0.9800000190734863,0.9800000190734863,0.9800000190734863,0,0,0.0
2008-12-26,1.0149999856948853,1.190000057220459,0.8330000042915344,1.190000057220459,60400,0,0.0
2008-12-29,1.1200000047683716,1.4700000286102295,1.0149999856948853,1.2599999904632568,9500,0,0.0
2008-12-30,1.2599999904632568,1.2599999904632568,1.2599999904632568,1.2599999904632568,100,0,0.0
2008-12-31,1.2599999904632568,1.399999976158142,1.2599999904632568,1.399999976158142,1200,0,0.0
2009-01-02,1.399999976158142,1.4700000286102295,1.399999976158142,1.399999976158142,2000,0,0.0
2009-01-05,1.399999976158142,1.399999976158142,1.0499999523162842,1.1200000047683716,6400,0,0.0
2009-01-06,1.1200000047683716,1.3300000429153442,1.1200000047683716,1.2599999904632568,4000,0,0.0
2009-01-07,1.3300000429153442,1.6799999475479126,1.3300000429153442,1.4700000286102295,5400,0,0.0
2009-01-08,1.399999976158142,1.399999976158142,1.2599999904632568,1.399999976158142,4000,0,0.0
2009-01-09,1.3300000429153442,1.399999976158142,1.3300000429153442,1.399999976158142,7900,0,0.0
2009-01-12,1.5399999618530273,1.6100000143051147,1.4700000286102295,1.5399999618530273,5100,0,0.0
2009-01-13,1.399999976158142,1.399999976158142,1.399999976158142,1.399999976158142,400,0,0.0
2009-01-14,1.399999976158142,1.399999976158142,1.399999976158142,1.399999976158142,7100,0,0.0
2009-01-15,1.399999976158142,1.399999976158142,1.190000057220459,1.190000057220459,3900,0,0.0
2009-01-16,1.399999976158142,1.399999976158142,1.399999976158142,1.399999976158142,2100,0,0.0
2009-01-20,1.399999976158142,1.399999976158142,1.399999976158142,1.399999976158142,2800,0,0.0
2009-01-21,1.190000057220459,1.190000057220459,1.190000057220459,1.190000057220459,400,0,0.0
2009-01-22,1.399999976158142,1.399999976158142,1.3300000429153442,1.399999976158142,9700,0,0.0
2009-01-23,1.4700000286102295,1.4700000286102295,1.4700000286102295,1.4700000286102295,200,0,0.0
2009-01-26,1.4700000286102295,1.4700000286102295,1.4700000286102295,1.4700000286102295,2200,0,0.0
2009-01-27,1.4700000286102295,1.5399999618530273,1.4700000286102295,1.5399999618530273,6400,0,0.0
2009-01-28,1.5399999618530273,1.5399999618530273,1.5399999618530273,1.5399999618530273,0,0,0.0
2009-01-29,1.5399999618530273,1.5399999618530273,1.399999976158142,1.399999976158142,8900,0,0.0
2009-01-30,1.399999976158142,1.399999976158142,1.399999976158142,1.399999976158142,500,0,0.0
2009-02-02,1.399999976158142,1.4700000286102295,1.399999976158142,1.4700000286102295,3100,0,0.0
2009-02-03,1.4700000286102295,1.4700000286102295,1.399999976158142,1.399999976158142,800,0,0.0
2009-02-04,1.4700000286102295,1.5329999923706055,1.4700000286102295,1.5329999923706055,1200,0,0.0
2009-02-05,1.5329999923706055,1.5329999923706055,1.399999976158142,1.399999976158142,1400,0,0.0
2009-02-06,1.4700000286102295,1.6100000143051147,1.4700000286102295,1.5399999618530273,18900,0,0.0
2009-02-09,1.6100000143051147,1.6799999475479126,1.6100000143051147,1.6799999475479126,8000,0,0.0
2009-02-10,1.75,1.75,1.6100000143051147,1.6100000143051147,1900,0,0.0
2009-02-11,1.8200000524520874,2.0999999046325684,1.75,1.9600000381469727,9100,0,0.0
2009-02-12,1.9600000381469727,2.0999999046325684,1.75,1.8899999856948853,8100,0,0.0
2009-02-13,2.0999999046325684,2.450000047683716,1.8899999856948853,2.450000047683716,16400,0,0.0
2009-02-17,3.009999990463257,3.5,2.450000047683716,2.799999952316284,65300,0,0.0
2009-02-18,2.6600000858306885,2.869999885559082,2.240000009536743,2.240000009536743,31000,0,0.0
2009-02-19,2.1700000762939453,2.309999942779541,1.8200000524520874,2.240000009536743,33900,0,0.0
2009-02-20,2.0299999713897705,2.0999999046325684,2.0299999713897705,2.0999999046325684,3400,0,0.0
2009-02-23,2.0999999046325684,2.309999942779541,2.065000057220459,2.065000057220459,9300,0,0.0
2009-02-24,2.0999999046325684,2.309999942779541,1.8550000190734863,2.0299999713897705,33500,0,0.0
2009-02-25,2.1700000762939453,2.309999942779541,2.0999999046325684,2.0999999046325684,10300,0,0.0
2009-02-26,2.0999999046325684,2.309999942779541,1.6100000143051147,1.6799999475479126,33000,0,0.0
2009-02-27,2.0299999713897705,2.0999999046325684,1.75,1.75,1000,0,0.0
2009-03-02,1.9600000381469727,2.0999999046325684,1.75,2.0299999713897705,9100,0,0.0
2009-03-03,2.450000047683716,2.450000047683716,2.0299999713897705,2.380000114440918,3800,0,0.0
2009-03-04,2.450000047683716,2.450000047683716,2.0999999046325684,2.450000047683716,8000,0,0.0
2009-03-05,2.240000009536743,2.380000114440918,2.0299999713897705,2.0299999713897705,14200,0,0.0
2009-03-06,1.8200000524520874,2.450000047683716,1.8200000524520874,2.0999999046325684,18100,0,0.0
2009-03-09,2.309999942779541,2.450000047683716,2.0999999046325684,2.240000009536743,2500,0,0.0
2009-03-10,2.450000047683716,2.450000047683716,2.240000009536743,2.450000047683716,7900,0,0.0
2009-03-11,2.450000047683716,2.6600000858306885,2.309999942779541,2.450000047683716,17700,0,0.0
2009-03-12,2.5199999809265137,2.5199999809265137,2.1700000762939453,2.450000047683716,7300,0,0.0
2009-03-13,2.240000009536743,2.7300000190734863,2.240000009536743,2.450000047683716,9500,0,0.0
2009-03-16,2.309999942779541,2.799999952316284,2.309999942779541,2.799999952316284,28700,0,0.0
2009-03-17,3.2899999618530273,3.359999895095825,2.9749999046325684,3.009999990463257,111300,0,0.0
2009-03-18,3.1570000648498535,3.430000066757202,2.7300000190734863,2.799999952316284,44800,0,0.0
2009-03-19,2.799999952316284,3.2200000286102295,2.799999952316284,3.1429998874664307,14300,0,0.0
2009-03-20,3.1429998874664307,3.359999895095825,3.009999990463257,3.2200000286102295,23900,0,0.0
2009-03-23,3.5,3.5,2.799999952316284,3.1500000953674316,24300,0,0.0
2009-03-24,3.2200000286102295,3.2200000286102295,2.940000057220459,3.1500000953674316,4300,0,0.0
2009-03-25,2.869999885559082,3.430000066757202,2.869999885559082,3.430000066757202,22100,0,0.0
2009-03-26,3.5,5.110000133514404,3.2200000286102295,4.199999809265137,89000,0,0.0
2009-03-27,4.480000019073486,5.110000133514404,3.990000009536743,4.900000095367432,52700,0,0.0
2009-03-30,5.179999828338623,5.389999866485596,4.829999923706055,5.110000133514404,106200,0,0.0
2009-03-31,5.320000171661377,5.599999904632568,5.110000133514404,5.425000190734863,70900,0,0.0
2009-04-01,5.284999847412109,5.284999847412109,4.550000190734863,4.829999923706055,67300,0,0.0
2009-04-02,4.900000095367432,5.460000038146973,4.900000095367432,5.179999828338623,26100,0,0.0
2009-04-03,5.320000171661377,5.494999885559082,5.074999809265137,5.320000171661377,29300,0,0.0
2009-04-06,5.460000038146973,5.670000076293945,5.039999961853027,5.599999904632568,36500,0,0.0
2009-04-07,5.599999904632568,5.880000114440918,5.460000038146973,5.460000038146973,37300,0,0.0
2009-04-08,5.53000020980835,5.565000057220459,5.074999809265137,5.25,33700,0,0.0
2009-04-09,5.389999866485596,5.739999771118164,5.25,5.320000171661377,13900,0,0.0
2009-04-13,5.739999771118164,5.739999771118164,5.25,5.25,24600,0,0.0
2009-04-14,5.320000171661377,5.320000171661377,4.900000095367432,4.900000095367432,24700,0,0.0
2009-04-15,5.039999961853027,5.039999961853027,3.5,4.199999809265137,59800,0,0.0
2009-04-16,4.3470001220703125,4.409999847412109,4.199999809265137,4.340000152587891,32000,0,0.0
2009-04-17,4.340000152587891,5.320000171661377,4.340000152587891,5.320000171661377,50500,0,0.0
2009-04-20,5.389999866485596,5.599999904632568,4.96999979019165,4.96999979019165,14400,0,0.0
2009-04-21,5.25,5.25,4.96999979019165,5.179999828338623,8700,0,0.0
2009-04-22,5.179999828338623,5.25,5.039999961853027,5.25,9100,0,0.0
2009-04-23,5.25,5.320000171661377,5.179999828338623,5.25,20200,0,0.0
2009-04-24,5.320000171661377,6.300000190734863,5.320000171661377,6.230000019073486,49000,0,0.0
2009-04-27,6.824999809265137,7.0,5.739999771118164,6.579999923706055,38700,0,0.0
2009-04-28,6.579999923706055,6.71999979019165,5.809999942779541,5.880000114440918,36400,0,0.0
2009-04-29,5.949999809265137,6.335000038146973,5.949999809265137,6.090000152587891,20100,0,0.0
2009-04-30,6.230000019073486,6.230000019073486,5.599999904632568,5.599999904632568,21600,0,0.0
2009-05-01,5.880000114440918,5.880000114440918,5.039999961853027,5.53000020980835,32700,0,0.0
2009-05-04,5.739999771118164,5.739999771118164,5.25,5.599999904632568,16200,0,0.0
2009-05-05,5.670000076293945,5.670000076293945,5.110000133514404,5.25,22300,0,0.0
2009-05-06,5.25,5.25,4.864999771118164,4.900000095367432,18600,0,0.0
2009-05-07,4.96999979019165,5.460000038146973,4.760000228881836,4.900000095367432,24800,0,0.0
2009-05-08,4.900000095367432,5.355000019073486,4.900000095367432,5.25,7000,0,0.0
2009-05-11,5.53000020980835,5.53000020980835,5.110000133514404,5.25,10300,0,0.0
2009-05-12,5.320000171661377,5.565000057220459,5.320000171661377,5.460000038146973,6700,0,0.0
2009-05-13,5.565000057220459,5.775000095367432,5.53000020980835,5.739999771118164,13300,0,0.0
2009-05-14,5.739999771118164,5.809999942779541,5.53000020980835,5.599999904632568,9200,0,0.0
2009-05-15,5.53000020980835,5.775000095367432,5.53000020980835,5.670000076293945,22500,0,0.0
2009-05-18,5.53000020980835,5.739999771118164,4.550000190734863,5.389999866485596,46900,0,0.0
2009-05-19,5.53000020980835,5.599999904632568,5.110000133514404,5.25,11100,0,0.0
2009-05-20,5.460000038146973,5.739999771118164,5.355000019073486,5.739999771118164,8800,0,0.0
2009-05-21,5.775000095367432,5.775000095367432,5.25,5.53000020980835,8000,0,0.0
2009-05-22,5.53000020980835,5.53000020980835,5.320000171661377,5.53000020980835,8700,0,0.0
2009-05-26,5.320000171661377,5.320000171661377,4.829999923706055,5.320000171661377,23700,0,0.0
2009-05-27,5.389999866485596,5.460000038146973,5.110000133514404,5.110000133514404,6900,0,0.0
2009-05-28,4.900000095367432,5.179999828338623,4.760000228881836,4.934999942779541,9100,0,0.0
2009-05-29,5.110000133514404,5.25,4.760000228881836,4.900000095367432,2300,0,0.0
2009-06-01,4.760000228881836,5.25,4.690000057220459,4.690000057220459,6400,0,0.0
2009-06-02,4.690000057220459,4.96999979019165,4.550000190734863,4.690000057220459,9200,0,0.0
2009-06-03,4.690000057220459,4.900000095367432,4.340000152587891,4.340000152587891,6100,0,0.0
2009-06-04,4.409999847412109,4.829999923706055,4.409999847412109,4.409999847412109,10000,0,0.0
2009-06-05,4.480000019073486,4.550000190734863,4.199999809265137,4.199999809265137,12700,0,0.0
2009-06-08,4.480000019073486,4.480000019073486,3.8570001125335693,4.059999942779541,9100,0,0.0
2009-06-09,4.059999942779541,4.059999942779541,2.869999885559082,3.1500000953674316,38100,0,0.0
2009-06-10,3.1500000953674316,3.7100000381469727,3.1500000953674316,3.640000104904175,13900,0,0.0
2009-06-11,4.199999809265137,4.269999980926514,3.569999933242798,3.569999933242798,11400,0,0.0
2009-06-12,4.199999809265137,4.199999809265137,3.640000104904175,3.7100000381469727,4300,0,0.0
2009-06-15,4.059999942779541,4.340000152587891,3.9200000762939453,4.059999942779541,3900,0,0.0
2009-06-16,4.199999809265137,4.550000190734863,4.059999942779541,4.340000152587891,5600,0,0.0
2009-06-17,4.340000152587891,4.340000152587891,4.130000114440918,4.269999980926514,5800,0,0.0
2009-06-18,4.199999809265137,4.199999809265137,4.199999809265137,4.199999809265137,1700,0,0.0
2009-06-19,4.199999809265137,4.480000019073486,4.199999809265137,4.199999809265137,7800,0,0.0
2009-06-22,4.550000190734863,4.550000190734863,4.199999809265137,4.340000152587891,7800,0,0.0
2009-06-23,4.480000019073486,4.480000019073486,4.269999980926514,4.269999980926514,2800,0,0.0
2009-06-24,4.409999847412109,4.409999847412109,4.199999809265137,4.269999980926514,1700,0,0.0
2009-06-25,4.619999885559082,4.619999885559082,4.340000152587891,4.480000019073486,10500,0,0.0
2009-06-26,4.619999885559082,4.760000228881836,4.619999885559082,4.690000057220459,6500,0,0.0
2009-06-29,4.690000057220459,4.690000057220459,4.690000057220459,4.690000057220459,4400,0,0.0
2009-06-30,4.760000228881836,4.900000095367432,4.619999885559082,4.690000057220459,3300,0,0.0
2009-07-01,4.690000057220459,4.900000095367432,4.690000057220459,4.900000095367432,3700,0,0.0
2009-07-02,4.760000228881836,4.96999979019165,4.760000228881836,4.900000095367432,9200,0,0.0
2009-07-06,4.900000095367432,4.900000095367432,4.829999923706055,4.900000095367432,5500,0,0.0
2009-07-07,4.829999923706055,4.829999923706055,4.550000190734863,4.550000190734863,8700,0,0.0
2009-07-08,4.690000057220459,4.690000057220459,4.199999809265137,4.269999980926514,7000,0,0.0
2009-07-09,4.269999980926514,4.269999980926514,4.269999980926514,4.269999980926514,300,0,0.0
2009-07-10,4.269999980926514,4.269999980926514,4.199999809265137,4.269999980926514,5000,0,0.0
2009-07-13,4.269999980926514,4.269999980926514,4.199999809265137,4.199999809265137,2400,0,0.0
2009-07-14,4.199999809265137,4.480000019073486,4.199999809265137,4.340000152587891,3000,0,0.0
2009-07-15,4.199999809265137,4.480000019073486,4.199999809265137,4.480000019073486,2500,0,0.0
2009-07-16,4.480000019073486,4.690000057220459,4.059999942779541,4.199999809265137,11800,0,0.0
2009-07-17,4.340000152587891,4.690000057220459,4.340000152587891,4.690000057220459,4100,0,0.0
2009-07-20,4.690000057220459,4.690000057220459,4.059999942779541,4.199999809265137,7800,0,0.0
2009-07-21,4.199999809265137,4.550000190734863,4.199999809265137,4.550000190734863,1500,0,0.0
2009-07-22,4.550000190734863,4.550000190734863,4.340000152587891,4.340000152587891,700,0,0.0
2009-07-23,4.199999809265137,4.550000190734863,4.199999809265137,4.199999809265137,9600,0,0.0
2009-07-24,4.480000019073486,4.480000019073486,4.059999942779541,4.340000152587891,2300,0,0.0
2009-07-27,4.199999809265137,4.199999809265137,4.199999809265137,4.199999809265137,1400,0,0.0
2009-07-28,4.199999809265137,4.340000152587891,3.990000009536743,4.059999942779541,14500,0,0.0
2009-07-29,3.990000009536743,4.269999980926514,3.990000009536743,4.269999980926514,4700,0,0.0
2009-07-30,4.059999942779541,4.059999942779541,3.569999933242798,3.569999933242798,20000,0,0.0
2009-07-31,3.569999933242798,3.990000009536743,3.359999895095825,3.7799999713897705,11000,0,0.0
2009-08-03,3.569999933242798,3.7799999713897705,3.569999933242798,3.569999933242798,3400,0,0.0
2009-08-04,3.7100000381469727,3.9200000762939453,3.569999933242798,3.569999933242798,5300,0,0.0
2009-08-05,3.5,4.199999809265137,3.359999895095825,4.199999809265137,14800,0,0.0
2009-08-06,4.130000114440918,4.130000114440918,3.430000066757202,3.640000104904175,15500,0,0.0
2009-08-07,3.640000104904175,3.640000104904175,3.569999933242798,3.640000104904175,1700,0,0.0
2009-08-10,3.640000104904175,3.640000104904175,3.569999933242798,3.569999933242798,8300,0,0.0
2009-08-11,3.569999933242798,3.569999933242798,3.0799999237060547,3.430000066757202,4500,0,0.0
2009-08-12,3.430000066757202,3.569999933242798,3.0799999237060547,3.5,9100,0,0.0
2009-08-13,3.1500000953674316,3.5,2.940000057220459,3.5,3900,0,0.0
2009-08-14,3.569999933242798,3.569999933242798,3.2200000286102295,3.2899999618530273,4200,0,0.0
2009-08-17,3.2200000286102295,3.569999933242798,2.869999885559082,3.2200000286102295,24400,0,0.0
2009-08-18,3.1500000953674316,3.1500000953674316,3.0799999237060547,3.115000009536743,6200,0,0.0
2009-08-19,3.115000009536743,3.430000066757202,3.115000009536743,3.1500000953674316,4800,0,0.0
2009-08-20,3.1500000953674316,3.2899999618530273,3.1500000953674316,3.2899999618530273,700,0,0.0
2009-08-21,3.0799999237060547,3.2899999618530273,2.940000057220459,3.009999990463257,16600,0,0.0
2009-08-24,3.0799999237060547,3.0799999237060547,2.869999885559082,3.0799999237060547,7600,0,0.0
2009-08-25,2.940000057220459,3.0869998931884766,2.940000057220459,3.0799999237060547,10700,0,0.0
2009-08-26,3.1500000953674316,3.359999895095825,3.1500000953674316,3.359999895095825,12000,0,0.0
2009-08-27,3.359999895095825,3.5,3.009999990463257,3.359999895095825,7200,0,0.0
2009-08-28,3.359999895095825,3.359999895095825,3.0799999237060547,3.0799999237060547,2100,0,0.0
2009-08-31,3.1500000953674316,3.7100000381469727,3.1500000953674316,3.7100000381469727,13900,0,0.0
2009-09-01,3.7100000381469727,3.7799999713897705,3.359999895095825,3.5,18300,0,0.0
2009-09-02,3.7100000381469727,3.7799999713897705,3.5,3.569999933242798,18300,0,0.0
2009-09-03,3.5,3.8499999046325684,3.5,3.7799999713897705,13900,0,0.0
2009-09-04,3.7799999713897705,3.8499999046325684,3.5,3.7799999713897705,7400,0,0.0
2009-09-08,3.7799999713897705,3.7799999713897705,3.1500000953674316,3.1500000953674316,9400,0,0.0
2009-09-09,3.569999933242798,3.640000104904175,3.430000066757202,3.640000104904175,5600,0,0.0
2009-09-10,3.640000104904175,3.640000104904175,3.430000066757202,3.430000066757202,12400,0,0.0
2009-09-11,3.5,3.5,3.1500000953674316,3.5,8300,0,0.0
2009-09-14,3.5,3.5,3.2200000286102295,3.2200000286102295,700,0,0.0
2009-09-15,3.2200000286102295,3.5,3.2200000286102295,3.359999895095825,8700,0,0.0
2009-09-16,3.359999895095825,3.430000066757202,3.1500000953674316,3.430000066757202,7800,0,0.0
2009-09-17,3.430000066757202,3.430000066757202,3.2899999618530273,3.359999895095825,8500,0,0.0
2009-09-18,3.1500000953674316,3.430000066757202,3.1500000953674316,3.1500000953674316,7300,0,0.0
2009-09-21,3.1500000953674316,3.359999895095825,3.1500000953674316,3.2200000286102295,3000,0,0.0
2009-09-22,3.2899999618530273,3.5,3.2899999618530273,3.5,18400,0,0.0
2009-09-23,3.493000030517578,3.493000030517578,3.0799999237060547,3.0799999237060547,4400,0,0.0
2009-09-24,3.2200000286102295,3.3949999809265137,3.009999990463257,3.255000114440918,13100,0,0.0
2009-09-25,3.009999990463257,3.1500000953674316,3.009999990463257,3.1500000953674316,8600,0,0.0
2009-09-28,3.1500000953674316,3.2899999618530273,3.009999990463257,3.2899999618530273,5200,0,0.0
2009-09-29,3.009999990463257,3.3949999809265137,2.6600000858306885,2.799999952316284,24500,0,0.0
2009-09-30,2.5199999809265137,2.7300000190734863,2.309999942779541,2.694999933242798,34600,0,0.0
2009-10-01,2.5199999809265137,2.5899999141693115,1.4700000286102295,1.4700000286102295,24400,0,0.0
2009-10-02,1.5399999618530273,2.6600000858306885,1.5399999618530273,2.1700000762939453,56300,0,0.0
2009-10-05,2.309999942779541,2.450000047683716,2.0299999713897705,2.0999999046325684,39700,0,0.0
2009-10-06,2.065000057220459,2.0999999046325684,2.0299999713897705,2.0999999046325684,22600,0,0.0
2009-10-07,2.0999999046325684,2.0999999046325684,2.0999999046325684,2.0999999046325684,2400,0,0.0
2009-10-08,2.240000009536743,2.450000047683716,2.240000009536743,2.240000009536743,25600,0,0.0
2009-10-09,2.240000009536743,2.7300000190734863,2.240000009536743,2.7300000190734863,19100,0,0.0
2009-10-12,2.799999952316284,3.0799999237060547,2.799999952316284,2.869999885559082,32900,0,0.0
2009-10-13,3.0799999237060547,3.0799999237060547,2.5199999809265137,2.799999952316284,25100,0,0.0
2009-10-14,2.799999952316284,2.799999952316284,2.450000047683716,2.799999952316284,8500,0,0.0
2009-10-15,2.799999952316284,2.799999952316284,2.450000047683716,2.5899999141693115,37200,0,0.0
2009-10-16,2.6600000858306885,2.6600000858306885,2.0999999046325684,2.5199999809265137,9700,0,0.0
2009-10-19,2.6600000858306885,2.799999952316284,2.6600000858306885,2.7300000190734863,9800,0,0.0
2009-10-20,2.6600000858306885,2.6600000858306885,2.240000009536743,2.380000114440918,6700,0,0.0
2009-10-21,2.380000114440918,2.5199999809265137,2.0999999046325684,2.0999999046325684,38600,0,0.0
2009-10-22,2.0999999046325684,2.240000009536743,2.058000087738037,2.0999999046325684,20100,0,0.0
2009-10-23,2.1700000762939453,2.2049999237060547,2.058000087738037,2.0999999046325684,22800,0,0.0
2009-10-26,2.0999999046325684,2.0999999046325684,1.9600000381469727,2.0299999713897705,14900,0,0.0
2009-10-27,2.0299999713897705,2.0299999713897705,1.8899999856948853,1.8899999856948853,14100,0,0.0
2009-10-28,1.8899999856948853,1.9950000047683716,1.8899999856948853,1.8899999856948853,4800,0,0.0
2009-10-29,1.8899999856948853,1.9600000381469727,1.8200000524520874,1.8899999856948853,11800,0,0.0
2009-10-30,1.8899999856948853,1.8899999856948853,1.75,1.8899999856948853,26100,0,0.0
2009-11-02,2.0299999713897705,2.0299999713897705,1.6100000143051147,1.75,19000,0,0.0
2009-11-03,1.75,1.8200000524520874,1.75,1.75,13100,0,0.0
2009-11-04,1.75,1.8899999856948853,1.6100000143051147,1.75,30700,0,0.0
2009-11-05,1.75,1.75,1.4700000286102295,1.6799999475479126,16500,0,0.0
2009-11-06,1.5820000171661377,1.75,1.5820000171661377,1.75,34700,0,0.0
2009-11-09,1.75,1.75,1.5399999618530273,1.6799999475479126,22100,0,0.0
2009-11-10,1.6799999475479126,1.6799999475479126,1.4700000286102295,1.5049999952316284,7300,0,0.0
2009-11-11,1.5399999618530273,1.6100000143051147,1.399999976158142,1.4700000286102295,43500,0,0.0
2009-11-12,1.399999976158142,1.5399999618530273,1.399999976158142,1.5399999618530273,17900,0,0.0
2009-11-13,1.5399999618530273,1.6799999475479126,1.399999976158142,1.4700000286102295,14600,0,0.0
2009-11-16,1.6100000143051147,1.6100000143051147,1.399999976158142,1.399999976158142,12900,0,0.0
2009-11-17,1.5399999618530273,1.6100000143051147,1.399999976158142,1.399999976158142,8300,0,0.0
2009-11-18,1.4700000286102295,1.5399999618530273,1.4700000286102295,1.4700000286102295,9100,0,0.0
2009-11-19,1.5399999618530273,1.6799999475479126,1.399999976158142,1.6799999475479126,4500,0,0.0
2009-11-20,1.6799999475479126,1.6799999475479126,1.5399999618530273,1.6100000143051147,3900,0,0.0
2009-11-23,1.75,1.8550000190734863,1.75,1.75,13800,0,0.0
2009-11-24,1.784999966621399,1.784999966621399,1.5399999618530273,1.5399999618530273,23600,0,0.0
2009-11-25,1.6799999475479126,1.6799999475479126,1.5399999618530273,1.6799999475479126,19400,0,0.0
2009-11-27,1.6799999475479126,1.75,1.6799999475479126,1.7430000305175781,9500,0,0.0
2009-11-30,1.8200000524520874,1.8200000524520874,1.5399999618530273,1.75,17200,0,0.0
2009-12-01,1.75,1.8200000524520874,1.434999942779541,1.8200000524520874,37200,0,0.0
2009-12-02,1.75,1.75,1.5399999618530273,1.5399999618530273,15000,0,0.0
2009-12-03,1.75,1.75,1.5399999618530273,1.6799999475479126,23600,0,0.0
2009-12-04,1.6100000143051147,1.715000033378601,1.5750000476837158,1.6100000143051147,3400,0,0.0
2009-12-07,1.715000033378601,1.715000033378601,1.6100000143051147,1.6799999475479126,15600,0,0.0
2009-12-08,1.6799999475479126,1.6799999475479126,1.6449999809265137,1.6799999475479126,6700,0,0.0
2009-12-09,1.6799999475479126,1.6799999475479126,1.5399999618530273,1.6100000143051147,17300,0,0.0
2009-12-10,1.6100000143051147,1.6100000143051147,1.5399999618530273,1.6100000143051147,10800,0,0.0
2009-12-11,1.6100000143051147,1.6100000143051147,1.399999976158142,1.5399999618530273,16500,0,0.0
2009-12-14,1.5399999618530273,1.5399999618530273,1.5399999618530273,1.5399999618530273,2700,0,0.0
2009-12-15,1.6100000143051147,1.6100000143051147,1.399999976158142,1.5399999618530273,10000,0,0.0
2009-12-16,1.5399999618530273,1.6799999475479126,1.406999945640564,1.6799999475479126,42300,0,0.0
2009-12-17,1.6799999475479126,1.75,1.6100000143051147,1.6100000143051147,32500,0,0.0
2009-12-18,1.6799999475479126,1.6799999475479126,1.6100000143051147,1.6729999780654907,7400,0,0.0
2009-12-21,1.6729999780654907,1.6799999475479126,1.5399999618530273,1.6799999475479126,21600,0,0.0
2009-12-22,1.6799999475479126,1.8200000524520874,1.6100000143051147,1.75,53900,0,0.0
2009-12-23,1.6799999475479126,1.8200000524520874,1.63100004196167,1.75,8600,0,0.0
2009-12-24,1.6799999475479126,1.8200000524520874,1.6799999475479126,1.6799999475479126,9700,0,0.0
2009-12-28,1.687000036239624,1.75,1.6100000143051147,1.6100000143051147,13500,0,0.0
2009-12-29,1.6100000143051147,1.784999966621399,1.6100000143051147,1.784999966621399,15700,0,0.0
2009-12-30,1.8200000524520874,1.8200000524520874,1.75,1.8200000524520874,7500,0,0.0
2009-12-31,1.8200000524520874,1.8899999856948853,1.75,1.75,19100,0,0.0
2010-01-04,1.8899999856948853,2.0299999713897705,1.8200000524520874,1.8200000524520874,7400,0,0.0
2010-01-05,1.8899999856948853,2.1700000762939453,1.8899999856948853,2.1700000762939453,10900,0,0.0
2010-01-06,2.1700000762939453,3.1500000953674316,2.1700000762939453,2.7860000133514404,56000,0,0.0
2010-01-07,2.799999952316284,2.940000057220459,2.7300000190734863,2.799999952316284,42600,0,0.0
2010-01-08,2.869999885559082,3.1500000953674316,2.799999952316284,3.1500000953674316,35400,0,0.0
2010-01-11,3.1500000953674316,3.2899999618530273,2.869999885559082,3.0799999237060547,36200,0,0.0
2010-01-12,3.2899999618530273,3.2899999618530273,2.940000057220459,3.0450000762939453,20600,0,0.0
2010-01-13,3.1500000953674316,3.1500000953674316,2.9749999046325684,3.0799999237060547,12600,0,0.0
2010-01-14,3.1500000953674316,3.1500000953674316,2.940000057220459,2.940000057220459,31000,0,0.0
2010-01-15,2.940000057220459,2.940000057220459,2.6600000858306885,2.7300000190734863,14100,0,0.0
2010-01-19,2.8350000381469727,2.9049999713897705,1.8200000524520874,1.9600000381469727,98500,0,0.0
2010-01-20,2.0999999046325684,2.6600000858306885,2.0999999046325684,2.134999990463257,24000,0,0.0
2010-01-21,2.309999942779541,2.5899999141693115,2.1700000762939453,2.5199999809265137,27500,0,0.0
2010-01-22,2.5199999809265137,2.5199999809265137,2.1700000762939453,2.309999942779541,21300,0,0.0
2010-01-25,2.380000114440918,2.5759999752044678,2.240000009536743,2.5199999809265137,7200,0,0.0
2010-01-26,2.240000009536743,2.5759999752044678,2.240000009536743,2.380000114440918,8100,0,0.0
2010-01-27,2.240000009536743,2.380000114440918,2.1700000762939453,2.309999942779541,6900,0,0.0
2010-01-28,2.309999942779541,2.309999942779541,2.2049999237060547,2.2049999237060547,15800,0,0.0
2010-01-29,2.309999942779541,2.5199999809265137,2.1700000762939453,2.450000047683716,9700,0,0.0
2010-02-01,2.450000047683716,2.5199999809265137,2.450000047683716,2.5199999809265137,4200,0,0.0
2010-02-02,2.5199999809265137,2.5199999809265137,2.450000047683716,2.5199999809265137,21500,0,0.0
2010-02-03,2.5199999809265137,2.5199999809265137,2.380000114440918,2.380000114440918,5300,0,0.0
2010-02-04,2.380000114440918,2.450000047683716,2.240000009536743,2.380000114440918,15500,0,0.0
2010-02-05,2.240000009536743,2.6600000858306885,2.240000009536743,2.380000114440918,28600,0,0.0
2010-02-08,2.5199999809265137,2.5199999809265137,2.3450000286102295,2.3450000286102295,14100,0,0.0
2010-02-09,2.309999942779541,2.380000114440918,2.240000009536743,2.240000009536743,14200,0,0.0
2010-02-10,2.309999942779541,2.309999942779541,2.1700000762939453,2.1700000762939453,34700,0,0.0
2010-02-11,2.309999942779541,2.309999942779541,2.309999942779541,2.309999942779541,3200,0,0.0
2010-02-12,2.309999942779541,2.309999942779541,2.240000009536743,2.240000009536743,11400,0,0.0
2010-02-16,2.240000009536743,2.380000114440918,2.240000009536743,2.240000009536743,7700,0,0.0
2010-02-17,2.380000114440918,2.6600000858306885,2.240000009536743,2.380000114440918,14400,0,0.0
2010-02-18,2.240000009536743,2.6600000858306885,2.240000009536743,2.380000114440918,5800,0,0.0
2010-02-19,2.380000114440918,2.5899999141693115,2.240000009536743,2.5899999141693115,22900,0,0.0
2010-02-22,2.5899999141693115,2.6600000858306885,2.450000047683716,2.6600000858306885,19000,0,0.0
2010-02-23,2.6600000858306885,2.6600000858306885,2.450000047683716,2.5899999141693115,13000,0,0.0
2010-02-24,2.450000047683716,2.5899999141693115,2.450000047683716,2.5899999141693115,5200,0,0.0
2010-02-25,2.6389999389648438,2.6600000858306885,2.5199999809265137,2.625,13100,0,0.0
2010-02-26,2.5899999141693115,2.5899999141693115,2.450000047683716,2.5199999809265137,16100,0,0.0
2010-03-01,2.5199999809265137,2.5899999141693115,2.240000009536743,2.5899999141693115,35600,0,0.0
2010-03-02,2.5199999809265137,2.7300000190734863,2.380000114440918,2.5899999141693115,16000,0,0.0
2010-03-03,2.5899999141693115,2.6600000858306885,2.380000114440918,2.380000114440918,14700,0,0.0
2010-03-04,2.380000114440918,2.6600000858306885,2.380000114440918,2.450000047683716,15900,0,0.0
2010-03-05,2.380000114440918,2.5199999809265137,2.380000114440918,2.450000047683716,9600,0,0.0
2010-03-08,2.6600000858306885,2.6600000858306885,2.380000114440918,2.450000047683716,22200,0,0.0
2010-03-09,2.6600000858306885,2.6600000858306885,2.380000114440918,2.555000066757202,15200,0,0.0
2010-03-10,2.5199999809265137,2.6600000858306885,2.5199999809265137,2.6600000858306885,16800,0,0.0
2010-03-11,2.6600000858306885,2.6600000858306885,2.450000047683716,2.6600000858306885,12600,0,0.0
2010-03-12,2.555000066757202,2.6600000858306885,2.450000047683716,2.5899999141693115,7600,0,0.0
2010-03-15,2.6600000858306885,2.6600000858306885,2.5899999141693115,2.5899999141693115,14600,0,0.0
2010-03-16,2.6600000858306885,2.6600000858306885,2.569000005722046,2.5899999141693115,24200,0,0.0
2010-03-17,2.6600000858306885,2.6600000858306885,2.569000005722046,2.569000005722046,3900,0,0.0
2010-03-18,2.5759999752044678,2.6600000858306885,2.484999895095825,2.484999895095825,3400,0,0.0
2010-03-19,2.484999895095825,2.6600000858306885,2.484999895095825,2.5199999809265137,19700,0,0.0
2010-03-22,2.5199999809265137,2.6600000858306885,2.5199999809265137,2.5199999809265137,5200,0,0.0
2010-03-23,2.7300000190734863,2.7300000190734863,2.5199999809265137,2.5199999809265137,9600,0,0.0
2010-03-24,2.5899999141693115,2.6600000858306885,2.5199999809265137,2.5899999141693115,11500,0,0.0
2010-03-25,2.6600000858306885,2.6600000858306885,2.5199999809265137,2.5899999141693115,17600,0,0.0
2010-03-26,2.5899999141693115,2.6600000858306885,2.5899999141693115,2.6600000858306885,8400,0,0.0
2010-03-29,2.5969998836517334,2.799999952316284,2.5199999809265137,2.694999933242798,42200,0,0.0
2010-03-30,2.6600000858306885,2.799999952316284,2.6600000858306885,2.7300000190734863,20900,0,0.0
2010-03-31,2.799999952316284,2.799999952316284,2.5899999141693115,2.7300000190734863,12500,0,0.0
2010-04-01,2.6600000858306885,2.799999952316284,2.6600000858306885,2.765000104904175,24700,0,0.0
2010-04-05,2.799999952316284,3.009999990463257,2.765000104904175,2.869999885559082,19000,0,0.0
2010-04-06,2.940000057220459,3.5,2.940000057220459,3.4649999141693115,50600,0,0.0
2010-04-07,3.569999933242798,4.059999942779541,3.359999895095825,4.059999942779541,86300,0,0.0
2010-04-08,3.8499999046325684,4.199999809265137,3.8499999046325684,3.990000009536743,37900,0,0.0
2010-04-09,4.059999942779541,4.199999809265137,3.9200000762939453,4.130000114440918,23600,0,0.0
2010-04-12,3.990000009536743,4.96999979019165,3.990000009536743,4.900000095367432,87300,0,0.0
2010-04-13,5.074999809265137,5.460000038146973,5.005000114440918,5.389999866485596,129100,0,0.0
2010-04-14,5.599999904632568,5.599999904632568,3.8499999046325684,4.199999809265137,138500,0,0.0
2010-04-15,5.039999961853027,5.039999961853027,3.8499999046325684,3.990000009536743,56200,0,0.0
2010-04-16,3.8499999046325684,4.269999980926514,3.8499999046325684,4.130000114440918,16100,0,0.0
2010-04-19,4.199999809265137,4.199999809265137,4.025000095367432,4.199999809265137,34900,0,0.0
2010-04-20,4.199999809265137,4.199999809265137,4.059999942779541,4.059999942779541,17700,0,0.0
2010-04-21,4.199999809265137,4.199999809265137,4.059999942779541,4.059999942779541,8100,0,0.0
2010-04-22,4.066999912261963,4.340000152587891,3.990000009536743,4.059999942779541,39700,0,0.0
2010-04-23,4.059999942779541,4.199999809265137,3.990000009536743,3.990000009536743,18000,0,0.0
2010-04-26,4.059999942779541,4.340000152587891,4.059999942779541,4.130000114440918,15000,0,0.0
2010-04-27,4.199999809265137,4.199999809265137,4.066999912261963,4.09499979019165,14200,0,0.0
2010-04-28,4.164999961853027,4.340000152587891,4.09499979019165,4.199999809265137,17400,0,0.0
2010-04-29,4.199999809265137,4.340000152587891,4.130000114440918,4.130000114440918,29500,0,0.0
2010-04-30,4.304999828338623,4.304999828338623,4.130000114440918,4.130000114440918,17300,0,0.0
2010-05-03,4.059999942779541,4.164999961853027,3.9200000762939453,3.990000009536743,25800,0,0.0
2010-05-04,3.990000009536743,4.059999942779541,3.9200000762939453,4.059999942779541,6000,0,0.0
2010-05-05,4.059999942779541,4.269999980926514,3.9200000762939453,4.130000114440918,32800,0,0.0
2010-05-06,4.199999809265137,4.235000133514404,3.990000009536743,4.059999942779541,22000,0,0.0
2010-05-07,3.990000009536743,4.199999809265137,3.990000009536743,4.199999809265137,5500,0,0.0
2010-05-10,4.199999809265137,4.409999847412109,4.09499979019165,4.199999809265137,42300,0,0.0
2010-05-11,4.340000152587891,4.550000190734863,4.199999809265137,4.409999847412109,31200,0,0.0
2010-05-12,4.409999847412109,5.039999961853027,4.409999847412109,4.900000095367432,32400,0,0.0
2010-05-13,4.900000095367432,5.25,4.900000095367432,5.25,39400,0,0.0
2010-05-14,5.243000030517578,5.243000030517578,4.690000057220459,4.829999923706055,29800,0,0.0
2010-05-17,4.829999923706055,5.179999828338623,4.760000228881836,5.039999961853027,20600,0,0.0
2010-05-18,5.039999961853027,5.110000133514404,4.829999923706055,4.96999979019165,26000,0,0.0
2010-05-19,4.96999979019165,5.039999961853027,4.760000228881836,4.900000095367432,9900,0,0.0
2010-05-20,4.760000228881836,4.96999979019165,4.550000190734863,4.61299991607666,11600,0,0.0
2010-05-21,4.61299991607666,4.690000057220459,4.480000019073486,4.550000190734863,19300,0,0.0
2010-05-24,4.550000190734863,4.96999979019165,4.550000190734863,4.760000228881836,11900,0,0.0
2010-05-25,4.96999979019165,4.96999979019165,4.690000057220459,4.829999923706055,10800,0,0.0
2010-05-26,4.96999979019165,4.96999979019165,4.900000095367432,4.96999979019165,4400,0,0.0
2010-05-27,5.039999961853027,5.110000133514404,4.829999923706055,4.829999923706055,18800,0,0.0
2010-05-28,4.760000228881836,4.900000095367432,4.550000190734863,4.760000228881836,45000,0,0.0
2010-06-01,4.89300012588501,4.89300012588501,4.130000114440918,4.199999809265137,20300,0,0.0
2010-06-02,4.480000019073486,4.480000019073486,4.409999847412109,4.409999847412109,9000,0,0.0
2010-06-03,4.480000019073486,4.480000019073486,4.206999778747559,4.375,7700,0,0.0
2010-06-04,4.409999847412109,4.480000019073486,4.206999778747559,4.340000152587891,10600,0,0.0
2010-06-07,4.340000152587891,4.409999847412109,4.199999809265137,4.269999980926514,5800,0,0.0
2010-06-08,4.409999847412109,4.409999847412109,4.199999809265137,4.304999828338623,15000,0,0.0
2010-06-09,4.269999980926514,4.269999980926514,4.130000114440918,4.199999809265137,12800,0,0.0
2010-06-10,4.130000114440918,4.199999809265137,4.130000114440918,4.199999809265137,400,0,0.0
2010-06-11,4.199999809265137,4.269999980926514,3.8499999046325684,4.059999942779541,25300,0,0.0
2010-06-14,4.199999809265137,4.340000152587891,3.990000009536743,4.130000114440918,56900,0,0.0
2010-06-15,4.199999809265137,4.199999809265137,3.815000057220459,3.9200000762939453,29600,0,0.0
2010-06-16,3.990000009536743,3.990000009536743,3.7100000381469727,3.8499999046325684,12900,0,0.0
2010-06-17,3.990000009536743,3.990000009536743,3.8499999046325684,3.990000009536743,4400,0,0.0
2010-06-18,3.8499999046325684,4.164999961853027,3.8499999046325684,3.990000009536743,4400,0,0.0
2010-06-21,4.130000114440918,4.130000114440918,3.7799999713897705,3.7799999713897705,6800,0,0.0
2010-06-22,3.7799999713897705,4.059999942779541,3.7799999713897705,4.025000095367432,7000,0,0.0
2010-06-23,4.059999942779541,4.059999942779541,3.7799999713897705,3.990000009536743,4000,0,0.0
2010-06-24,3.990000009536743,3.990000009536743,3.8499999046325684,3.8499999046325684,8100,0,0.0
2010-06-25,3.7799999713897705,3.990000009536743,3.640000104904175,3.7100000381469727,28500,0,0.0
2010-06-28,3.569999933242798,3.569999933242798,3.359999895095825,3.359999895095825,9700,0,0.0
2010-06-29,3.367000102996826,3.8499999046325684,3.367000102996826,3.430000066757202,4200,0,0.0
2010-06-30,3.640000104904175,3.7100000381469727,3.430000066757202,3.569999933242798,24500,0,0.0
2010-07-01,3.7100000381469727,3.7100000381469727,3.5,3.569999933242798,11000,0,0.0
2010-07-02,3.569999933242798,3.569999933242798,3.1500000953674316,3.359999895095825,23500,0,0.0
2010-07-06,3.359999895095825,3.359999895095825,3.1500000953674316,3.255000114440918,13500,0,0.0
2010-07-07,3.1500000953674316,3.2899999618530273,3.1500000953674316,3.1500000953674316,7800,0,0.0
2010-07-08,3.2899999618530273,3.2899999618530273,3.1500000953674316,3.2899999618530273,6400,0,0.0
2010-07-09,3.2899999618530273,3.2899999618530273,3.1500000953674316,3.2899999618530273,5000,0,0.0
2010-07-12,3.2829999923706055,3.2829999923706055,3.0799999237060547,3.0799999237060547,21800,0,0.0
2010-07-13,2.940000057220459,2.940000057220459,2.799999952316284,2.940000057220459,17100,0,0.0
2010-07-14,2.9049999713897705,3.2899999618530273,2.799999952316284,3.2899999618530273,15200,0,0.0
2010-07-15,3.009999990463257,3.2899999618530273,3.009999990463257,3.2899999618530273,7900,0,0.0
2010-07-16,3.2899999618530273,3.430000066757202,3.2899999618530273,3.430000066757202,10100,0,0.0
2010-07-19,3.430000066757202,3.5,3.2899999618530273,3.5,28200,0,0.0
2010-07-20,3.5350000858306885,3.7100000381469727,3.5,3.7100000381469727,24500,0,0.0
2010-07-21,3.7799999713897705,4.199999809265137,3.7799999713897705,4.059999942779541,17800,0,0.0
2010-07-22,4.199999809265137,4.199999809265137,4.059999942779541,4.199999809265137,25100,0,0.0
2010-07-23,4.130000114440918,4.340000152587891,4.059999942779541,4.269999980926514,28900,0,0.0
2010-07-26,4.130000114440918,4.550000190734863,4.130000114440918,4.340000152587891,24000,0,0.0
2010-07-27,4.340000152587891,4.409999847412109,4.130000114440918,4.214000225067139,21000,0,0.0
2010-07-28,4.199999809265137,4.340000152587891,4.199999809265137,4.340000152587891,17800,0,0.0
2010-07-29,4.269999980926514,4.340000152587891,4.199999809265137,4.199999809265137,35200,0,0.0
2010-07-30,4.199999809265137,4.199999809265137,3.8499999046325684,4.192999839782715,31300,0,0.0
2010-08-02,4.269999980926514,4.269999980926514,3.9200000762939453,3.990000009536743,66100,0,0.0
2010-08-03,4.130000114440918,4.340000152587891,4.025000095367432,4.340000152587891,35100,0,0.0
2010-08-04,4.409999847412109,4.409999847412109,4.199999809265137,4.304999828338623,34500,0,0.0
2010-08-05,4.269999980926514,4.340000152587891,4.059999942779541,4.340000152587891,13700,0,0.0
2010-08-06,4.375,4.375,4.09499979019165,4.09499979019165,14000,0,0.0
2010-08-09,4.199999809265137,4.199999809265137,4.09499979019165,4.199999809265137,11600,0,0.0
2010-08-10,4.199999809265137,4.199999809265137,4.059999942779541,4.059999942779541,13700,0,0.0
2010-08-11,4.059999942779541,4.059999942779541,3.990000009536743,4.059999942779541,7700,0,0.0
2010-08-12,4.059999942779541,4.059999942779541,3.8499999046325684,3.990000009536743,3900,0,0.0
2010-08-13,4.059999942779541,4.059999942779541,3.884999990463257,3.884999990463257,21600,0,0.0
2010-08-16,3.9760000705718994,3.990000009536743,3.8499999046325684,3.878000020980835,24800,0,0.0
2010-08-17,3.9200000762939453,4.052999973297119,3.8499999046325684,3.9549999237060547,26100,0,0.0
2010-08-18,3.990000009536743,4.199999809265137,3.9549999237060547,4.052999973297119,23000,0,0.0
2010-08-19,4.066999912261963,4.192999839782715,4.059999942779541,4.059999942779541,13200,0,0.0
2010-08-20,4.025000095367432,4.130000114440918,4.025000095367432,4.059999942779541,10800,0,0.0
2010-08-23,3.990000009536743,4.059999942779541,3.8499999046325684,3.8499999046325684,34900,0,0.0
2010-08-24,3.8499999046325684,3.990000009536743,3.8499999046325684,3.990000009536743,12400,0,0.0
2010-08-25,3.8499999046325684,4.059999942779541,3.8499999046325684,3.9200000762939453,5400,0,0.0
2010-08-26,3.9200000762939453,3.990000009536743,3.9200000762939453,3.990000009536743,3300,0,0.0
2010-08-27,3.884999990463257,4.059999942779541,3.8499999046325684,4.059999942779541,27300,0,0.0
2010-08-30,4.059999942779541,4.059999942779541,3.7799999713897705,3.7799999713897705,7900,0,0.0
2010-08-31,3.7799999713897705,4.192999839782715,3.7799999713897705,4.130000114440918,10600,0,0.0
2010-09-01,4.059999942779541,4.130000114440918,3.8499999046325684,3.8499999046325684,4600,0,0.0
2010-09-02,4.130000114440918,4.130000114440918,3.8499999046325684,3.8499999046325684,2000,0,0.0
2010-09-03,3.674999952316284,4.130000114440918,3.640000104904175,4.059999942779541,7700,0,0.0
2010-09-07,4.130000114440918,4.130000114440918,3.8499999046325684,3.990000009536743,5700,0,0.0
2010-09-08,3.8499999046325684,3.990000009536743,3.8499999046325684,3.9200000762939453,900,0,0.0
2010-09-09,3.990000009536743,4.059999942779541,3.8499999046325684,3.990000009536743,6500,0,0.0
2010-09-10,3.990000009536743,3.990000009536743,3.8499999046325684,3.8499999046325684,12100,0,0.0
2010-09-13,3.744999885559082,3.8499999046325684,3.7100000381469727,3.744999885559082,14300,0,0.0
2010-09-14,3.744999885559082,3.744999885559082,3.5,3.7100000381469727,32600,0,0.0
2010-09-15,3.7100000381469727,3.744999885559082,3.5,3.640000104904175,52500,0,0.0
2010-09-16,3.569999933242798,3.8499999046325684,3.569999933242798,3.640000104904175,42400,0,0.0
2010-09-17,3.8499999046325684,3.9200000762939453,3.5,3.569999933242798,20700,0,0.0
2010-09-20,3.640000104904175,3.640000104904175,3.5,3.569999933242798,6800,0,0.0
2010-09-21,3.569999933242798,3.569999933242798,3.5350000858306885,3.5350000858306885,10800,0,0.0
2010-09-22,3.569999933242798,3.640000104904175,3.1500000953674316,3.359999895095825,28100,0,0.0
2010-09-23,3.184999942779541,3.430000066757202,3.184999942779541,3.359999895095825,7000,0,0.0
2010-09-24,3.255000114440918,3.430000066757202,3.255000114440918,3.359999895095825,10600,0,0.0
2010-09-27,3.359999895095825,3.5,3.2899999618530273,3.359999895095825,14500,0,0.0
2010-09-28,3.359999895095825,3.359999895095825,3.2899999618530273,3.325000047683716,32000,0,0.0
2010-09-29,3.2760000228881836,3.325000047683716,3.2200000286102295,3.325000047683716,17300,0,0.0
2010-09-30,3.325000047683716,3.5,3.2200000286102295,3.5,37900,0,0.0
2010-10-01,3.5,3.5,3.2200000286102295,3.2200000286102295,3800,0,0.0
2010-10-04,3.2200000286102295,3.2899999618530273,2.6600000858306885,2.7300000190734863,32700,0,0.0
2010-10-05,2.6600000858306885,2.799999952316284,2.6600000858306885,2.7300000190734863,26500,0,0.0
2010-10-06,2.7300000190734863,2.799999952316284,2.7300000190734863,2.736999988555908,22300,0,0.0
2010-10-07,2.799999952316284,2.799999952316284,2.799999952316284,2.799999952316284,37400,0,0.0
2010-10-08,2.940000057220459,3.325000047683716,2.799999952316284,3.325000047683716,19100,0,0.0
2010-10-11,3.325000047683716,3.325000047683716,2.9749999046325684,3.255000114440918,4600,0,0.0
2010-10-12,3.325000047683716,3.325000047683716,2.9749999046325684,3.2200000286102295,37000,0,0.0
2010-10-13,3.2200000286102295,3.2200000286102295,2.9749999046325684,2.9749999046325684,3800,0,0.0
2010-10-14,2.9749999046325684,3.2200000286102295,2.9749999046325684,3.2200000286102295,2700,0,0.0
2010-10-15,3.2899999618530273,3.2899999618530273,2.9749999046325684,3.2200000286102295,8700,0,0.0
2010-10-18,3.2899999618530273,3.2899999618530273,3.009999990463257,3.009999990463257,11200,0,0.0
2010-10-19,3.009999990463257,3.1500000953674316,3.009999990463257,3.0799999237060547,6600,0,0.0
2010-10-20,3.0799999237060547,3.0799999237060547,3.009999990463257,3.009999990463257,5600,0,0.0
2010-10-21,3.009999990463257,3.0799999237060547,2.940000057220459,2.9749999046325684,8900,0,0.0
2010-10-22,3.009999990463257,3.0799999237060547,2.9749999046325684,3.0799999237060547,4000,0,0.0
2010-10-25,3.009999990463257,3.0799999237060547,2.9749999046325684,3.0450000762939453,12300,0,0.0
2010-10-26,3.0450000762939453,3.0799999237060547,2.9749999046325684,2.9749999046325684,7700,0,0.0
2010-10-27,3.0450000762939453,3.0450000762939453,2.869999885559082,2.869999885559082,16700,0,0.0
2010-10-28,2.9049999713897705,3.009999990463257,2.869999885559082,2.940000057220459,21100,0,0.0
2010-10-29,2.8350000381469727,3.009999990463257,2.799999952316284,3.009999990463257,9800,0,0.0
2010-11-01,2.9609999656677246,3.009999990463257,2.799999952316284,2.8350000381469727,19800,0,0.0
2010-11-02,2.8350000381469727,2.869999885559082,2.6600000858306885,2.7300000190734863,32700,0,0.0
2010-11-03,2.869999885559082,2.869999885559082,2.6600000858306885,2.6600000858306885,9400,0,0.0
2010-11-04,2.6600000858306885,2.799999952316284,2.6600000858306885,2.7300000190734863,14300,0,0.0
2010-11-05,2.799999952316284,2.799999952316284,2.765000104904175,2.765000104904175,2800,0,0.0
2010-11-08,2.799999952316284,2.869999885559082,2.7300000190734863,2.869999885559082,16200,0,0.0
2010-11-09,2.869999885559082,2.869999885559082,2.799999952316284,2.869999885559082,18300,0,0.0
2010-11-10,2.869999885559082,2.940000057220459,2.6600000858306885,2.6600000858306885,25700,0,0.0
2010-11-11,2.765000104904175,2.799999952316284,1.9600000381469727,2.0999999046325684,66100,0,0.0
2010-11-12,2.240000009536743,2.869999885559082,2.240000009536743,2.799999952316284,32000,0,0.0
2010-11-15,2.799999952316284,2.869999885559082,2.6600000858306885,2.6600000858306885,13500,0,0.0
2010-11-16,2.6600000858306885,2.7300000190734863,2.5899999141693115,2.6600000858306885,10600,0,0.0
2010-11-17,2.7300000190734863,2.7300000190734863,2.5199999809265137,2.5899999141693115,2900,0,0.0
2010-11-18,2.5899999141693115,2.680999994277954,2.4639999866485596,2.6600000858306885,10600,0,0.0
2010-11-19,2.5899999141693115,2.799999952316284,2.5899999141693115,2.799999952316284,20500,0,0.0
2010-11-22,2.799999952316284,2.799999952316284,2.7300000190734863,2.7929999828338623,2500,0,0.0
2010-11-23,2.799999952316284,2.799999952316284,2.5899999141693115,2.5899999141693115,22300,0,0.0
2010-11-24,2.799999952316284,2.799999952316284,2.5899999141693115,2.6600000858306885,3500,0,0.0
2010-11-26,2.6600000858306885,2.6600000858306885,2.618000030517578,2.618000030517578,4400,0,0.0
2010-11-29,2.618000030517578,2.7929999828338623,2.5899999141693115,2.5899999141693115,12100,0,0.0
2010-11-30,2.765000104904175,2.765000104904175,2.5899999141693115,2.6600000858306885,13500,0,0.0
2010-12-01,2.7300000190734863,2.799999952316284,2.5899999141693115,2.6530001163482666,7200,0,0.0
2010-12-02,2.6600000858306885,2.799999952316284,2.6600000858306885,2.7929999828338623,6100,0,0.0
2010-12-03,2.765000104904175,2.869999885559082,2.6600000858306885,2.694999933242798,14500,0,0.0
2010-12-06,2.799999952316284,2.799999952316284,2.625,2.7929999828338623,14400,0,0.0
2010-12-07,2.7090001106262207,2.799999952316284,2.625,2.625,24300,0,0.0
2010-12-08,2.5899999141693115,2.6600000858306885,2.5899999141693115,2.5899999141693115,9700,0,0.0
2010-12-09,2.625,2.799999952316284,2.5899999141693115,2.625,12100,0,0.0
2010-12-10,2.5199999809265137,2.765000104904175,2.5199999809265137,2.765000104904175,3700,0,0.0
2010-12-13,2.6600000858306885,2.799999952316284,2.5199999809265137,2.5199999809265137,28100,0,0.0
2010-12-14,2.5899999141693115,2.625,2.5199999809265137,2.5899999141693115,10300,0,0.0
2010-12-15,2.5899999141693115,2.5899999141693115,2.450000047683716,2.5199999809265137,15600,0,0.0
2010-12-16,2.555000066757202,2.555000066757202,2.309999942779541,2.450000047683716,32400,0,0.0
2010-12-17,2.4149999618530273,2.450000047683716,2.4149999618530273,2.450000047683716,5300,0,0.0
2010-12-20,2.5899999141693115,2.5899999141693115,2.380000114440918,2.380000114440918,12600,0,0.0
2010-12-21,2.380000114440918,2.443000078201294,2.309999942779541,2.309999942779541,10400,0,0.0
2010-12-22,2.380000114440918,2.450000047683716,2.309999942779541,2.380000114440918,19800,0,0.0
2010-12-23,2.4149999618530273,2.5199999809265137,2.380000114440918,2.450000047683716,33300,0,0.0
2010-12-27,2.5199999809265137,2.5829999446868896,2.450000047683716,2.5829999446868896,14800,0,0.0
2010-12-28,2.450000047683716,2.7300000190734863,2.450000047683716,2.5199999809265137,7100,0,0.0
2010-12-29,2.7300000190734863,2.799999952316284,2.5269999504089355,2.6600000858306885,27700,0,0.0
2010-12-30,2.6600000858306885,2.7300000190734863,2.450000047683716,2.450000047683716,17200,0,0.0
2010-12-31,2.450000047683716,2.7300000190734863,2.450000047683716,2.7300000190734863,8100,0,0.0
2011-01-03,2.7300000190734863,2.799999952316284,2.450000047683716,2.5899999141693115,36700,0,0.0
2011-01-04,2.799999952316284,2.869999885559082,2.5829999446868896,2.86299991607666,24800,0,0.0
2011-01-05,2.869999885559082,3.009999990463257,2.86299991607666,3.009999990463257,18100,0,0.0
2011-01-06,2.940000057220459,3.009999990463257,2.877000093460083,2.940000057220459,18200,0,0.0
2011-01-07,2.869999885559082,3.009999990463257,2.869999885559082,3.009999990463257,8300,0,0.0
2011-01-10,3.0450000762939453,3.2200000286102295,2.9749999046325684,3.2200000286102295,37600,0,0.0
2011-01-11,3.2899999618530273,3.640000104904175,3.1500000953674316,3.640000104904175,64800,0,0.0
2011-01-12,3.5,3.8499999046325684,3.5,3.7799999713897705,57200,0,0.0
2011-01-13,3.7799999713897705,4.199999809265137,3.7170000076293945,4.130000114440918,53000,0,0.0
2011-01-14,4.09499979019165,4.199999809265137,3.990000009536743,4.199999809265137,85100,0,0.0
2011-01-18,4.164999961853027,4.480000019073486,4.059999942779541,4.409999847412109,87500,0,0.0
2011-01-19,4.466000080108643,4.900000095367432,4.409999847412109,4.900000095367432,136100,0,0.0
2011-01-20,5.110000133514404,6.321000099182129,5.039999961853027,5.599999904632568,271800,0,0.0
2011-01-21,5.711999893188477,5.809999942779541,4.199999809265137,4.619999885559082,173300,0,0.0
2011-01-24,4.802000045776367,5.039999961853027,4.697000026702881,5.039999961853027,74000,0,0.0
2011-01-25,4.934999942779541,5.25,4.690000057220459,4.900000095367432,38700,0,0.0
2011-01-26,4.96999979019165,4.96999979019165,4.480000019073486,4.619999885559082,57800,0,0.0
2011-01-27,4.304999828338623,4.585000038146973,4.304999828338623,4.480000019073486,22600,0,0.0
2011-01-28,4.550000190734863,4.550000190734863,3.884999990463257,4.199999809265137,77400,0,0.0
2011-01-31,4.080999851226807,4.409999847412109,3.9549999237060547,4.409999847412109,42500,0,0.0
2011-02-01,4.550000190734863,4.690000057220459,4.199999809265137,4.409999847412109,19700,0,0.0
2011-02-02,4.480000019073486,4.690000057220459,4.340000152587891,4.690000057220459,10100,0,0.0
2011-02-03,4.724999904632568,4.89300012588501,4.550000190734863,4.550000190734863,10600,0,0.0
2011-02-04,4.900000095367432,4.900000095367432,4.690000057220459,4.829999923706055,10600,0,0.0
2011-02-07,4.724999904632568,4.864999771118164,4.724999904632568,4.760000228881836,16700,0,0.0
2011-02-08,4.822999954223633,4.829999923706055,4.690000057220459,4.760000228881836,26500,0,0.0
2011-02-09,4.65500020980835,4.900000095367432,4.65500020980835,4.829999923706055,9400,0,0.0
2011-02-10,4.900000095367432,4.900000095367432,4.690000057220459,4.690000057220459,19500,0,0.0
2011-02-11,4.829999923706055,4.829999923706055,4.690000057220459,4.690000057220459,28800,0,0.0
2011-02-14,4.781000137329102,4.829999923706055,4.724999904632568,4.760000228881836,8300,0,0.0
2011-02-15,4.829999923706055,4.829999923706055,4.690000057220459,4.690000057220459,29900,0,0.0
2011-02-16,4.619999885559082,4.85099983215332,4.619999885559082,4.85099983215332,20800,0,0.0
2011-02-17,4.9070000648498535,4.96999979019165,4.480000019073486,4.864999771118164,38200,0,0.0
2011-02-18,4.690000057220459,4.900000095367432,4.690000057220459,4.690000057220459,11200,0,0.0
2011-02-22,4.550000190734863,4.864999771118164,4.550000190734863,4.829999923706055,16100,0,0.0
2011-02-23,4.829999923706055,4.829999923706055,4.585000038146973,4.690000057220459,20100,0,0.0
2011-02-24,4.760000228881836,4.767000198364258,4.585000038146973,4.767000198364258,13600,0,0.0
2011-02-25,4.900000095367432,4.900000095367432,4.690000057220459,4.690000057220459,14400,0,0.0
2011-02-28,4.760000228881836,4.900000095367432,4.690000057220459,4.900000095367432,21800,0,0.0
2011-03-01,4.900000095367432,4.900000095367432,4.760000228881836,4.857999801635742,19300,0,0.0
2011-03-02,4.900000095367432,5.0329999923706055,4.829999923706055,4.96999979019165,28400,0,0.0
2011-03-03,4.900000095367432,4.96999979019165,4.829999923706055,4.96999979019165,46700,0,0.0
2011-03-04,4.96999979019165,5.039999961853027,4.900000095367432,4.96999979019165,17300,0,0.0
2011-03-07,4.96999979019165,5.110000133514404,4.900000095367432,5.110000133514404,21000,0,0.0
2011-03-08,5.039999961853027,5.25,5.039999961853027,5.179999828338623,20500,0,0.0
2011-03-09,5.25,5.389999866485596,5.179999828338623,5.179999828338623,34700,0,0.0
2011-03-10,5.179999828338623,5.389999866485596,5.179999828338623,5.320000171661377,23600,0,0.0
2011-03-11,5.382999897003174,5.53000020980835,5.25,5.53000020980835,48600,0,0.0
2011-03-14,5.53000020980835,5.72599983215332,4.760000228881836,5.110000133514404,127000,0,0.0
2011-03-15,5.25,5.389999866485596,4.724999904632568,5.25,47800,0,0.0
2011-03-16,5.25,5.320000171661377,5.110000133514404,5.25,13200,0,0.0
2011-03-17,4.96999979019165,5.25,4.900000095367432,5.25,20400,0,0.0
2011-03-18,5.229000091552734,5.229000091552734,5.039999961853027,5.172999858856201,30700,0,0.0
2011-03-21,5.229000091552734,5.25,4.9770002365112305,5.039999961853027,20100,0,0.0
2011-03-22,5.039999961853027,5.039999961853027,4.96999979019165,5.039999961853027,22800,0,0.0
2011-03-23,5.039999961853027,5.039999961853027,4.829999923706055,4.829999923706055,60600,0,0.0
2011-03-24,4.900000095367432,5.172999858856201,4.900000095367432,4.96999979019165,9400,0,0.0
2011-03-25,5.110000133514404,5.110000133514404,4.829999923706055,4.96999979019165,55200,0,0.0
2011-03-28,4.96999979019165,4.96999979019165,4.829999923706055,4.96999979019165,5100,0,0.0
2011-03-29,4.96999979019165,4.96999979019165,4.829999923706055,4.872000217437744,8700,0,0.0
2011-03-30,4.96999979019165,4.96999979019165,4.829999923706055,4.96999979019165,4100,0,0.0
2011-03-31,4.96999979019165,4.96999979019165,4.829999923706055,4.96999979019165,18600,0,0.0
2011-04-01,5.005000114440918,5.039999961853027,4.900000095367432,5.039999961853027,25100,0,0.0
2011-04-04,5.110000133514404,5.110000133514404,4.96999979019165,5.110000133514404,10800,0,0.0
2011-04-05,5.25,5.25,5.039999961853027,5.039999961853027,20700,0,0.0
2011-04-06,5.039999961853027,5.25,5.039999961853027,5.110000133514404,20500,0,0.0
2011-04-07,5.179999828338623,5.25,5.110000133514404,5.236000061035156,17700,0,0.0
2011-04-08,5.25,5.389999866485596,5.179999828338623,5.389999866485596,38400,0,0.0
2011-04-11,5.389999866485596,5.928999900817871,5.382999897003174,5.928999900817871,108000,0,0.0
2011-04-12,5.985000133514404,6.510000228881836,5.670000076293945,6.230000019073486,178700,0,0.0
2011-04-13,6.369999885559082,6.510000228881836,6.019999980926514,6.264999866485596,82600,0,0.0
2011-04-14,6.264999866485596,6.650000095367432,6.230000019073486,6.650000095367432,77200,0,0.0
2011-04-15,6.824999809265137,6.860000133514404,6.440000057220459,6.579999923706055,110200,0,0.0
2011-04-18,6.755000114440918,6.860000133514404,6.440000057220459,6.71999979019165,111700,0,0.0
2011-04-19,6.684999942779541,6.860000133514404,6.579999923706055,6.860000133514404,60400,0,0.0
2011-04-20,6.860000133514404,6.929999828338623,6.650000095367432,6.684999942779541,52100,0,0.0
2011-04-21,6.860000133514404,6.929999828338623,6.71999979019165,6.860000133514404,34300,0,0.0
2011-04-25,6.8460001945495605,6.860000133514404,6.71999979019165,6.755000114440918,32600,0,0.0
2011-04-26,6.789999961853027,6.894999980926514,6.71999979019165,6.860000133514404,16900,0,0.0
2011-04-27,6.860000133514404,6.860000133514404,6.755000114440918,6.789999961853027,35800,0,0.0
2011-04-28,6.929999828338623,7.0,6.789999961853027,7.0,36700,0,0.0
2011-04-29,7.070000171661377,9.59000015258789,7.0,9.380000114440918,234700,0,0.0
2011-05-02,10.220000267028809,10.5,9.380000114440918,10.289999961853027,271700,0,0.0
2011-05-03,10.430000305175781,13.789999961853027,10.359999656677246,13.229999542236328,542800,0,0.0
2011-05-04,13.15999984741211,13.15999984741211,9.869999885559082,10.569999694824219,511000,0,0.0
2011-05-05,10.430000305175781,10.5,8.819999694824219,9.449999809265137,285700,0,0.0
2011-05-06,9.029999732971191,11.0600004196167,9.029999732971191,10.5,198300,0,0.0
2011-05-09,10.5,10.779999732971191,10.220000267028809,10.359999656677246,56600,0,0.0
2011-05-10,10.359999656677246,10.569999694824219,10.220000267028809,10.359999656677246,37700,0,0.0
2011-05-11,10.289999961853027,11.40999984741211,10.289999961853027,11.199999809265137,114100,0,0.0
2011-05-12,11.270000457763672,12.880000114440918,11.270000457763672,12.739999771118164,157100,0,0.0
2011-05-13,12.880000114440918,13.859999656677246,12.739999771118164,13.369999885559082,172400,0,0.0
2011-05-16,13.720000267028809,14.489999771118164,10.850000381469727,12.319999694824219,304200,0,0.0
2011-05-17,12.880000114440918,13.15999984741211,10.5,11.760000228881836,168200,0,0.0
2011-05-18,11.479999542236328,13.300000190734863,11.479999542236328,12.600000381469727,111400,0,0.0
2011-05-19,12.739999771118164,12.8100004196167,12.039999961853027,12.25,43300,0,0.0
2011-05-20,12.25,12.460000038146973,11.550000190734863,11.899999618530273,44900,0,0.0
2011-05-23,11.479999542236328,12.180000305175781,11.479999542236328,11.899999618530273,28600,0,0.0
2011-05-24,11.970000267028809,12.039999961853027,11.550000190734863,11.6899995803833,36100,0,0.0
2011-05-25,12.039999961853027,12.039999961853027,11.550000190734863,11.619999885559082,34300,0,0.0
2011-05-26,11.6899995803833,11.760000228881836,10.779999732971191,10.989999771118164,113300,0,0.0
2011-05-27,10.989999771118164,10.989999771118164,10.5,10.640000343322754,82700,0,0.0
2011-05-31,10.604999542236328,10.989999771118164,10.5,10.920000076293945,51800,0,0.0
2011-06-01,10.850000381469727,10.850000381469727,10.5,10.640000343322754,37200,0,0.0
2011-06-02,10.710000038146973,10.710000038146973,10.5,10.640000343322754,22300,0,0.0
2011-06-03,10.5,10.640000343322754,9.869999885559082,10.079999923706055,67400,0,0.0
2011-06-06,10.079999923706055,10.149999618530273,8.609999656677246,9.59000015258789,136600,0,0.0
2011-06-07,9.729999542236328,9.800000190734863,8.819999694824219,9.029999732971191,58700,0,0.0
2011-06-08,8.329999923706055,8.609999656677246,7.139999866485596,8.1899995803833,262500,0,0.0
2011-06-09,8.050000190734863,9.449999809265137,8.050000190734863,8.890000343322754,87300,0,0.0
2011-06-10,9.100000381469727,10.710000038146973,8.819999694824219,10.640000343322754,78900,0,0.0
2011-06-13,10.430000305175781,10.5,9.59000015258789,10.010000228881836,58300,0,0.0
2011-06-14,10.359999656677246,10.5,10.010000228881836,10.010000228881836,24700,0,0.0
2011-06-15,10.289999961853027,10.289999961853027,9.239999771118164,9.3100004196167,31700,0,0.0
2011-06-16,9.59000015258789,9.800000190734863,9.029999732971191,9.029999732971191,28700,0,0.0
2011-06-17,9.029999732971191,9.3100004196167,8.960000038146973,9.170000076293945,14000,0,0.0
2011-06-20,9.239999771118164,9.59000015258789,8.819999694824219,8.819999694824219,39000,0,0.0
2011-06-21,8.890000343322754,9.100000381469727,8.539999961853027,8.75,53800,0,0.0
2011-06-22,8.539999961853027,8.75,8.470000267028809,8.680000305175781,19000,0,0.0
2011-06-23,8.539999961853027,8.960000038146973,8.539999961853027,8.960000038146973,10300,0,0.0
2011-06-24,8.960000038146973,8.960000038146973,8.75,8.890000343322754,8800,0,0.0
2011-06-27,8.819999694824219,10.079999923706055,8.819999694824219,9.59000015258789,64000,0,0.0
2011-06-28,9.800000190734863,11.34000015258789,9.800000190734863,11.34000015258789,106600,0,0.0
2011-06-29,11.199999809265137,11.270000457763672,10.359999656677246,10.359999656677246,54900,0,0.0
2011-06-30,10.640000343322754,10.920000076293945,10.220000267028809,10.5,67500,0,0.0
2011-07-01,10.430000305175781,10.850000381469727,10.149999618530273,10.850000381469727,32300,0,0.0
2011-07-05,10.779999732971191,10.989999771118164,10.5,10.850000381469727,33500,0,0.0
2011-07-06,10.710000038146973,11.0600004196167,10.5,10.640000343322754,38900,0,0.0
2011-07-07,10.640000343322754,10.989999771118164,10.569999694824219,10.850000381469727,16000,0,0.0
2011-07-08,10.920000076293945,10.920000076293945,10.5,10.640000343322754,6700,0,0.0
2011-07-11,10.569999694824219,10.779999732971191,10.359999656677246,10.5,27500,0,0.0
2011-07-12,10.5,10.569999694824219,10.359999656677246,10.569999694824219,22100,0,0.0
2011-07-13,10.430000305175781,10.569999694824219,10.359999656677246,10.430000305175781,25000,0,0.0
2011-07-14,10.5,10.5,10.010000228881836,10.5,48200,0,0.0
2011-07-15,10.359999656677246,10.430000305175781,10.220000267028809,10.430000305175781,17500,0,0.0
2011-07-18,10.430000305175781,10.430000305175781,10.149999618530273,10.289999961853027,19500,0,0.0
2011-07-19,10.289999961853027,10.359999656677246,9.9399995803833,10.289999961853027,37400,0,0.0
2011-07-20,10.289999961853027,10.5,10.079999923706055,10.359999656677246,26200,0,0.0
2011-07-21,10.359999656677246,10.430000305175781,10.149999618530273,10.220000267028809,23900,0,0.0
2011-07-22,10.220000267028809,10.359999656677246,10.149999618530273,10.220000267028809,18200,0,0.0
2011-07-25,10.149999618530273,10.149999618530273,9.100000381469727,9.729999542236328,83200,0,0.0
2011-07-26,9.3100004196167,10.079999923706055,9.239999771118164,9.800000190734863,16600,0,0.0
2011-07-27,10.079999923706055,10.149999618530273,9.520000457763672,9.9399995803833,17300,0,0.0
2011-07-28,9.9399995803833,10.010000228881836,9.729999542236328,10.010000228881836,17100,0,0.0
2011-07-29,10.010000228881836,10.289999961853027,9.869999885559082,9.869999885559082,33500,0,0.0
2011-08-01,10.359999656677246,10.430000305175781,9.9399995803833,10.149999618530273,51300,0,0.0
2011-08-02,10.289999961853027,10.289999961853027,10.010000228881836,10.220000267028809,20100,0,0.0
2011-08-03,9.9399995803833,10.289999961853027,9.869999885559082,9.9399995803833,32500,0,0.0
2011-08-04,9.800000190734863,10.149999618530273,9.520000457763672,9.65999984741211,68200,0,0.0
2011-08-05,9.65999984741211,9.869999885559082,9.520000457763672,9.869999885559082,24900,0,0.0
2011-08-08,9.65999984741211,9.800000190734863,8.960000038146973,9.59000015258789,62500,0,0.0
2011-08-09,9.3100004196167,9.520000457763672,9.170000076293945,9.170000076293945,47000,0,0.0
2011-08-10,9.3100004196167,9.729999542236328,9.239999771118164,9.3100004196167,21000,0,0.0
2011-08-11,9.3100004196167,9.800000190734863,9.029999732971191,9.800000190734863,50700,0,0.0
2011-08-12,9.800000190734863,9.800000190734863,9.449999809265137,9.729999542236328,10000,0,0.0
2011-08-15,9.800000190734863,9.869999885559082,9.449999809265137,9.729999542236328,6300,0,0.0
2011-08-16,9.729999542236328,9.800000190734863,9.380000114440918,9.800000190734863,22500,0,0.0
2011-08-17,9.800000190734863,10.289999961853027,9.520000457763672,9.9399995803833,32800,0,0.0
2011-08-18,10.149999618530273,10.149999618530273,9.65999984741211,10.010000228881836,6600,0,0.0
2011-08-19,10.010000228881836,10.149999618530273,9.9399995803833,10.079999923706055,13700,0,0.0
2011-08-22,10.079999923706055,10.149999618530273,9.800000190734863,9.9399995803833,17200,0,0.0
2011-08-23,10.010000228881836,10.079999923706055,9.800000190734863,9.9399995803833,25200,0,0.0
2011-08-24,9.9399995803833,9.9399995803833,9.800000190734863,9.869999885559082,14400,0,0.0
2011-08-25,9.9399995803833,11.829999923706055,9.869999885559082,11.34000015258789,177400,0,0.0
2011-08-26,11.479999542236328,11.550000190734863,10.149999618530273,11.0600004196167,138800,0,0.0
2011-08-29,11.0600004196167,11.270000457763672,10.569999694824219,10.710000038146973,28000,0,0.0
2011-08-30,10.5,10.850000381469727,10.359999656677246,10.710000038146973,22700,0,0.0
2011-08-31,10.710000038146973,10.710000038146973,10.079999923706055,10.289999961853027,81500,0,0.0
2011-09-01,10.079999923706055,10.289999961853027,9.869999885559082,10.220000267028809,28800,0,0.0
2011-09-02,10.430000305175781,10.430000305175781,9.869999885559082,10.220000267028809,23400,0,0.0
2011-09-06,10.010000228881836,10.220000267028809,9.800000190734863,10.220000267028809,32600,0,0.0
2011-09-07,10.289999961853027,10.920000076293945,10.079999923706055,10.850000381469727,67000,0,0.0
2011-09-08,11.0600004196167,11.130000114440918,10.850000381469727,10.920000076293945,42000,0,0.0
2011-09-09,11.0600004196167,11.199999809265137,10.289999961853027,10.779999732971191,59800,0,0.0
2011-09-12,10.779999732971191,10.989999771118164,10.5,10.850000381469727,71800,0,0.0
2011-09-13,10.850000381469727,10.989999771118164,10.710000038146973,10.989999771118164,31600,0,0.0
2011-09-14,10.430000305175781,10.779999732971191,10.430000305175781,10.779999732971191,13700,0,0.0
2011-09-15,10.779999732971191,10.779999732971191,10.430000305175781,10.5,29700,0,0.0
2011-09-16,10.5,10.779999732971191,10.430000305175781,10.640000343322754,28400,0,0.0
2011-09-19,10.710000038146973,11.199999809265137,10.569999694824219,11.199999809265137,63400,0,0.0
2011-09-20,11.199999809265137,11.40999984741211,10.920000076293945,11.34000015258789,71300,0,0.0
2011-09-21,11.34000015258789,11.829999923706055,11.199999809265137,11.479999542236328,61100,0,0.0
2011-09-22,11.40999984741211,11.550000190734863,11.0600004196167,11.130000114440918,70200,0,0.0
2011-09-23,11.199999809265137,11.270000457763672,10.989999771118164,11.199999809265137,30600,0,0.0
2011-09-26,11.34000015258789,11.6899995803833,11.130000114440918,11.199999809265137,53200,0,0.0
2011-09-27,11.550000190734863,11.619999885559082,11.34000015258789,11.479999542236328,22700,0,0.0
2011-09-28,11.40999984741211,11.6899995803833,11.199999809265137,11.199999809265137,57400,0,0.0
2011-09-29,11.6899995803833,11.6899995803833,10.010000228881836,10.430000305175781,139000,0,0.0
2011-09-30,10.220000267028809,10.710000038146973,9.239999771118164,10.5,104600,0,0.0
2011-10-03,10.5,10.569999694824219,9.800000190734863,10.220000267028809,35600,0,0.0
2011-10-04,10.430000305175781,10.430000305175781,9.3100004196167,9.800000190734863,20900,0,0.0
2011-10-05,10.079999923706055,10.079999923706055,9.800000190734863,9.9399995803833,9500,0,0.0
2011-10-06,9.9399995803833,10.289999961853027,9.869999885559082,10.220000267028809,22500,0,0.0
2011-10-07,10.220000267028809,10.640000343322754,10.079999923706055,10.359999656677246,24700,0,0.0
2011-10-10,10.359999656677246,10.430000305175781,10.149999618530273,10.430000305175781,11700,0,0.0
2011-10-11,10.149999618530273,10.920000076293945,10.010000228881836,10.850000381469727,36600,0,0.0
2011-10-12,10.779999732971191,11.199999809265137,10.359999656677246,10.569999694824219,26600,0,0.0
2011-10-13,10.779999732971191,10.850000381469727,10.289999961853027,10.289999961853027,20200,0,0.0
2011-10-14,10.430000305175781,10.710000038146973,10.289999961853027,10.710000038146973,9900,0,0.0
2011-10-17,10.569999694824219,10.710000038146973,9.869999885559082,10.220000267028809,23400,0,0.0
2011-10-18,10.430000305175781,10.430000305175781,9.9399995803833,10.010000228881836,21700,0,0.0
2011-10-19,10.079999923706055,10.5,10.079999923706055,10.5,7200,0,0.0
2011-10-20,10.430000305175781,10.430000305175781,10.289999961853027,10.289999961853027,5300,0,0.0
2011-10-21,10.010000228881836,10.359999656677246,10.010000228881836,10.359999656677246,17200,0,0.0
2011-10-24,10.359999656677246,10.5,10.149999618530273,10.359999656677246,16400,0,0.0
2011-10-25,10.359999656677246,10.359999656677246,10.079999923706055,10.079999923706055,18600,0,0.0
2011-10-26,10.220000267028809,10.289999961853027,10.010000228881836,10.220000267028809,15100,0,0.0
2011-10-27,10.289999961853027,10.289999961853027,10.149999618530273,10.289999961853027,17400,0,0.0
2011-10-28,10.149999618530273,10.359999656677246,10.149999618530273,10.220000267028809,12600,0,0.0
2011-10-31,10.289999961853027,10.430000305175781,10.079999923706055,10.079999923706055,24500,0,0.0
2011-11-01,10.149999618530273,10.289999961853027,10.149999618530273,10.149999618530273,7400,0,0.0
2011-11-02,10.220000267028809,10.359999656677246,9.9399995803833,10.010000228881836,24500,0,0.0
2011-11-03,10.289999961853027,10.289999961853027,9.9399995803833,10.149999618530273,20000,0,0.0
2011-11-04,10.149999618530273,10.220000267028809,9.520000457763672,9.800000190734863,27300,0,0.0
2011-11-07,9.869999885559082,10.079999923706055,9.65999984741211,9.9399995803833,15200,0,0.0
2011-11-08,9.9399995803833,10.149999618530273,9.800000190734863,10.149999618530273,14400,0,0.0
2011-11-09,10.149999618530273,10.220000267028809,9.65999984741211,10.010000228881836,33000,0,0.0
2011-11-10,9.800000190734863,10.220000267028809,9.800000190734863,10.010000228881836,24600,0,0.0
2011-11-11,10.010000228881836,10.569999694824219,9.9399995803833,10.5,63600,0,0.0
2011-11-14,10.5,10.989999771118164,10.220000267028809,10.920000076293945,129200,0,0.0
2011-11-15,11.0600004196167,11.199999809265137,10.5,10.779999732971191,68500,0,0.0
2011-11-16,10.710000038146973,10.850000381469727,9.9399995803833,10.5,28600,0,0.0
2011-11-17,10.5,10.5,10.079999923706055,10.430000305175781,19100,0,0.0
2011-11-18,10.5,10.640000343322754,10.149999618530273,10.359999656677246,17600,0,0.0
2011-11-21,10.220000267028809,10.289999961853027,9.9399995803833,10.149999618530273,29100,0,0.0
2011-11-22,10.149999618530273,10.149999618530273,9.9399995803833,9.9399995803833,15700,0,0.0
2011-11-23,10.079999923706055,10.220000267028809,9.869999885559082,10.079999923706055,28800,0,0.0
2011-11-25,10.010000228881836,10.289999961853027,9.9399995803833,10.289999961853027,9900,0,0.0
2011-11-28,10.359999656677246,10.430000305175781,10.010000228881836,10.079999923706055,23500,0,0.0
2011-11-29,10.079999923706055,10.289999961853027,9.9399995803833,10.010000228881836,21300,0,0.0
2011-11-30,10.079999923706055,10.289999961853027,10.079999923706055,10.149999618530273,23400,0,0.0
2011-12-01,10.220000267028809,10.220000267028809,10.010000228881836,10.220000267028809,16300,0,0.0
2011-12-02,10.220000267028809,10.5,10.010000228881836,10.079999923706055,15300,0,0.0
2011-12-05,10.149999618530273,10.220000267028809,10.010000228881836,10.010000228881836,24500,0,0.0
2011-12-06,10.010000228881836,10.149999618530273,9.9399995803833,10.010000228881836,10600,0,0.0
2011-12-07,10.010000228881836,10.220000267028809,9.729999542236328,10.220000267028809,27100,0,0.0
2011-12-08,10.010000228881836,10.079999923706055,9.9399995803833,10.010000228881836,4100,0,0.0
2011-12-09,9.9399995803833,10.079999923706055,9.869999885559082,10.079999923706055,17500,0,0.0
2011-12-12,10.079999923706055,10.079999923706055,9.9399995803833,10.010000228881836,13700,0,0.0
2011-12-13,9.9399995803833,10.079999923706055,9.800000190734863,9.869999885559082,94700,0,0.0
2011-12-14,9.869999885559082,9.869999885559082,9.239999771118164,9.59000015258789,74800,0,0.0
2011-12-15,9.59000015258789,9.9399995803833,9.520000457763672,9.800000190734863,18600,0,0.0
2011-12-16,9.729999542236328,10.010000228881836,9.59000015258789,9.800000190734863,21400,0,0.0
2011-12-19,9.729999542236328,9.869999885559082,9.520000457763672,9.869999885559082,8300,0,0.0
2011-12-20,9.800000190734863,10.010000228881836,9.800000190734863,9.800000190734863,16300,0,0.0
2011-12-21,9.800000190734863,9.869999885559082,9.520000457763672,9.59000015258789,20400,0,0.0
2011-12-22,9.65999984741211,9.729999542236328,9.380000114440918,9.59000015258789,29900,0,0.0
2011-12-23,9.65999984741211,9.65999984741211,9.380000114440918,9.449999809265137,30400,0,0.0
2011-12-27,9.520000457763672,9.65999984741211,9.274999618530273,9.449999809265137,21800,0,0.0
2011-12-28,9.449999809265137,9.729999542236328,9.380000114440918,9.449999809265137,24900,0,0.0
2011-12-29,9.449999809265137,9.800000190734863,9.449999809265137,9.520000457763672,23800,0,0.0
2011-12-30,9.729999542236328,10.010000228881836,9.59000015258789,10.010000228881836,39700,0,0.0
2012-01-03,10.010000228881836,10.079999923706055,9.520000457763672,9.59000015258789,23700,0,0.0
2012-01-04,9.65999984741211,9.729999542236328,9.520000457763672,9.65999984741211,23400,0,0.0
2012-01-05,9.729999542236328,9.869999885559082,9.59000015258789,9.65999984741211,39700,0,0.0
2012-01-06,9.729999542236328,9.729999542236328,9.520000457763672,9.520000457763672,16100,0,0.0
2012-01-09,9.520000457763672,9.65999984741211,9.520000457763672,9.520000457763672,20700,0,0.0
2012-01-10,9.520000457763672,9.65999984741211,9.3100004196167,9.3100004196167,26400,0,0.0
2012-01-11,9.380000114440918,9.729999542236328,9.3100004196167,9.65999984741211,25500,0,0.0
2012-01-12,9.59000015258789,9.800000190734863,9.449999809265137,9.65999984741211,19600,0,0.0
2012-01-13,9.729999542236328,9.729999542236328,9.520000457763672,9.65999984741211,11700,0,0.0
2012-01-17,9.729999542236328,9.800000190734863,9.65999984741211,9.65999984741211,12400,0,0.0
2012-01-18,9.65999984741211,9.800000190734863,9.59000015258789,9.800000190734863,25100,0,0.0
2012-01-19,9.800000190734863,9.869999885559082,9.65999984741211,9.869999885559082,6900,0,0.0
2012-01-20,9.869999885559082,9.9399995803833,9.65999984741211,9.869999885559082,28500,0,0.0
2012-01-23,9.869999885559082,9.9399995803833,9.65999984741211,9.800000190734863,13500,0,0.0
2012-01-24,9.869999885559082,9.869999885559082,9.65999984741211,9.800000190734863,10800,0,0.0
2012-01-25,9.800000190734863,9.9399995803833,9.729999542236328,9.800000190734863,27800,0,0.0
2012-01-26,9.800000190734863,9.869999885559082,9.729999542236328,9.800000190734863,15500,0,0.0
2012-01-27,9.65999984741211,9.869999885559082,9.65999984741211,9.800000190734863,10800,0,0.0
2012-01-30,9.800000190734863,9.9399995803833,9.729999542236328,9.800000190734863,28400,0,0.0
2012-01-31,9.800000190734863,10.010000228881836,9.729999542236328,9.869999885559082,21200,0,0.0
2012-02-01,9.9399995803833,10.079999923706055,9.869999885559082,10.079999923706055,17900,0,0.0
2012-02-02,10.149999618530273,10.149999618530273,9.9399995803833,10.079999923706055,22300,0,0.0
2012-02-03,9.9399995803833,10.5,9.9399995803833,10.5,34000,0,0.0
2012-02-06,10.5,11.199999809265137,10.5,10.989999771118164,64300,0,0.0
2012-02-07,11.130000114440918,11.479999542236328,11.0600004196167,11.479999542236328,63800,0,0.0
2012-02-08,11.829999923706055,13.4399995803833,11.829999923706055,13.09000015258789,255200,0,0.0
2012-02-09,13.369999885559082,13.4399995803833,11.760000228881836,11.899999618530273,143200,0,0.0
2012-02-10,11.829999923706055,12.109999656677246,11.40999984741211,11.760000228881836,53300,0,0.0
2012-02-13,12.460000038146973,12.460000038146973,11.34000015258789,12.390000343322754,77300,0,0.0
2012-02-14,12.529999732971191,12.600000381469727,11.899999618530273,12.460000038146973,67000,0,0.0
2012-02-15,12.529999732971191,12.739999771118164,11.6899995803833,11.899999618530273,79300,0,0.0
2012-02-16,11.970000267028809,12.180000305175781,11.899999618530273,11.970000267028809,25600,0,0.0
2012-02-17,12.039999961853027,12.25,11.6899995803833,12.109999656677246,39200,0,0.0
2012-02-21,12.109999656677246,12.949999809265137,12.039999961853027,12.739999771118164,92400,0,0.0
2012-02-22,12.880000114440918,13.4399995803833,12.880000114440918,13.020000457763672,71100,0,0.0
2012-02-23,13.020000457763672,13.15999984741211,12.600000381469727,13.09000015258789,44600,0,0.0
2012-02-24,13.09000015258789,13.229999542236328,12.739999771118164,13.09000015258789,26600,0,0.0
2012-02-27,13.300000190734863,13.859999656677246,12.949999809265137,13.789999961853027,86500,0,0.0
2012-02-28,13.930000305175781,15.050000190734863,13.859999656677246,15.050000190734863,197200,0,0.0
2012-02-29,15.609999656677246,15.75,13.15999984741211,14.0,287500,0,0.0
2012-03-01,14.069999694824219,14.699999809265137,14.0,14.630000114440918,42000,0,0.0
2012-03-02,14.979999542236328,15.960000038146973,14.84000015258789,15.819999694824219,64500,0,0.0
2012-03-05,16.030000686645508,16.030000686645508,15.399999618530273,15.75,63200,0,0.0
2012-03-06,15.819999694824219,16.030000686645508,15.470000267028809,15.890000343322754,67400,0,0.0
2012-03-07,15.890000343322754,17.5,15.890000343322754,17.290000915527344,124000,0,0.0
2012-03-08,17.56999969482422,19.600000381469727,17.56999969482422,19.600000381469727,320600,0,0.0
2012-03-09,20.020000457763672,20.09000015258789,18.690000534057617,19.530000686645508,179700,0,0.0
2012-03-12,19.530000686645508,21.6299991607666,19.459999084472656,21.489999771118164,277000,0,0.0
2012-03-13,22.889999389648438,24.290000915527344,21.90999984741211,24.079999923706055,544600,0,0.0
2012-03-14,25.059999465942383,27.860000610351562,17.709999084472656,20.684999465942383,1092500,0,0.0
2012-03-15,19.950000762939453,21.90999984741211,18.200000762939453,20.09000015258789,345000,0,0.0
2012-03-16,20.229999542236328,21.559999465942383,19.600000381469727,21.489999771118164,131100,0,0.0
2012-03-19,21.559999465942383,24.360000610351562,21.489999771118164,23.3799991607666,217000,0,0.0
2012-03-20,23.59000015258789,24.5,23.100000381469727,23.520000457763672,147200,0,0.0
2012-03-21,23.3799991607666,24.079999923706055,21.489999771118164,23.100000381469727,127600,0,0.0
2012-03-22,23.100000381469727,23.450000762939453,22.399999618530273,23.100000381469727,75900,0,0.0
2012-03-23,23.450000762939453,24.149999618530273,23.239999771118164,23.940000534057617,78100,0,0.0
2012-03-26,24.149999618530273,25.479999542236328,24.079999923706055,25.200000762939453,170300,0,0.0
2012-03-27,25.34000015258789,26.809999465942383,25.270000457763672,26.739999771118164,176200,0,0.0
2012-03-28,26.950000762939453,27.299999237060547,25.200000762939453,26.600000381469727,152200,0,0.0
2012-03-29,26.18000030517578,26.530000686645508,25.40999984741211,25.760000228881836,92900,0,0.0
2012-03-30,25.969999313354492,26.459999084472656,25.40999984741211,26.31999969482422,74800,0,0.0
2012-04-02,26.31999969482422,27.15999984741211,26.31999969482422,26.8799991607666,73000,0,0.0
2012-04-03,26.809999465942383,26.950000762939453,25.969999313354492,26.459999084472656,82800,0,0.0
2012-04-04,26.389999389648438,26.459999084472656,24.56999969482422,25.899999618530273,79700,0,0.0
2012-04-05,25.899999618530273,26.31999969482422,25.549999237060547,25.899999618530273,40300,0,0.0
2012-04-09,25.829999923706055,25.969999313354492,25.6200008392334,25.760000228881836,30500,0,0.0
2012-04-10,25.6200008392334,25.760000228881836,23.030000686645508,23.799999237060547,152000,0,0.0
2012-04-11,23.65999984741211,24.639999389648438,23.59000015258789,24.219999313354492,72700,0,0.0
2012-04-12,24.290000915527344,24.290000915527344,21.979999542236328,22.540000915527344,106800,0,0.0
2012-04-13,22.399999618530273,22.399999618530273,18.6200008392334,20.719999313354492,249400,0,0.0
2012-04-16,21.280000686645508,21.6299991607666,20.790000915527344,21.280000686645508,70900,0,0.0
2012-04-17,21.280000686645508,21.700000762939453,20.860000610351562,21.0,51700,0,0.0
2012-04-18,20.860000610351562,20.93000030517578,19.950000762939453,20.09000015258789,100600,0,0.0
2012-04-19,20.020000457763672,20.510000228881836,18.899999618530273,20.299999237060547,132600,0,0.0
2012-04-20,20.299999237060547,20.93000030517578,20.299999237060547,20.790000915527344,59400,0,0.0
2012-04-23,20.860000610351562,21.139999389648438,20.719999313354492,21.06999969482422,42000,0,0.0
2012-04-24,21.209999084472656,24.290000915527344,21.06999969482422,24.079999923706055,106100,0,0.0
2012-04-25,24.290000915527344,25.6200008392334,24.290000915527344,25.479999542236328,68900,0,0.0
2012-04-26,25.829999923706055,26.18000030517578,25.200000762939453,25.690000534057617,64700,0,0.0
2012-04-27,25.549999237060547,25.690000534057617,23.799999237060547,25.200000762939453,66900,0,0.0
2012-04-30,25.200000762939453,26.110000610351562,24.920000076293945,25.899999618530273,66000,0,0.0
2012-05-01,25.829999923706055,25.899999618530273,24.709999084472656,25.549999237060547,67600,0,0.0
2012-05-02,25.549999237060547,25.6200008392334,24.639999389648438,24.850000381469727,44100,0,0.0
2012-05-03,25.270000457763672,25.34000015258789,24.079999923706055,24.079999923706055,57700,0,0.0
2012-05-04,24.290000915527344,24.290000915527344,22.469999313354492,23.59000015258789,53300,0,0.0
2012-05-07,23.59000015258789,23.65999984741211,22.75,23.030000686645508,33200,0,0.0
2012-05-08,23.100000381469727,24.850000381469727,22.81999969482422,24.709999084472656,38700,0,0.0
2012-05-09,25.059999465942383,25.690000534057617,24.920000076293945,25.200000762939453,55500,0,0.0
2012-05-10,25.549999237060547,26.040000915527344,25.1299991607666,25.829999923706055,27000,0,0.0
2012-05-11,25.969999313354492,26.18000030517578,25.760000228881836,25.899999618530273,49400,0,0.0
2012-05-14,26.25,26.25,23.940000534057617,25.40999984741211,89700,0,0.0
2012-05-15,25.690000534057617,25.760000228881836,24.989999771118164,25.34000015258789,51300,0,0.0
2012-05-16,25.34000015258789,25.829999923706055,23.450000762939453,23.8700008392334,100500,0,0.0
2012-05-17,23.239999771118164,23.940000534057617,22.68000030517578,22.75,65700,0,0.0
2012-05-18,22.190000534057617,23.8700008392334,21.06999969482422,22.1200008392334,114500,0,0.0
2012-05-21,22.469999313354492,23.520000457763672,22.469999313354492,22.81999969482422,30500,0,0.0
2012-05-22,23.170000076293945,23.239999771118164,22.1200008392334,22.399999618530273,42100,0,0.0
2012-05-23,22.1200008392334,22.329999923706055,21.350000381469727,22.190000534057617,48200,0,0.0
2012-05-24,21.489999771118164,22.68000030517578,21.420000076293945,22.399999618530273,17500,0,0.0
2012-05-25,22.399999618530273,22.469999313354492,22.1200008392334,22.329999923706055,6200,0,0.0
2012-05-29,22.68000030517578,23.100000381469727,22.260000228881836,22.329999923706055,17600,0,0.0
2012-05-30,23.030000686645508,23.100000381469727,21.06999969482422,21.420000076293945,50700,0,0.0
2012-05-31,21.139999389648438,21.90999984741211,21.06999969482422,21.559999465942383,36900,0,0.0
2012-06-01,21.06999969482422,21.84000015258789,19.739999771118164,21.209999084472656,44300,0,0.0
2012-06-04,21.06999969482422,21.209999084472656,20.229999542236328,20.860000610351562,23300,0,0.0
2012-06-05,20.299999237060547,20.579999923706055,19.950000762939453,20.510000228881836,40900,0,0.0
2012-06-06,20.09000015258789,20.299999237060547,19.809999465942383,20.229999542236328,32000,0,0.0
2012-06-07,20.09000015258789,20.229999542236328,17.639999389648438,18.34000015258789,102300,0,0.0
2012-06-08,17.989999771118164,18.200000762939453,15.75,18.1299991607666,174600,0,0.0
2012-06-11,18.059999465942383,20.649999618530273,18.059999465942383,19.950000762939453,74400,0,0.0
2012-06-12,20.299999237060547,22.260000228881836,20.229999542236328,21.770000457763672,43200,0,0.0
2012-06-13,21.700000762939453,22.329999923706055,20.229999542236328,20.3700008392334,49700,0,0.0
2012-06-14,20.649999618530273,20.649999618530273,19.739999771118164,20.020000457763672,18800,0,0.0
2012-06-15,20.020000457763672,21.350000381469727,20.020000457763672,20.719999313354492,23400,0,0.0
2012-06-18,20.020000457763672,20.93000030517578,19.950000762939453,20.93000030517578,23100,0,0.0
2012-06-19,20.860000610351562,20.93000030517578,20.020000457763672,20.440000534057617,30400,0,0.0
2012-06-20,20.3700008392334,20.649999618530273,20.15999984741211,20.299999237060547,19400,0,0.0
2012-06-21,20.3700008392334,21.0,20.299999237060547,20.649999618530273,11700,0,0.0
2012-06-22,20.649999618530273,20.860000610351562,20.3700008392334,20.579999923706055,13400,0,0.0
2012-06-25,20.790000915527344,20.93000030517578,20.09000015258789,20.299999237060547,15900,0,0.0
2012-06-26,20.510000228881836,20.510000228881836,19.950000762939453,20.020000457763672,17700,0,0.0
2012-06-27,20.09000015258789,20.15999984741211,19.040000915527344,19.530000686645508,39500,0,0.0
2012-06-28,19.040000915527344,19.18000030517578,18.6200008392334,18.969999313354492,29300,0,0.0
2012-06-29,19.25,19.8799991607666,19.25,19.809999465942383,23600,0,0.0
2012-07-02,19.809999465942383,20.440000534057617,19.040000915527344,19.600000381469727,34900,0,0.0
2012-07-03,17.360000610351562,19.950000762939453,17.219999313354492,19.25,45900,0,0.0
2012-07-05,19.040000915527344,19.110000610351562,17.850000381469727,18.6200008392334,48600,0,0.0
2012-07-06,18.829999923706055,19.110000610351562,18.270000457763672,18.549999237060547,17800,0,0.0
2012-07-09,18.479999542236328,18.969999313354492,18.270000457763672,18.829999923706055,16800,0,0.0
2012-07-10,18.760000228881836,19.600000381469727,18.760000228881836,19.459999084472656,13700,0,0.0
2012-07-11,18.760000228881836,19.809999465942383,18.760000228881836,19.809999465942383,10500,0,0.0
2012-07-12,19.809999465942383,19.8799991607666,19.25,19.31999969482422,17700,0,0.0
2012-07-13,19.459999084472656,19.739999771118164,19.459999084472656,19.739999771118164,9400,0,0.0
2012-07-16,19.600000381469727,19.809999465942383,19.25,19.600000381469727,12600,0,0.0
2012-07-17,18.6200008392334,19.389999389648438,18.549999237060547,18.969999313354492,29500,0,0.0
2012-07-18,19.110000610351562,19.739999771118164,19.040000915527344,19.670000076293945,20800,0,0.0
2012-07-19,19.670000076293945,19.8799991607666,19.600000381469727,19.739999771118164,12600,0,0.0
2012-07-20,19.739999771118164,19.774999618530273,19.25,19.459999084472656,13400,0,0.0
2012-07-23,19.459999084472656,19.670000076293945,19.110000610351562,19.600000381469727,16100,0,0.0
2012-07-24,19.31999969482422,19.739999771118164,19.31999969482422,19.530000686645508,7700,0,0.0
2012-07-25,19.530000686645508,19.8799991607666,19.389999389648438,19.8799991607666,8800,0,0.0
2012-07-26,19.809999465942383,20.93000030517578,19.774999618530273,20.649999618530273,42700,0,0.0
2012-07-27,20.93000030517578,20.93000030517578,20.3700008392334,20.719999313354492,24500,0,0.0
2012-07-30,20.93000030517578,22.68000030517578,20.719999313354492,22.540000915527344,67100,0,0.0
2012-07-31,22.610000610351562,22.68000030517578,21.84000015258789,22.399999618530273,34100,0,0.0
2012-08-01,22.469999313354492,22.610000610351562,21.6299991607666,21.84000015258789,22900,0,0.0
2012-08-02,21.700000762939453,21.84000015258789,21.559999465942383,21.770000457763672,14100,0,0.0
2012-08-03,21.84000015258789,22.540000915527344,21.770000457763672,22.329999923706055,24800,0,0.0
2012-08-06,22.260000228881836,22.329999923706055,22.049999237060547,22.260000228881836,17300,0,0.0
2012-08-07,22.260000228881836,22.540000915527344,22.1200008392334,22.399999618530273,19100,0,0.0
2012-08-08,22.469999313354492,22.469999313354492,22.1200008392334,22.260000228881836,13700,0,0.0
2012-08-09,22.329999923706055,22.399999618530273,22.049999237060547,22.260000228881836,14600,0,0.0
2012-08-10,22.260000228881836,22.399999618530273,21.979999542236328,22.260000228881836,6900,0,0.0
2012-08-13,22.329999923706055,22.329999923706055,21.979999542236328,22.1200008392334,10300,0,0.0
2012-08-14,22.1200008392334,22.190000534057617,21.6299991607666,21.6299991607666,23200,0,0.0
2012-08-15,21.700000762939453,21.700000762939453,19.809999465942383,20.579999923706055,39400,0,0.0
2012-08-16,20.93000030517578,21.06999969482422,20.510000228881836,21.06999969482422,13600,0,0.0
2012-08-17,21.280000686645508,21.489999771118164,21.0,21.350000381469727,12300,0,0.0
2012-08-20,21.770000457763672,22.049999237060547,21.06999969482422,21.700000762939453,14700,0,0.0
2012-08-21,21.700000762939453,21.700000762939453,21.139999389648438,21.139999389648438,15300,0,0.0
2012-08-22,21.350000381469727,21.700000762939453,21.209999084472656,21.559999465942383,7300,0,0.0
2012-08-23,21.350000381469727,21.489999771118164,20.649999618530273,21.489999771118164,34200,0,0.0
2012-08-24,21.489999771118164,21.6299991607666,21.0,21.6299991607666,11400,0,0.0
2012-08-27,21.489999771118164,21.559999465942383,21.06999969482422,21.350000381469727,11400,0,0.0
2012-08-28,21.489999771118164,21.489999771118164,21.06999969482422,21.280000686645508,7000,0,0.0
2012-08-29,21.280000686645508,21.420000076293945,21.06999969482422,21.209999084472656,25100,0,0.0
2012-08-30,21.209999084472656,21.209999084472656,20.93000030517578,21.139999389648438,17900,0,0.0
2012-08-31,21.06999969482422,21.350000381469727,20.860000610351562,20.860000610351562,25400,0,0.0
2012-09-04,21.90999984741211,22.049999237060547,21.0,21.6299991607666,51200,0,0.0
2012-09-05,21.700000762939453,21.770000457763672,21.139999389648438,21.350000381469727,36300,0,0.0
2012-09-06,21.280000686645508,21.979999542236328,21.280000686645508,21.979999542236328,29100,0,0.0
2012-09-07,22.049999237060547,23.450000762939453,22.049999237060547,23.309999465942383,77400,0,0.0
2012-09-10,23.799999237060547,24.5,22.68000030517578,23.450000762939453,87400,0,0.0
2012-09-11,24.010000228881836,25.200000762939453,23.59000015258789,24.850000381469727,215600,0,0.0
2012-09-12,26.25,26.950000762939453,22.483999252319336,24.5,120300,0,0.0
2012-09-13,24.850000381469727,24.850000381469727,23.100000381469727,23.59000015258789,37400,0,0.0
2012-09-14,23.100000381469727,24.149999618530273,23.100000381469727,23.940000534057617,57000,0,0.0
2012-09-17,23.799999237060547,24.149999618530273,23.100000381469727,23.729999542236328,42800,0,0.0
2012-09-18,23.799999237060547,24.43000030517578,23.309999465942383,24.43000030517578,60500,0,0.0
2012-09-19,24.5,24.5,23.8700008392334,24.43000030517578,58200,0,0.0
2012-09-20,24.639999389648438,25.690000534057617,24.360000610351562,25.690000534057617,84000,0,0.0
2012-09-21,26.25,26.25,24.219999313354492,24.219999313354492,212600,0,0.0
2012-09-24,25.40999984741211,25.40999984741211,24.43000030517578,24.780000686645508,31100,0,0.0
2012-09-25,24.850000381469727,24.850000381469727,24.219999313354492,24.219999313354492,24900,0,0.0
2012-09-26,24.149999618530273,24.290000915527344,23.450000762939453,23.65999984741211,28300,0,0.0
2012-09-27,24.149999618530273,24.639999389648438,23.729999542236328,23.799999237060547,30100,0,0.0
2012-09-28,24.079999923706055,24.079999923706055,23.450000762939453,24.010000228881836,27300,0,0.0
2012-10-01,23.799999237060547,23.95400047302246,22.75,23.799999237060547,60600,0,0.0
2012-10-02,23.8700008392334,23.940000534057617,22.399999618530273,22.75,74300,0,0.0
2012-10-03,23.170000076293945,23.170000076293945,22.049999237060547,22.1200008392334,41700,0,0.0
2012-10-04,22.049999237060547,22.610000610351562,22.049999237060547,22.610000610351562,40400,0,0.0
2012-10-05,22.75,22.75,22.049999237060547,22.68000030517578,30600,0,0.0
2012-10-08,22.68000030517578,23.100000381469727,22.469999313354492,22.889999389648438,10100,0,0.0
2012-10-09,22.81999969482422,22.889999389648438,22.469999313354492,22.68000030517578,12700,0,0.0
2012-10-10,22.889999389648438,22.889999389648438,22.540000915527344,22.75,21600,0,0.0
2012-10-11,23.100000381469727,23.450000762939453,22.75,23.100000381469727,21400,0,0.0
2012-10-12,23.8700008392334,23.8700008392334,22.959999084472656,23.65999984741211,24600,0,0.0
2012-10-15,23.450000762939453,23.450000762939453,21.700000762939453,22.1200008392334,91000,0,0.0
2012-10-16,22.889999389648438,22.889999389648438,22.1200008392334,22.889999389648438,22000,0,0.0
2012-10-17,22.959999084472656,22.959999084472656,22.1200008392334,22.329999923706055,20400,0,0.0
2012-10-18,22.81999969482422,22.81999969482422,22.190000534057617,22.75,29000,0,0.0
2012-10-19,22.75,22.81999969482422,21.84000015258789,22.1200008392334,32800,0,0.0
2012-10-22,22.399999618530273,22.399999618530273,21.84000015258789,22.049999237060547,21000,0,0.0
2012-10-23,21.84000015258789,22.260000228881836,21.84000015258789,21.90999984741211,17300,0,0.0
2012-10-24,22.399999618530273,22.399999618530273,21.937999725341797,22.1200008392334,10500,0,0.0
2012-10-25,22.399999618530273,22.399999618530273,21.350000381469727,22.1200008392334,51100,0,0.0
2012-10-26,22.399999618530273,22.399999618530273,21.700000762939453,22.1200008392334,11600,0,0.0
2012-10-31,22.190000534057617,22.399999618530273,21.979999542236328,22.329999923706055,17000,0,0.0
2012-11-01,22.329999923706055,22.68000030517578,22.049999237060547,22.610000610351562,17100,0,0.0
2012-11-02,22.399999618530273,22.68000030517578,22.049999237060547,22.190000534057617,19600,0,0.0
2012-11-05,22.75,22.75,22.049999237060547,22.329999923706055,15500,0,0.0
2012-11-06,22.190000534057617,22.68000030517578,22.1200008392334,22.329999923706055,23100,0,0.0
2012-11-07,22.260000228881836,22.68000030517578,22.260000228881836,22.260000228881836,24700,0,0.0
2012-11-08,22.260000228881836,22.68000030517578,22.049999237060547,22.329999923706055,19300,0,0.0
2012-11-09,22.68000030517578,22.68000030517578,19.600000381469727,20.229999542236328,114500,0,0.0
2012-11-12,21.0,21.0,16.8700008392334,17.56999969482422,125400,0,0.0
2012-11-13,17.780000686645508,19.950000762939453,17.079999923706055,19.670000076293945,89000,0,0.0
2012-11-14,20.299999237060547,20.719999313354492,19.600000381469727,19.670000076293945,42500,0,0.0
2012-11-15,20.299999237060547,20.579999923706055,18.6200008392334,19.530000686645508,27100,0,0.0
2012-11-16,19.25,19.333999633789062,18.200000762939453,18.6200008392334,56600,0,0.0
2012-11-19,20.09000015258789,20.15999984741211,18.437999725341797,18.690000534057617,31000,0,0.0
2012-11-20,19.25,19.25,18.1299991607666,18.200000762939453,27000,0,0.0
2012-11-21,18.899999618530273,18.899999618530273,18.1299991607666,18.549999237060547,16300,0,0.0
2012-11-23,18.34000015258789,18.829999923706055,18.200000762939453,18.6200008392334,3400,0,0.0
2012-11-26,18.829999923706055,18.829999923706055,16.8700008392334,17.639999389648438,93500,0,0.0
2012-11-27,17.780000686645508,18.200000762939453,17.149999618530273,17.989999771118164,36200,0,0.0
2012-11-28,18.1299991607666,18.1299991607666,17.219999313354492,17.780000686645508,28100,0,0.0
2012-11-29,17.56999969482422,17.709999084472656,17.290000915527344,17.5,17600,0,0.0
2012-11-30,17.850000381469727,17.850000381469727,17.5,17.780000686645508,33900,0,0.0
2012-12-03,18.1299991607666,18.1299991607666,17.360000610351562,17.5,21100,0,0.0
2012-12-04,17.5,17.5,17.219999313354492,17.290000915527344,35200,0,0.0
2012-12-05,17.5,17.709999084472656,17.149999618530273,17.5,32500,0,0.0
2012-12-06,13.859999656677246,15.119999885559082,12.460000038146973,14.699999809265137,546600,0,0.0
2012-12-07,14.630000114440918,14.699999809265137,13.579999923706055,14.0,134900,0,0.0
2012-12-10,14.0,14.3149995803833,13.720000267028809,13.859999656677246,58900,0,0.0
2012-12-11,13.720000267028809,13.859999656677246,13.369999885559082,13.369999885559082,73200,0,0.0
2012-12-12,13.300000190734863,13.510000228881836,11.199999809265137,12.109999656677246,296400,0,0.0
2012-12-13,11.550000190734863,12.460000038146973,11.270000457763672,12.390000343322754,155500,0,0.0
2012-12-14,12.460000038146973,15.050000190734863,12.460000038146973,14.699999809265137,206100,0,0.0
2012-12-17,15.050000190734863,16.309999465942383,15.050000190734863,15.890000343322754,129500,0,0.0
2012-12-18,15.890000343322754,15.890000343322754,14.630000114440918,15.399999618530273,88700,0,0.0
2012-12-19,15.329999923706055,15.960000038146973,14.699999809265137,14.84000015258789,50700,0,0.0
2012-12-20,15.050000190734863,15.050000190734863,14.210000038146973,14.699999809265137,41300,0,0.0
2012-12-21,14.350000381469727,15.399999618530273,14.286999702453613,15.399999618530273,99900,0,0.0
2012-12-24,15.75,15.75,15.196999549865723,15.491000175476074,8500,0,0.0
2012-12-26,15.75,15.960000038146973,15.609999656677246,15.960000038146973,50000,0,0.0
2012-12-27,15.819999694824219,15.960000038146973,15.050000190734863,15.399999618530273,58800,0,0.0
2012-12-28,15.119999885559082,15.260000228881836,14.5600004196167,14.5600004196167,39800,0,0.0
2012-12-31,14.0,15.364999771118164,14.0,15.329999923706055,48400,0,0.0
2013-01-02,15.75,15.890000343322754,15.260000228881836,15.819999694824219,42500,0,0.0
2013-01-03,15.470000267028809,15.890000343322754,15.470000267028809,15.67300033569336,17300,0,0.0
2013-01-04,15.960000038146973,15.960000038146973,15.399999618530273,15.680000305175781,32600,0,0.0
2013-01-07,15.75,15.890000343322754,15.470000267028809,15.609999656677246,13300,0,0.0
2013-01-08,15.75,15.75,15.399999618530273,15.680000305175781,20600,0,0.0
2013-01-09,15.680000305175781,16.597000122070312,15.470000267028809,16.170000076293945,48200,0,0.0
2013-01-10,15.819999694824219,16.3799991607666,15.819999694824219,16.239999771118164,32800,0,0.0
2013-01-11,16.239999771118164,16.450000762939453,15.680000305175781,16.170000076293945,31800,0,0.0
2013-01-14,15.890000343322754,16.59000015258789,15.890000343322754,16.59000015258789,29900,0,0.0
2013-01-15,16.65999984741211,18.690000534057617,16.3799991607666,18.200000762939453,80400,0,0.0
2013-01-16,18.200000762939453,18.200000762939453,17.780000686645508,18.200000762939453,29600,0,0.0
2013-01-17,18.690000534057617,20.440000534057617,18.200000762939453,20.299999237060547,140400,0,0.0
2013-01-18,20.719999313354492,21.489999771118164,19.389999389648438,19.670000076293945,129200,0,0.0
2013-01-22,20.790000915527344,21.0,19.739999771118164,19.8799991607666,51200,0,0.0
2013-01-23,19.670000076293945,20.229999542236328,18.690000534057617,19.25,46900,0,0.0
2013-01-24,19.530000686645508,19.530000686645508,18.479999542236328,18.690000534057617,28700,0,0.0
2013-01-25,19.110000610351562,19.110000610351562,17.639999389648438,18.34000015258789,26400,0,0.0
2013-01-28,18.549999237060547,18.549999237060547,17.219999313354492,17.639999389648438,51000,0,0.0
2013-01-29,17.56999969482422,19.389999389648438,15.890000343322754,18.899999618530273,96400,0,0.0
2013-01-30,18.6200008392334,19.040000915527344,18.200000762939453,18.760000228881836,22800,0,0.0
2013-01-31,19.31999969482422,19.31999969482422,17.5,18.549999237060547,53400,0,0.0
2013-02-01,18.969999313354492,18.969999313354492,17.815000534057617,18.34000015258789,31500,0,0.0
2013-02-04,18.549999237060547,18.690000534057617,17.920000076293945,18.200000762939453,21700,0,0.0
2013-02-05,18.270000457763672,18.549999237060547,17.709999084472656,17.920000076293945,39100,0,0.0
2013-02-06,17.920000076293945,17.989999771118164,17.290000915527344,17.989999771118164,48600,0,0.0
2013-02-07,17.989999771118164,18.270000457763672,17.5,17.709999084472656,37400,0,0.0
2013-02-08,16.799999237060547,18.479999542236328,16.100000381469727,17.920000076293945,73500,0,0.0
2013-02-11,17.639999389648438,18.200000762939453,17.360000610351562,17.56999969482422,41000,0,0.0
2013-02-12,17.290000915527344,17.639999389648438,15.539999961853027,16.170000076293945,167800,0,0.0
2013-02-13,16.309999465942383,17.639999389648438,15.819999694824219,17.639999389648438,57300,0,0.0
2013-02-14,17.360000610351562,17.920000076293945,17.360000610351562,17.709999084472656,31000,0,0.0
2013-02-15,17.920000076293945,17.920000076293945,17.149999618530273,17.43000030517578,29600,0,0.0
2013-02-19,17.43000030517578,17.56999969482422,16.8700008392334,17.43000030517578,36400,0,0.0
2013-02-20,17.5,17.56999969482422,16.59000015258789,17.010000228881836,49500,0,0.0
2013-02-21,16.729999542236328,17.5,16.729999542236328,17.290000915527344,51700,0,0.0
2013-02-22,17.290000915527344,17.639999389648438,17.079999923706055,17.219999313354492,58600,0,0.0
2013-02-25,17.639999389648438,17.639999389648438,17.149999618530273,17.290000915527344,29900,0,0.0
2013-02-26,17.010000228881836,17.43000030517578,16.940000534057617,17.43000030517578,44800,0,0.0
2013-02-27,17.5,17.5,17.219999313354492,17.360000610351562,42100,0,0.0
2013-02-28,17.43000030517578,18.200000762939453,17.42300033569336,17.709999084472656,49000,0,0.0
2013-03-01,17.850000381469727,17.850000381469727,17.360000610351562,17.43000030517578,20900,0,0.0
2013-03-04,17.43000030517578,17.709999084472656,17.43000030517578,17.639999389648438,24900,0,0.0
2013-03-05,17.079999923706055,17.780000686645508,17.079999923706055,17.43000030517578,20200,0,0.0
2013-03-06,17.5,17.5,17.149999618530273,17.5,31000,0,0.0
2013-03-07,17.5,17.709999084472656,17.290000915527344,17.5,44200,0,0.0
2013-03-08,17.56999969482422,17.56999969482422,17.290000915527344,17.290000915527344,39900,0,0.0
2013-03-11,17.149999618530273,17.56999969482422,17.149999618530273,17.149999618530273,39000,0,0.0
2013-03-12,17.149999618530273,17.56999969482422,17.149999618530273,17.290000915527344,35500,0,0.0
2013-03-13,17.5,17.56999969482422,17.219999313354492,17.43000030517578,38800,0,0.0
2013-03-14,17.010000228881836,17.46500015258789,17.010000228881836,17.219999313354492,36400,0,0.0
2013-03-15,17.010000228881836,17.43000030517578,16.450000762939453,17.43000030517578,61000,0,0.0
2013-03-18,17.43000030517578,17.43000030517578,16.520000457763672,16.65999984741211,37800,0,0.0
2013-03-19,17.010000228881836,17.045000076293945,16.100000381469727,16.485000610351562,43300,0,0.0
2013-03-20,16.799999237060547,16.799999237060547,15.75,15.960000038146973,89500,0,0.0
2013-03-21,15.960000038146973,15.960000038146973,15.050000190734863,15.119999885559082,81700,0,0.0
2013-03-22,15.399999618530273,15.960000038146973,15.260000228881836,15.539999961853027,42900,0,0.0
2013-03-25,15.609999656677246,16.799999237060547,15.609999656677246,16.799999237060547,64700,0,0.0
2013-03-26,16.65999984741211,16.940000534057617,15.925000190734863,16.520000457763672,56000,0,0.0
2013-03-27,16.59000015258789,16.59000015258789,15.75,16.239999771118164,29700,0,0.0
2013-03-28,16.520000457763672,16.65999984741211,16.239999771118164,16.450000762939453,47600,0,0.0
2013-04-01,15.960000038146973,16.729999542236328,15.890000343322754,16.450000762939453,46000,0,0.0
2013-04-02,16.030000686645508,16.65999984741211,15.960000038146973,16.100000381469727,45600,0,0.0
2013-04-03,16.3799991607666,16.520000457763672,15.890000343322754,16.100000381469727,58600,0,0.0
2013-04-04,16.170000076293945,16.450000762939453,15.75,15.960000038146973,40400,0,0.0
2013-04-05,15.75,16.100000381469727,15.680000305175781,16.100000381469727,28000,0,0.0
2013-04-08,15.890000343322754,16.239999771118164,15.819999694824219,15.994999885559082,34500,0,0.0
2013-04-09,15.819999694824219,16.100000381469727,15.819999694824219,16.100000381469727,53100,0,0.0
2013-04-10,16.100000381469727,16.100000381469727,15.75,16.030000686645508,50900,0,0.0
2013-04-11,15.960000038146973,16.239999771118164,15.819999694824219,16.100000381469727,33100,0,0.0
2013-04-12,16.100000381469727,16.450000762939453,16.030000686645508,16.450000762939453,74800,0,0.0
2013-04-15,16.450000762939453,16.450000762939453,15.819999694824219,16.239999771118164,34000,0,0.0
2013-04-16,16.030000686645508,16.170000076293945,15.819999694824219,16.030000686645508,27100,0,0.0
2013-04-17,15.819999694824219,16.030000686645508,14.630000114440918,16.030000686645508,45300,0,0.0
2013-04-18,16.100000381469727,16.170000076293945,15.609999656677246,15.890000343322754,17700,0,0.0
2013-04-19,15.890000343322754,16.030000686645508,15.609999656677246,15.680000305175781,16600,0,0.0
2013-04-22,16.030000686645508,16.030000686645508,15.680000305175781,15.960000038146973,30200,0,0.0
2013-04-23,15.75,15.960000038146973,15.62399959564209,15.819999694824219,42600,0,0.0
2013-04-24,15.890000343322754,16.170000076293945,15.680000305175781,15.960000038146973,43200,0,0.0
2013-04-25,16.100000381469727,16.170000076293945,15.399999618530273,15.680000305175781,57000,0,0.0
2013-04-26,15.890000343322754,15.960000038146973,15.680000305175781,15.890000343322754,24800,0,0.0
2013-04-29,15.680000305175781,16.170000076293945,15.680000305175781,15.890000343322754,41400,0,0.0
2013-04-30,16.030000686645508,16.100000381469727,15.75,15.960000038146973,35500,0,0.0
2013-05-01,15.890000343322754,16.030000686645508,15.75,15.960000038146973,38700,0,0.0
2013-05-02,16.030000686645508,16.100000381469727,15.819999694824219,15.960000038146973,48200,0,0.0
2013-05-03,15.960000038146973,16.100000381469727,15.819999694824219,16.100000381469727,31800,0,0.0
2013-05-06,16.170000076293945,16.170000076293945,15.819999694824219,16.100000381469727,44900,0,0.0
2013-05-07,16.100000381469727,16.450000762939453,15.890000343322754,16.239999771118164,74400,0,0.0
2013-05-08,16.450000762939453,17.149999618530273,16.239999771118164,17.010000228881836,111300,0,0.0
2013-05-09,16.8700008392334,17.5,16.59000015258789,17.010000228881836,130500,0,0.0
2013-05-10,15.470000267028809,16.030000686645508,14.350000381469727,15.819999694824219,314300,0,0.0
2013-05-13,16.030000686645508,16.65999984741211,15.399999618530273,16.450000762939453,75700,0,0.0
2013-05-14,17.079999923706055,17.079999923706055,16.177000045776367,16.8700008392334,113500,0,0.0
2013-05-15,16.8700008392334,17.010000228881836,16.541000366210938,16.975000381469727,60800,0,0.0
2013-05-16,16.729999542236328,17.149999618530273,16.3799991607666,16.8700008392334,136400,0,0.0
2013-05-17,16.8700008392334,17.079999923706055,16.65999984741211,17.079999923706055,53400,0,0.0
2013-05-20,16.799999237060547,17.045000076293945,16.309999465942383,16.799999237060547,64600,0,0.0
2013-05-21,16.799999237060547,16.975000381469727,16.450000762939453,16.729999542236328,59900,0,0.0
2013-05-22,16.729999542236328,16.799999237060547,16.450000762939453,16.729999542236328,46900,0,0.0
2013-05-23,16.450000762939453,16.65999984741211,16.170000076293945,16.520000457763672,37400,0,0.0
2013-05-24,16.309999465942383,16.520000457763672,16.170000076293945,16.520000457763672,31500,0,0.0
2013-05-28,16.65999984741211,16.65999984741211,16.100000381469727,16.450000762939453,37300,0,0.0
2013-05-29,16.450000762939453,16.450000762939453,15.75,16.450000762939453,52800,0,0.0
2013-05-30,16.3799991607666,16.450000762939453,15.75,16.170000076293945,42000,0,0.0
2013-05-31,16.239999771118164,16.239999771118164,15.329999923706055,15.470000267028809,162900,0,0.0
2013-06-03,15.329999923706055,15.470000267028809,14.350000381469727,14.350000381469727,103200,0,0.0
2013-06-04,14.630000114440918,15.539999961853027,14.5600004196167,14.979999542236328,65500,0,0.0
2013-06-05,15.1899995803833,15.260000228881836,14.279999732971191,14.90999984741211,94200,0,0.0
2013-06-06,14.979999542236328,15.260000228881836,14.699999809265137,15.050000190734863,43000,0,0.0
2013-06-07,15.1899995803833,15.960000038146973,15.050000190734863,15.1899995803833,80900,0,0.0
2013-06-10,15.329999923706055,15.890000343322754,15.1899995803833,15.539999961853027,43800,0,0.0
2013-06-11,15.260000228881836,15.819999694824219,15.260000228881836,15.819999694824219,28400,0,0.0
2013-06-12,15.609999656677246,15.680000305175781,15.1899995803833,15.609999656677246,33100,0,0.0
2013-06-13,15.399999618530273,15.75,15.1899995803833,15.609999656677246,30400,0,0.0
2013-06-14,15.609999656677246,16.100000381469727,15.470000267028809,15.75,45800,0,0.0
2013-06-17,15.890000343322754,16.100000381469727,15.75,16.100000381469727,62200,0,0.0
2013-06-18,16.100000381469727,16.729999542236328,15.609999656677246,15.890000343322754,65100,0,0.0
2013-06-19,15.960000038146973,16.100000381469727,15.539999961853027,15.75,55600,0,0.0
2013-06-20,15.470000267028809,16.100000381469727,15.399999618530273,15.819999694824219,49800,0,0.0
2013-06-21,15.890000343322754,16.030000686645508,15.399999618530273,15.890000343322754,62400,0,0.0
2013-06-24,15.75,16.100000381469727,15.399999618530273,16.065000534057617,103200,0,0.0
2013-06-25,15.609999656677246,16.100000381469727,15.539999961853027,16.030000686645508,89800,0,0.0
2013-06-26,15.890000343322754,16.100000381469727,15.609999656677246,16.030000686645508,99000,0,0.0
2013-06-27,15.890000343322754,16.100000381469727,15.680000305175781,16.100000381469727,144900,0,0.0
2013-06-28,16.100000381469727,16.729999542236328,15.75,16.239999771118164,2252700,0,0.0
2013-07-01,16.309999465942383,17.219999313354492,16.239999771118164,16.8700008392334,185500,0,0.0
2013-07-02,17.079999923706055,17.780000686645508,16.841999053955078,17.5,174600,0,0.0
2013-07-03,17.5,18.40999984741211,17.219999313354492,18.40999984741211,120400,0,0.0
2013-07-05,18.549999237060547,18.760000228881836,17.513999938964844,18.059999465942383,117700,0,0.0
2013-07-08,18.200000762939453,18.479999542236328,17.850000381469727,18.479999542236328,106900,0,0.0
2013-07-09,18.34000015258789,18.479999542236328,18.200000762939453,18.40999984741211,71600,0,0.0
2013-07-10,18.34000015258789,18.40999984741211,17.954999923706055,18.40999984741211,76000,0,0.0
2013-07-11,18.270000457763672,18.34000015258789,18.059999465942383,18.30500030517578,55000,0,0.0
2013-07-12,18.40999984741211,18.40999984741211,18.1299991607666,18.200000762939453,39700,0,0.0
2013-07-15,18.34000015258789,18.549999237060547,18.1299991607666,18.479999542236328,54600,0,0.0
2013-07-16,18.40999984741211,18.690000534057617,17.989999771118164,18.1299991607666,97400,0,0.0
2013-07-17,18.1299991607666,18.40999984741211,17.639999389648438,17.780000686645508,74100,0,0.0
2013-07-18,17.920000076293945,17.989999771118164,17.149999618530273,17.43000030517578,62300,0,0.0
2013-07-19,17.5,17.709999084472656,17.219999313354492,17.5,55700,0,0.0
2013-07-22,17.56999969482422,17.780000686645508,17.017000198364258,17.43000030517578,65800,0,0.0
2013-07-23,17.360000610351562,17.850000381469727,17.010000228881836,17.5,49600,0,0.0
2013-07-24,17.5,17.53499984741211,17.149999618530273,17.360000610351562,34800,0,0.0
2013-07-25,17.290000915527344,17.639999389648438,17.079999923706055,17.639999389648438,69600,0,0.0
2013-07-26,17.850000381469727,18.34000015258789,17.780000686645508,18.200000762939453,79800,0,0.0
2013-07-29,18.270000457763672,18.34000015258789,18.1299991607666,18.270000457763672,33300,0,0.0
2013-07-30,18.40999984741211,18.479999542236328,18.1299991607666,18.34000015258789,47900,0,0.0
2013-07-31,18.270000457763672,18.479999542236328,18.1299991607666,18.270000457763672,42100,0,0.0
2013-08-01,18.34000015258789,18.40999984741211,18.235000610351562,18.40999984741211,30400,0,0.0
2013-08-02,18.40999984741211,18.479999542236328,18.165000915527344,18.34000015258789,33300,0,0.0
2013-08-05,18.200000762939453,18.479999542236328,18.059999465942383,18.200000762939453,32800,0,0.0
2013-08-06,18.1299991607666,18.34000015258789,17.780000686645508,18.200000762939453,49800,0,0.0
2013-08-07,18.200000762939453,18.270000457763672,17.920000076293945,17.989999771118164,34200,0,0.0
2013-08-08,18.1299991607666,18.270000457763672,17.709999084472656,17.920000076293945,29300,0,0.0
2013-08-09,17.850000381469727,18.270000457763672,17.360000610351562,17.5,51800,0,0.0
2013-08-12,17.5,17.709999084472656,17.219999313354492,17.360000610351562,65100,0,0.0
2013-08-13,17.5,17.5,17.010000228881836,17.219999313354492,34900,0,0.0
2013-08-14,17.149999618530273,17.56999969482422,16.940000534057617,17.079999923706055,19100,0,0.0
2013-08-15,17.010000228881836,17.360000610351562,16.450000762939453,16.59000015258789,54200,0,0.0
2013-08-16,16.59000015258789,17.290000915527344,16.59000015258789,17.079999923706055,92500,0,0.0
2013-08-19,17.079999923706055,17.290000915527344,16.799999237060547,16.799999237060547,33300,0,0.0
2013-08-20,17.149999618530273,17.219999313354492,16.59000015258789,17.149999618530273,37000,0,0.0
2013-08-21,17.149999618530273,17.149999618530273,16.799999237060547,16.799999237060547,36100,0,0.0
2013-08-22,17.010000228881836,17.43000030517578,16.940000534057617,17.149999618530273,40200,0,0.0
2013-08-23,17.079999923706055,17.219999313354492,16.799999237060547,16.940000534057617,21800,0,0.0
2013-08-26,17.010000228881836,17.219999313354492,16.940000534057617,16.940000534057617,16500,0,0.0
2013-08-27,16.8700008392334,16.940000534057617,16.59000015258789,16.65999984741211,45900,0,0.0
2013-08-28,16.65999984741211,16.8700008392334,16.520000457763672,16.65999984741211,20600,0,0.0
2013-08-29,16.729999542236328,17.290000915527344,16.65999984741211,17.149999618530273,44700,0,0.0
2013-08-30,17.079999923706055,17.360000610351562,16.65999984741211,16.8700008392334,45400,0,0.0
2013-09-03,16.8700008392334,17.149999618530273,16.8700008392334,16.940000534057617,35400,0,0.0
2013-09-04,16.940000534057617,17.149999618530273,16.520000457763672,17.010000228881836,63000,0,0.0
2013-09-05,17.079999923706055,17.079999923706055,16.59000015258789,16.764999389648438,34900,0,0.0
2013-09-06,16.8700008392334,17.079999923706055,16.520000457763672,16.65999984741211,22200,0,0.0
2013-09-09,16.65999984741211,17.010000228881836,16.520000457763672,16.8700008392334,50800,0,0.0
2013-09-10,16.940000534057617,17.010000228881836,16.59000015258789,17.010000228881836,42800,0,0.0
2013-09-11,17.010000228881836,17.010000228881836,16.729999542236328,16.799999237060547,39900,0,0.0
2013-09-12,16.940000534057617,17.079999923706055,16.65999984741211,16.65999984741211,64100,0,0.0
2013-09-13,17.5,17.56999969482422,16.65999984741211,16.729999542236328,182800,0,0.0
2013-09-16,16.729999542236328,16.8700008392334,16.55500030517578,16.65999984741211,103900,0,0.0
2013-09-17,16.799999237060547,16.799999237060547,15.609999656677246,16.100000381469727,144600,0,0.0
2013-09-18,16.030000686645508,16.170000076293945,15.75,15.890000343322754,70600,0,0.0
2013-09-19,15.890000343322754,15.890000343322754,14.90999984741211,15.1899995803833,119500,0,0.0
2013-09-20,15.119999885559082,15.819999694824219,15.119999885559082,15.539999961853027,173200,0,0.0
2013-09-23,15.539999961853027,15.680000305175781,15.260000228881836,15.609999656677246,49300,0,0.0
2013-09-24,16.8700008392334,17.149999618530273,16.309999465942383,16.729999542236328,300700,0,0.0
2013-09-25,16.799999237060547,16.8700008392334,16.59000015258789,16.65999984741211,65900,0,0.0
2013-09-26,16.59000015258789,16.729999542236328,16.450000762939453,16.520000457763672,58100,0,0.0
2013-09-27,16.450000762939453,16.940000534057617,16.450000762939453,16.59000015258789,85600,0,0.0
2013-09-30,16.59000015258789,17.010000228881836,16.59000015258789,16.65999984741211,108900,0,0.0
2013-10-01,16.799999237060547,16.940000534057617,16.100000381469727,16.239999771118164,149800,0,0.0
2013-10-02,16.309999465942383,16.3799991607666,16.100000381469727,16.3799991607666,126800,0,0.0
2013-10-03,16.3799991607666,16.59000015258789,16.170000076293945,16.3799991607666,119700,0,0.0
2013-10-04,16.309999465942383,16.65999984741211,16.170000076293945,16.65999984741211,28600,0,0.0
2013-10-07,16.450000762939453,16.450000762939453,16.100000381469727,16.170000076293945,65400,0,0.0
2013-10-08,16.170000076293945,16.450000762939453,16.030000686645508,16.100000381469727,123100,0,0.0
2013-10-09,16.100000381469727,16.239999771118164,16.065000534057617,16.100000381469727,57200,0,0.0
2013-10-10,16.239999771118164,16.520000457763672,16.100000381469727,16.450000762939453,113100,0,0.0
2013-10-11,16.520000457763672,16.729999542236328,16.100000381469727,16.729999542236328,51900,0,0.0
2013-10-14,16.799999237060547,16.799999237060547,16.450000762939453,16.65999984741211,39500,0,0.0
2013-10-15,16.59000015258789,16.729999542236328,16.3799991607666,16.59000015258789,33100,0,0.0
2013-10-16,16.59000015258789,16.799999237060547,16.59000015258789,16.65999984741211,49500,0,0.0
2013-10-17,16.59000015258789,17.010000228881836,16.59000015258789,16.940000534057617,117700,0,0.0
2013-10-18,16.940000534057617,17.290000915527344,16.65999984741211,17.290000915527344,122700,0,0.0
2013-10-21,17.360000610351562,18.200000762939453,17.290000915527344,17.639999389648438,185200,0,0.0
2013-10-22,17.850000381469727,17.850000381469727,17.325000762939453,17.43000030517578,150900,0,0.0
2013-10-23,17.43000030517578,17.709999084472656,17.290000915527344,17.43000030517578,154100,0,0.0
2013-10-24,17.360000610351562,17.709999084472656,17.360000610351562,17.43000030517578,215600,0,0.0
2013-10-25,17.5,18.34000015258789,17.43000030517578,18.1299991607666,212300,0,0.0
2013-10-28,16.799999237060547,16.799999237060547,15.399999618530273,15.890000343322754,174700,0,0.0
2013-10-29,16.030000686645508,16.239999771118164,15.890000343322754,16.239999771118164,40600,0,0.0
2013-10-30,16.309999465942383,16.450000762939453,15.470000267028809,15.680000305175781,79900,0,0.0
2013-10-31,15.819999694824219,15.960000038146973,15.329999923706055,15.329999923706055,67400,0,0.0
2013-11-01,15.329999923706055,15.75,15.260000228881836,15.329999923706055,145300,0,0.0
2013-11-04,15.470000267028809,15.75,14.140000343322754,14.279999732971191,191700,0,0.0
2013-11-05,14.350000381469727,15.1899995803833,14.140000343322754,15.119999885559082,204000,0,0.0
2013-11-06,15.1899995803833,15.329999923706055,13.649999618530273,13.789999961853027,128700,0,0.0
2013-11-07,14.069999694824219,14.699999809265137,14.0,14.069999694824219,102100,0,0.0
2013-11-08,14.350000381469727,14.489999771118164,13.720000267028809,13.930000305175781,123500,0,0.0
2013-11-11,13.930000305175781,14.0,13.369999885559082,13.4399995803833,59000,0,0.0
2013-11-12,13.4399995803833,13.4399995803833,12.039999961853027,12.109999656677246,131800,0,0.0
2013-11-13,12.25,12.880000114440918,12.180000305175781,12.739999771118164,86100,0,0.0
2013-11-14,12.8100004196167,13.649999618530273,12.8100004196167,13.579999923706055,68300,0,0.0
2013-11-15,13.720000267028809,13.720000267028809,12.880000114440918,13.020000457763672,57400,0,0.0
2013-11-18,13.020000457763672,13.300000190734863,12.600000381469727,12.845000267028809,54100,0,0.0
2013-11-19,12.8100004196167,12.949999809265137,11.899999618530273,12.039999961853027,109100,0,0.0
2013-11-20,12.109999656677246,12.180000305175781,11.40999984741211,11.479999542236328,119500,0,0.0
2013-11-21,11.0600004196167,12.600000381469727,9.59000015258789,12.180000305175781,332400,0,0.0
2013-11-22,12.739999771118164,13.649999618530273,12.25,13.579999923706055,128100,0,0.0
2013-11-25,13.789999961853027,14.699999809265137,12.949999809265137,14.279999732971191,169000,0,0.0
2013-11-26,14.350000381469727,14.420000076293945,13.720000267028809,13.789999961853027,70700,0,0.0
2013-11-27,13.859999656677246,13.859999656677246,13.020000457763672,13.369999885559082,77600,0,0.0
2013-11-29,13.579999923706055,13.720000267028809,13.369999885559082,13.4399995803833,30700,0,0.0
2013-12-02,13.510000228881836,13.824999809265137,13.229999542236328,13.4399995803833,61200,0,0.0
2013-12-03,13.579999923706055,13.579999923706055,12.600000381469727,13.020000457763672,71000,0,0.0
2013-12-04,13.020000457763672,13.15999984741211,12.319999694824219,12.949999809265137,86700,0,0.0
2013-12-05,13.09000015258789,13.09000015258789,12.039999961853027,12.319999694824219,113700,0,0.0
2013-12-06,12.319999694824219,12.880000114440918,12.039999961853027,12.880000114440918,73700,0,0.0
2013-12-09,12.8100004196167,13.020000457763672,12.390000343322754,12.949999809265137,52800,0,0.0
2013-12-10,12.880000114440918,12.949999809265137,12.319999694824219,12.390000343322754,61100,0,0.0
2013-12-11,12.390000343322754,12.600000381469727,12.180000305175781,12.180000305175781,42800,0,0.0
2013-12-12,12.109999656677246,12.319999694824219,11.619999885559082,11.619999885559082,70800,0,0.0
2013-12-13,11.550000190734863,11.760000228881836,10.430000305175781,10.640000343322754,181300,0,0.0
2013-12-16,10.359999656677246,11.234999656677246,10.149999618530273,10.53499984741211,146800,0,0.0
2013-12-17,10.5,10.920000076293945,10.5,10.779999732971191,69100,0,0.0
2013-12-18,10.850000381469727,11.270000457763672,10.569999694824219,11.199999809265137,78200,0,0.0
2013-12-19,11.270000457763672,11.899999618530273,11.199999809265137,11.550000190734863,52500,0,0.0
2013-12-20,11.619999885559082,12.039999961853027,11.479999542236328,11.829999923706055,249600,0,0.0
2013-12-23,11.970000267028809,12.600000381469727,11.829999923706055,12.600000381469727,54800,0,0.0
2013-12-24,12.460000038146973,12.600000381469727,11.550000190734863,11.6899995803833,34400,0,0.0
2013-12-26,11.899999618530273,12.039999961853027,11.619999885559082,11.6899995803833,32300,0,0.0
2013-12-27,11.899999618530273,11.899999618530273,11.270000457763672,11.34000015258789,36200,0,0.0
2013-12-30,11.270000457763672,11.760000228881836,11.270000457763672,11.619999885559082,45400,0,0.0
2013-12-31,11.479999542236328,11.6899995803833,11.34000015258789,11.550000190734863,48500,0,0.0
2014-01-02,11.550000190734863,11.6899995803833,11.34000015258789,11.550000190734863,26300,0,0.0
2014-01-03,11.550000190734863,11.6899995803833,11.199999809265137,11.40999984741211,38500,0,0.0
2014-01-06,11.199999809265137,11.34000015258789,10.920000076293945,11.0600004196167,38700,0,0.0
2014-01-07,11.130000114440918,11.479999542236328,11.0600004196167,11.34000015258789,27000,0,0.0
2014-01-08,11.34000015258789,11.34000015258789,10.5,10.640000343322754,77100,0,0.0
2014-01-09,10.640000343322754,10.850000381469727,10.569999694824219,10.850000381469727,45300,0,0.0
2014-01-10,10.850000381469727,11.130000114440918,10.779999732971191,11.0600004196167,45600,0,0.0
2014-01-13,11.0600004196167,11.479999542236328,10.871000289916992,11.130000114440918,71300,0,0.0
2014-01-14,11.270000457763672,11.550000190734863,11.199999809265137,11.479999542236328,44400,0,0.0
2014-01-15,11.550000190734863,11.550000190734863,10.989999771118164,11.130000114440918,50000,0,0.0
2014-01-16,11.0600004196167,11.130000114440918,10.289999961853027,10.289999961853027,99500,0,0.0
2014-01-17,10.359999656677246,10.779999732971191,10.359999656677246,10.710000038146973,75500,0,0.0
2014-01-21,10.710000038146973,10.829000473022461,10.5,10.640000343322754,56800,0,0.0
2014-01-22,10.569999694824219,10.779999732971191,10.149999618530273,10.779999732971191,46500,0,0.0
2014-01-23,10.850000381469727,10.920000076293945,10.289999961853027,10.640000343322754,39500,0,0.0
2014-01-24,10.5,10.710000038146973,10.5,10.569999694824219,24900,0,0.0
2014-01-27,10.430000305175781,10.779999732971191,10.359999656677246,10.5,48400,0,0.0
2014-01-28,10.5,10.569999694824219,10.430000305175781,10.430000305175781,54800,0,0.0
2014-01-29,10.289999961853027,10.640000343322754,10.079999923706055,10.079999923706055,65000,0,0.0
2014-01-30,10.289999961853027,10.289999961853027,9.449999809265137,9.449999809265137,115500,0,0.0
2014-01-31,9.380000114440918,9.449999809265137,7.699999809265137,8.609999656677246,161100,0,0.0
2014-02-03,8.819999694824219,9.904999732971191,8.75,9.380000114440918,106600,0,0.0
2014-02-04,9.380000114440918,9.442999839782715,8.75,9.029999732971191,92200,0,0.0
2014-02-05,9.170000076293945,9.3100004196167,8.75,9.100000381469727,62700,0,0.0
2014-02-06,9.239999771118164,9.380000114440918,9.029999732971191,9.239999771118164,90200,0,0.0
2014-02-07,9.100000381469727,9.380000114440918,8.75,9.100000381469727,102500,0,0.0
2014-02-10,9.3100004196167,9.449999809265137,9.100000381469727,9.380000114440918,73900,0,0.0
2014-02-11,9.449999809265137,10.5,9.380000114440918,10.289999961853027,104300,0,0.0
2014-02-12,10.359999656677246,11.0600004196167,9.800000190734863,9.800000190734863,127200,0,0.0
2014-02-13,9.800000190734863,10.010000228881836,9.520000457763672,9.65999984741211,69000,0,0.0
2014-02-14,9.729999542236328,10.220000267028809,9.029999732971191,9.3100004196167,103900,0,0.0
2014-02-18,9.3100004196167,9.3100004196167,9.170000076293945,9.3100004196167,61500,0,0.0
2014-02-19,9.3100004196167,9.9399995803833,9.029999732971191,9.520000457763672,86100,0,0.0
2014-02-20,9.520000457763672,9.59000015258789,9.3100004196167,9.520000457763672,41700,0,0.0
2014-02-21,9.65999984741211,9.65999984741211,9.3100004196167,9.449999809265137,66100,0,0.0
2014-02-24,9.59000015258789,9.65999984741211,9.380000114440918,9.520000457763672,45600,0,0.0
2014-02-25,9.449999809265137,9.59000015258789,9.380000114440918,9.520000457763672,45300,0,0.0
2014-02-26,9.449999809265137,9.59000015258789,9.239999771118164,9.380000114440918,25400,0,0.0
2014-02-27,9.449999809265137,9.520000457763672,9.100000381469727,9.449999809265137,59100,0,0.0
2014-02-28,9.520000457763672,9.520000457763672,9.239999771118164,9.3100004196167,52800,0,0.0
2014-03-03,9.729999542236328,10.289999961853027,9.59000015258789,9.59000015258789,150200,0,0.0
2014-03-04,10.289999961853027,10.359999656677246,9.9399995803833,10.010000228881836,113000,0,0.0
2014-03-05,10.149999618530273,10.149999618530273,9.59000015258789,9.59000015258789,65200,0,0.0
2014-03-06,9.59000015258789,9.9399995803833,9.520000457763672,9.869999885559082,49000,0,0.0
2014-03-07,9.800000190734863,10.289999961853027,9.65999984741211,10.079999923706055,88800,0,0.0
2014-03-10,10.079999923706055,11.479999542236328,10.079999923706055,10.850000381469727,256500,0,0.0
2014-03-11,10.779999732971191,10.850000381469727,10.289999961853027,10.5,84200,0,0.0
2014-03-12,10.710000038146973,10.710000038146973,10.289999961853027,10.5,52600,0,0.0
2014-03-13,10.5,10.569999694824219,10.079999923706055,10.220000267028809,47200,0,0.0
2014-03-14,10.220000267028809,10.710000038146973,10.220000267028809,10.640000343322754,63700,0,0.0
2014-03-17,10.710000038146973,10.850000381469727,10.5,10.710000038146973,46800,0,0.0
2014-03-18,10.710000038146973,10.850000381469727,10.220000267028809,10.359999656677246,80600,0,0.0
2014-03-19,10.289999961853027,10.359999656677246,10.010000228881836,10.079999923706055,50800,0,0.0
2014-03-20,10.149999618530273,10.149999618530273,9.65999984741211,9.800000190734863,57400,0,0.0
2014-03-21,9.869999885559082,9.869999885559082,9.380000114440918,9.520000457763672,127300,0,0.0
2014-03-24,9.520000457763672,9.800000190734863,9.3100004196167,9.3100004196167,53600,0,0.0
2014-03-25,9.449999809265137,9.520000457763672,9.380000114440918,9.520000457763672,21800,0,0.0
2014-03-26,9.520000457763672,9.869999885559082,9.3100004196167,9.3100004196167,40400,0,0.0
2014-03-27,9.3100004196167,9.380000114440918,9.100000381469727,9.3100004196167,67100,0,0.0
2014-03-28,9.380000114440918,9.449999809265137,9.170000076293945,9.239999771118164,33800,0,0.0
2014-03-31,9.380000114440918,9.520000457763672,9.170000076293945,9.170000076293945,89400,0,0.0
2014-04-01,9.170000076293945,9.449999809265137,9.170000076293945,9.3100004196167,39100,0,0.0
2014-04-02,9.3100004196167,9.449999809265137,9.170000076293945,9.239999771118164,57100,0,0.0
2014-04-03,9.3100004196167,9.380000114440918,9.170000076293945,9.170000076293945,45400,0,0.0
2014-04-04,9.3100004196167,9.3100004196167,9.100000381469727,9.100000381469727,54500,0,0.0
2014-04-07,9.170000076293945,9.170000076293945,8.75,8.819999694824219,64800,0,0.0
2014-04-08,8.75,9.029999732971191,8.75,8.890000343322754,49200,0,0.0
2014-04-09,8.890000343322754,9.380000114440918,8.819999694824219,9.3100004196167,51400,0,0.0
2014-04-10,9.239999771118164,9.449999809265137,9.170000076293945,9.170000076293945,59500,0,0.0
2014-04-11,9.029999732971191,9.380000114440918,8.960000038146973,8.960000038146973,51300,0,0.0
2014-04-14,8.960000038146973,9.3100004196167,8.960000038146973,9.170000076293945,65000,0,0.0
2014-04-15,9.3100004196167,9.9399995803833,9.170000076293945,9.869999885559082,110300,0,0.0
2014-04-16,9.869999885559082,10.010000228881836,9.59000015258789,9.869999885559082,54100,0,0.0
2014-04-17,9.9399995803833,10.079999923706055,9.800000190734863,9.869999885559082,68500,0,0.0
2014-04-21,10.079999923706055,10.121999740600586,9.9399995803833,10.010000228881836,35700,0,0.0
2014-04-22,10.149999618530273,10.289999961853027,10.010000228881836,10.289999961853027,73900,0,0.0
2014-04-23,10.359999656677246,10.569999694824219,10.289999961853027,10.359999656677246,80700,0,0.0
2014-04-24,10.5,10.5,10.359999656677246,10.359999656677246,76400,0,0.0
2014-04-25,10.359999656677246,10.486000061035156,9.800000190734863,9.869999885559082,86700,0,0.0
2014-04-28,9.9399995803833,10.149999618530273,9.65999984741211,9.729999542236328,58200,0,0.0
2014-04-29,9.800000190734863,10.010000228881836,9.3100004196167,9.520000457763672,70400,0,0.0
2014-04-30,9.520000457763672,9.800000190734863,9.520000457763672,9.65999984741211,50100,0,0.0
2014-05-01,9.65999984741211,10.010000228881836,9.65999984741211,9.800000190734863,64400,0,0.0
2014-05-02,9.869999885559082,9.9399995803833,9.65999984741211,9.65999984741211,55300,0,0.0
2014-05-05,9.65999984741211,9.904999732971191,9.65999984741211,9.800000190734863,48500,0,0.0
2014-05-06,9.800000190734863,9.9399995803833,9.65999984741211,9.65999984741211,116200,0,0.0
2014-05-07,9.65999984741211,9.800000190734863,9.3100004196167,9.3100004196167,72800,0,0.0
2014-05-08,9.239999771118164,9.800000190734863,9.239999771118164,9.520000457763672,69000,0,0.0
2014-05-09,9.380000114440918,9.729999542236328,9.3100004196167,9.520000457763672,65200,0,0.0
2014-05-12,9.520000457763672,9.869999885559082,9.520000457763672,9.869999885559082,65300,0,0.0
2014-05-13,9.800000190734863,9.9399995803833,9.729999542236328,9.869999885559082,70100,0,0.0
2014-05-14,9.9399995803833,9.9399995803833,9.520000457763672,9.520000457763672,65800,0,0.0
2014-05-15,9.380000114440918,9.869999885559082,9.380000114440918,9.520000457763672,63000,0,0.0
2014-05-16,9.449999809265137,9.800000190734863,9.449999809265137,9.800000190734863,60300,0,0.0
2014-05-19,9.869999885559082,10.149999618530273,9.800000190734863,9.9399995803833,76100,0,0.0
2014-05-20,9.9399995803833,10.010000228881836,9.65999984741211,9.729999542236328,84400,0,0.0
2014-05-21,9.729999542236328,10.010000228881836,9.729999542236328,9.800000190734863,56600,0,0.0
2014-05-22,9.869999885559082,9.9399995803833,9.65999984741211,9.729999542236328,80300,0,0.0
2014-05-23,9.800000190734863,9.869999885559082,9.59000015258789,9.869999885559082,51900,0,0.0
2014-05-27,9.800000190734863,9.9399995803833,9.65999984741211,9.729999542236328,74700,0,0.0
2014-05-28,9.800000190734863,9.869999885559082,9.59000015258789,9.729999542236328,66800,0,0.0
2014-05-29,9.729999542236328,9.729999542236328,9.484999656677246,9.59000015258789,63300,0,0.0
2014-05-30,9.65999984741211,9.65999984741211,9.239999771118164,9.239999771118164,93100,0,0.0
2014-06-02,9.239999771118164,9.239999771118164,9.029999732971191,9.029999732971191,65500,0,0.0
2014-06-03,9.100000381469727,9.3100004196167,8.609999656677246,8.609999656677246,129900,0,0.0
2014-06-04,8.609999656677246,8.890000343322754,8.539999961853027,8.680000305175781,145300,0,0.0
2014-06-05,8.75,9.170000076293945,8.75,9.100000381469727,123800,0,0.0
2014-06-06,9.100000381469727,9.520000457763672,9.100000381469727,9.380000114440918,84300,0,0.0
2014-06-09,9.380000114440918,9.729999542236328,9.380000114440918,9.449999809265137,64500,0,0.0
2014-06-10,9.449999809265137,9.59000015258789,9.380000114440918,9.449999809265137,42400,0,0.0
2014-06-11,9.380000114440918,9.65999984741211,9.3100004196167,9.3100004196167,52700,0,0.0
2014-06-12,9.380000114440918,9.449999809265137,9.239999771118164,9.239999771118164,57100,0,0.0
2014-06-13,9.380000114440918,9.449999809265137,9.239999771118164,9.3100004196167,52000,0,0.0
2014-06-16,9.3100004196167,9.449999809265137,9.3100004196167,9.380000114440918,52100,0,0.0
2014-06-17,9.3100004196167,9.449999809265137,9.239999771118164,9.3100004196167,71300,0,0.0
2014-06-18,9.449999809265137,9.520000457763672,9.239999771118164,9.3100004196167,49700,0,0.0
2014-06-19,9.380000114440918,9.555000305175781,9.239999771118164,9.520000457763672,63900,0,0.0
2014-06-20,9.59000015258789,9.65999984741211,9.3100004196167,9.449999809265137,113900,0,0.0
2014-06-23,9.449999809265137,9.449999809265137,9.100000381469727,9.170000076293945,149200,0,0.0
2014-06-24,9.170000076293945,9.3100004196167,8.890000343322754,9.029999732971191,159700,0,0.0
2014-06-25,8.960000038146973,9.170000076293945,8.539999961853027,8.819999694824219,161400,0,0.0
2014-06-26,8.75,9.3100004196167,8.609999656677246,9.170000076293945,166800,0,0.0
2014-06-27,8.960000038146973,9.449999809265137,8.960000038146973,9.449999809265137,2062700,0,0.0
2014-06-30,9.449999809265137,10.149999618530273,9.380000114440918,10.079999923706055,261300,0,0.0
2014-07-01,10.079999923706055,10.5,9.800000190734863,10.5,195500,0,0.0
2014-07-02,10.5,10.5,10.149999618530273,10.5,94500,0,0.0
2014-07-03,10.430000305175781,10.5,10.149999618530273,10.5,49400,0,0.0
2014-07-07,10.289999961853027,10.850000381469727,10.220000267028809,10.289999961853027,70500,0,0.0
2014-07-08,10.289999961853027,10.359999656677246,9.9399995803833,10.220000267028809,73200,0,0.0
2014-07-09,10.149999618530273,10.149999618530273,9.9399995803833,10.010000228881836,38900,0,0.0
2014-07-10,9.800000190734863,10.010000228881836,9.800000190734863,9.9399995803833,13600,0,0.0
2014-07-11,9.869999885559082,10.010000228881836,9.800000190734863,9.869999885559082,49200,0,0.0
2014-07-14,9.800000190734863,9.9399995803833,9.800000190734863,9.800000190734863,30500,0,0.0
2014-07-15,9.800000190734863,9.869999885559082,9.65999984741211,9.729999542236328,28500,0,0.0
2014-07-16,9.65999984741211,9.869999885559082,9.65999984741211,9.65999984741211,32600,0,0.0
2014-07-17,9.65999984741211,9.869999885559082,9.65999984741211,9.800000190734863,64400,0,0.0
2014-07-18,9.449999809265137,10.079999923706055,9.380000114440918,9.9399995803833,72600,0,0.0
2014-07-21,9.9399995803833,10.079999923706055,9.800000190734863,9.800000190734863,25800,0,0.0
2014-07-22,9.869999885559082,10.079999923706055,9.65999984741211,9.729999542236328,52200,0,0.0
2014-07-23,9.65999984741211,9.869999885559082,9.65999984741211,9.729999542236328,45300,0,0.0
2014-07-24,9.59000015258789,9.9399995803833,9.59000015258789,9.729999542236328,33000,0,0.0
2014-07-25,9.65999984741211,9.9399995803833,9.618000030517578,9.729999542236328,15400,0,0.0
2014-07-28,9.59000015258789,9.9399995803833,9.59000015258789,9.65999984741211,34900,0,0.0
2014-07-29,9.800000190734863,9.869999885559082,9.65999984741211,9.65999984741211,47600,0,0.0
2014-07-30,9.65999984741211,9.9399995803833,9.029999732971191,9.274999618530273,123200,0,0.0
2014-07-31,9.239999771118164,9.59000015258789,9.100000381469727,9.100000381469727,91100,0,0.0
2014-08-01,9.100000381469727,9.449999809265137,9.100000381469727,9.380000114440918,45400,0,0.0
2014-08-04,9.3100004196167,9.631999969482422,9.100000381469727,9.100000381469727,41300,0,0.0
2014-08-05,9.100000381469727,9.59000015258789,8.890000343322754,8.960000038146973,114800,0,0.0
2014-08-06,8.960000038146973,9.170000076293945,8.897000312805176,8.960000038146973,50600,0,0.0
2014-08-07,9.100000381469727,9.239999771118164,8.960000038146973,8.960000038146973,37100,0,0.0
2014-08-08,8.890000343322754,9.170000076293945,8.890000343322754,9.170000076293945,35900,0,0.0
2014-08-11,9.170000076293945,9.380000114440918,8.960000038146973,8.960000038146973,53900,0,0.0
2014-08-12,9.029999732971191,9.170000076293945,9.029999732971191,9.100000381469727,47100,0,0.0
2014-08-13,9.100000381469727,9.170000076293945,8.960000038146973,9.029999732971191,22600,0,0.0
2014-08-14,9.029999732971191,9.170000076293945,8.960000038146973,9.170000076293945,49500,0,0.0
2014-08-15,9.239999771118164,9.239999771118164,9.029999732971191,9.029999732971191,32000,0,0.0
2014-08-18,9.029999732971191,9.100000381469727,9.029999732971191,9.029999732971191,27100,0,0.0
2014-08-19,9.029999732971191,9.100000381469727,9.029999732971191,9.029999732971191,26200,0,0.0
2014-08-20,9.029999732971191,9.100000381469727,9.029999732971191,9.100000381469727,24400,0,0.0
2014-08-21,9.029999732971191,9.100000381469727,9.029999732971191,9.100000381469727,30000,0,0.0
2014-08-22,9.029999732971191,9.100000381469727,9.029999732971191,9.100000381469727,10600,0,0.0
2014-08-25,9.100000381469727,9.100000381469727,9.029999732971191,9.0649995803833,27900,0,0.0
2014-08-26,9.100000381469727,9.100000381469727,9.029999732971191,9.029999732971191,19900,0,0.0
2014-08-27,9.029999732971191,9.0649995803833,8.680000305175781,8.75,80600,0,0.0
2014-08-28,8.680000305175781,8.75,8.470000267028809,8.609999656677246,51300,0,0.0
2014-08-29,8.75,9.029999732971191,8.539999961853027,8.890000343322754,34000,0,0.0
2014-09-02,8.960000038146973,9.029999732971191,8.819999694824219,8.890000343322754,23900,0,0.0
2014-09-03,9.029999732971191,9.029999732971191,8.819999694824219,8.819999694824219,19800,0,0.0
2014-09-04,8.819999694824219,8.960000038146973,8.609999656677246,8.609999656677246,49700,0,0.0
2014-09-05,8.609999656677246,8.819999694824219,8.539999961853027,8.609999656677246,34200,0,0.0
2014-09-08,8.609999656677246,8.890000343322754,8.609999656677246,8.75,31500,0,0.0
2014-09-09,8.75,9.029999732971191,8.75,8.960000038146973,49800,0,0.0
2014-09-10,8.75,8.819999694824219,8.609999656677246,8.75,41900,0,0.0
2014-09-11,9.029999732971191,9.3100004196167,8.819999694824219,8.890000343322754,297400,0,0.0
2014-09-12,8.819999694824219,8.960000038146973,8.609999656677246,8.680000305175781,51100,0,0.0
2014-09-15,8.609999656677246,8.819999694824219,8.609999656677246,8.680000305175781,51400,0,0.0
2014-09-16,8.75,8.75,8.609999656677246,8.609999656677246,45800,0,0.0
2014-09-17,8.75,8.75,8.539999961853027,8.609999656677246,93600,0,0.0
2014-09-18,8.680000305175781,8.75,8.539999961853027,8.609999656677246,43800,0,0.0
2014-09-19,8.609999656677246,8.609999656677246,8.119999885559082,8.470000267028809,125700,0,0.0
2014-09-22,8.539999961853027,8.539999961853027,8.119999885559082,8.399999618530273,84100,0,0.0
2014-09-23,8.260000228881836,8.539999961853027,8.260000228881836,8.470000267028809,46300,0,0.0
2014-09-24,8.399999618530273,8.539999961853027,8.399999618530273,8.470000267028809,34600,0,0.0
2014-09-25,8.399999618530273,8.470000267028809,8.329999923706055,8.399999618530273,42200,0,0.0
2014-09-26,8.329999923706055,8.399999618530273,8.260000228881836,8.329999923706055,27300,0,0.0
2014-09-29,8.470000267028809,8.470000267028809,7.909999847412109,7.980000019073486,75400,0,0.0
2014-09-30,7.909999847412109,8.260000228881836,7.840000152587891,7.980000019073486,59300,0,0.0
2014-10-01,8.050000190734863,8.1899995803833,7.909999847412109,8.119999885559082,47100,0,0.0
2014-10-02,7.909999847412109,8.119999885559082,7.840000152587891,7.980000019073486,47100,0,0.0
2014-10-03,7.980000019073486,8.260000228881836,7.980000019073486,8.050000190734863,48800,0,0.0
2014-10-06,8.1899995803833,8.329999923706055,8.050000190734863,8.050000190734863,48000,0,0.0
2014-10-07,8.050000190734863,8.329999923706055,7.980000019073486,8.119999885559082,41700,0,0.0
2014-10-08,8.260000228881836,8.260000228881836,8.119999885559082,8.1899995803833,145600,0,0.0
2014-10-09,8.050000190734863,9.029999732971191,8.050000190734863,9.029999732971191,90100,0,0.0
2014-10-10,9.239999771118164,9.3100004196167,8.960000038146973,8.960000038146973,78900,0,0.0
2014-10-13,9.170000076293945,9.800000190734863,9.170000076293945,9.65999984741211,69300,0,0.0
2014-10-14,9.9399995803833,9.9399995803833,9.100000381469727,9.239999771118164,81800,0,0.0
2014-10-15,8.960000038146973,9.449999809265137,8.819999694824219,9.380000114440918,50900,0,0.0
2014-10-16,9.449999809265137,9.800000190734863,9.449999809265137,9.449999809265137,57600,0,0.0
2014-10-17,9.170000076293945,9.729999542236328,9.170000076293945,9.520000457763672,38600,0,0.0
2014-10-20,9.65999984741211,9.800000190734863,9.59000015258789,9.800000190734863,60800,0,0.0
2014-10-21,9.729999542236328,9.9399995803833,9.65999984741211,9.869999885559082,50200,0,0.0
2014-10-22,9.869999885559082,9.869999885559082,9.65999984741211,9.729999542236328,39700,0,0.0
2014-10-23,9.65999984741211,9.869999885559082,9.3100004196167,9.3100004196167,30100,0,0.0
2014-10-24,9.449999809265137,9.449999809265137,9.100000381469727,9.100000381469727,26400,0,0.0
2014-10-27,9.239999771118164,9.239999771118164,8.819999694824219,8.960000038146973,29600,0,0.0
2014-10-28,8.890000343322754,9.029999732971191,8.819999694824219,8.960000038146973,15400,0,0.0
2014-10-29,8.960000038146973,9.3100004196167,8.890000343322754,9.3100004196167,67000,0,0.0
2014-10-30,9.380000114440918,9.449999809265137,9.100000381469727,9.380000114440918,14100,0,0.0
2014-10-31,9.520000457763672,9.800000190734863,9.100000381469727,9.449999809265137,21500,0,0.0
2014-11-03,9.449999809265137,9.449999809265137,9.100000381469727,9.239999771118164,8200,0,0.0
2014-11-04,9.170000076293945,9.239999771118164,8.890000343322754,9.100000381469727,28800,0,0.0
2014-11-05,9.170000076293945,9.170000076293945,8.819999694824219,9.029999732971191,35400,0,0.0
2014-11-06,9.239999771118164,9.239999771118164,8.960000038146973,9.029999732971191,22500,0,0.0
2014-11-07,9.239999771118164,9.239999771118164,8.75,8.890000343322754,40600,0,0.0
2014-11-10,8.819999694824219,9.100000381469727,8.75,8.75,20900,0,0.0
2014-11-11,8.819999694824219,9.100000381469727,8.75,8.960000038146973,27000,0,0.0
2014-11-12,8.819999694824219,9.170000076293945,8.819999694824219,9.100000381469727,33100,0,0.0
2014-11-13,9.100000381469727,9.239999771118164,8.890000343322754,8.890000343322754,39800,0,0.0
2014-11-14,8.890000343322754,9.170000076293945,8.890000343322754,9.170000076293945,46900,0,0.0
2014-11-17,9.170000076293945,9.239999771118164,9.100000381469727,9.239999771118164,28400,0,0.0
2014-11-18,9.029999732971191,9.3100004196167,9.029999732971191,9.029999732971191,55300,0,0.0
2014-11-19,8.960000038146973,9.59000015258789,8.960000038146973,9.170000076293945,43400,0,0.0
2014-11-20,9.100000381469727,9.520000457763672,9.100000381469727,9.3100004196167,34300,0,0.0
2014-11-21,9.239999771118164,9.65999984741211,9.239999771118164,9.449999809265137,40400,0,0.0
2014-11-24,9.449999809265137,9.800000190734863,9.449999809265137,9.729999542236328,69300,0,0.0
2014-11-25,9.800000190734863,10.010000228881836,9.70199966430664,9.729999542236328,62100,0,0.0
2014-11-26,9.869999885559082,9.869999885559082,9.59000015258789,9.729999542236328,24500,0,0.0
2014-11-28,9.9399995803833,10.010000228881836,9.449999809265137,9.449999809265137,20100,0,0.0
2014-12-01,9.449999809265137,9.729999542236328,9.449999809265137,9.59000015258789,30100,0,0.0
2014-12-02,9.449999809265137,9.65999984741211,9.3100004196167,9.380000114440918,34900,0,0.0
2014-12-03,9.380000114440918,9.59000015258789,9.3100004196167,9.449999809265137,23700,0,0.0
2014-12-04,9.3100004196167,9.520000457763672,9.3100004196167,9.520000457763672,30700,0,0.0
2014-12-05,9.449999809265137,9.59000015258789,9.449999809265137,9.520000457763672,30200,0,0.0
2014-12-08,9.59000015258789,9.59000015258789,9.449999809265137,9.449999809265137,44700,0,0.0
2014-12-09,9.449999809265137,9.729999542236328,9.449999809265137,9.65999984741211,61000,0,0.0
2014-12-10,9.729999542236328,9.800000190734863,9.520000457763672,9.520000457763672,38200,0,0.0
2014-12-11,9.520000457763672,9.65999984741211,9.3100004196167,9.3100004196167,25400,0,0.0
2014-12-12,9.100000381469727,9.239999771118164,8.960000038146973,9.029999732971191,39700,0,0.0
2014-12-15,9.029999732971191,9.239999771118164,8.75,8.75,36100,0,0.0
2014-12-16,8.819999694824219,9.029999732971191,7.699999809265137,8.960000038146973,70800,0,0.0
2014-12-17,8.75,9.029999732971191,8.680000305175781,8.890000343322754,40300,0,0.0
2014-12-18,8.819999694824219,9.100000381469727,8.680000305175781,9.100000381469727,36800,0,0.0
2014-12-19,9.100000381469727,9.520000457763672,8.960000038146973,9.449999809265137,68200,0,0.0
2014-12-22,9.380000114440918,9.449999809265137,9.170000076293945,9.239999771118164,27200,0,0.0
2014-12-23,9.380000114440918,9.449999809265137,9.100000381469727,9.380000114440918,39500,0,0.0
2014-12-24,9.239999771118164,9.520000457763672,9.239999771118164,9.345000267028809,19400,0,0.0
2014-12-26,9.520000457763672,9.729999542236328,9.380000114440918,9.380000114440918,46300,0,0.0
2014-12-29,9.3100004196167,9.65999984741211,9.100000381469727,9.100000381469727,63000,0,0.0
2014-12-30,9.100000381469727,9.449999809265137,9.029999732971191,9.170000076293945,45200,0,0.0
2014-12-31,9.3100004196167,9.394000053405762,8.819999694824219,9.100000381469727,42300,0,0.0
2015-01-02,9.100000381469727,9.3100004196167,8.960000038146973,9.239999771118164,35500,0,0.0
2015-01-05,9.380000114440918,9.380000114440918,8.960000038146973,8.960000038146973,34000,0,0.0
2015-01-06,8.960000038146973,9.100000381469727,8.680000305175781,8.680000305175781,53400,0,0.0
2015-01-07,8.819999694824219,8.960000038146973,8.680000305175781,8.680000305175781,30900,0,0.0
2015-01-08,9.239999771118164,9.239999771118164,8.680000305175781,8.819999694824219,69900,0,0.0
2015-01-09,8.819999694824219,9.029999732971191,8.819999694824219,8.960000038146973,28600,0,0.0
2015-01-12,8.960000038146973,9.239999771118164,8.890000343322754,9.029999732971191,36700,0,0.0
2015-01-13,9.029999732971191,9.239999771118164,8.960000038146973,8.960000038146973,52700,0,0.0
2015-01-14,8.960000038146973,9.100000381469727,8.960000038146973,8.960000038146973,23800,0,0.0
2015-01-15,9.029999732971191,9.170000076293945,8.960000038146973,9.029999732971191,30500,0,0.0
2015-01-16,9.170000076293945,9.170000076293945,8.960000038146973,9.029999732971191,32700,0,0.0
2015-01-20,8.960000038146973,9.029999732971191,8.890000343322754,8.890000343322754,63800,0,0.0
2015-01-21,8.890000343322754,8.890000343322754,8.680000305175781,8.75,61500,0,0.0
2015-01-22,8.680000305175781,8.890000343322754,8.645000457763672,8.680000305175781,25600,0,0.0
2015-01-23,8.75,8.819999694824219,8.539999961853027,8.539999961853027,43700,0,0.0
2015-01-26,8.960000038146973,8.960000038146973,8.470000267028809,8.609999656677246,33700,0,0.0
2015-01-27,8.609999656677246,8.819999694824219,8.539999961853027,8.539999961853027,34600,0,0.0
2015-01-28,8.539999961853027,8.75,8.539999961853027,8.539999961853027,25300,0,0.0
2015-01-29,8.609999656677246,8.819999694824219,8.609999656677246,8.680000305175781,38400,0,0.0
2015-01-30,8.609999656677246,8.890000343322754,8.609999656677246,8.890000343322754,40000,0,0.0
2015-02-02,9.100000381469727,9.100000381469727,8.609999656677246,8.819999694824219,54500,0,0.0
2015-02-03,8.680000305175781,8.680000305175781,7.559999942779541,7.840000152587891,174300,0,0.0
2015-02-04,7.840000152587891,7.909999847412109,7.0,7.489999771118164,91700,0,0.0
2015-02-05,5.816999912261963,6.650000095367432,5.320000171661377,6.369999885559082,338100,0,0.0
2015-02-06,6.579999923706055,6.951000213623047,5.949999809265137,6.565999984741211,101900,0,0.0
2015-02-09,6.579999923706055,7.349999904632568,6.579999923706055,7.349999904632568,103900,0,0.0
2015-02-10,7.420000076293945,7.699999809265137,7.349999904632568,7.699999809265137,75400,0,0.0
2015-02-11,7.769999980926514,8.050000190734863,7.699999809265137,8.050000190734863,106600,0,0.0
2015-02-12,8.050000190734863,8.1899995803833,7.840000152587891,7.909999847412109,95900,0,0.0
2015-02-13,7.909999847412109,7.980000019073486,7.769999980926514,7.769999980926514,50100,0,0.0
2015-02-17,7.769999980926514,7.840000152587891,6.650000095367432,6.860000133514404,83500,0,0.0
2015-02-18,6.979000091552734,7.28000020980835,6.860000133514404,7.0,48000,0,0.0
2015-02-19,6.860000133514404,7.0,6.71999979019165,6.71999979019165,20600,0,0.0
2015-02-20,6.860000133514404,7.0,6.789999961853027,7.0,30500,0,0.0
2015-02-23,6.824999809265137,7.0,6.71999979019165,6.71999979019165,23400,0,0.0
2015-02-24,6.929999828338623,7.0,6.71999979019165,6.789999961853027,24700,0,0.0
2015-02-25,6.789999961853027,7.0,6.71999979019165,6.860000133514404,19100,0,0.0
2015-02-26,7.0,7.0,6.650000095367432,6.71999979019165,41200,0,0.0
2015-02-27,7.0,7.0,6.650000095367432,6.860000133514404,28000,0,0.0
2015-03-02,6.860000133514404,6.860000133514404,6.440000057220459,6.545000076293945,26700,0,0.0
2015-03-03,6.474999904632568,6.579999923706055,6.159999847412109,6.216000080108643,57100,0,0.0
2015-03-04,6.230000019073486,6.230000019073486,6.090000152587891,6.230000019073486,51700,0,0.0
2015-03-05,6.090000152587891,6.230000019073486,6.019999980926514,6.054999828338623,18600,0,0.0
2015-03-06,5.949999809265137,6.090000152587891,5.53000020980835,5.599999904632568,54800,0,0.0
2015-03-09,5.599999904632568,5.880000114440918,5.320000171661377,5.558000087738037,58200,0,0.0
2015-03-10,5.5929999351501465,5.599999904632568,5.110000133514404,5.25,76900,0,0.0
2015-03-11,5.172999858856201,5.460000038146973,4.9070000648498535,5.215000152587891,83700,0,0.0
2015-03-12,5.179999828338623,5.5929999351501465,5.179999828338623,5.53000020980835,42400,0,0.0
2015-03-13,5.53000020980835,5.53000020980835,5.320000171661377,5.53000020980835,45300,0,0.0
2015-03-16,5.53000020980835,5.880000114440918,5.389999866485596,5.60699987411499,77500,0,0.0
2015-03-17,5.53000020980835,5.8379998207092285,5.53000020980835,5.739999771118164,16800,0,0.0
2015-03-18,5.739999771118164,5.949999809265137,5.53000020980835,5.739999771118164,36400,0,0.0
2015-03-19,5.949999809265137,6.054999828338623,5.599999904632568,5.809999942779541,24000,0,0.0
2015-03-20,5.949999809265137,5.978000164031982,5.599999904632568,5.627999782562256,52800,0,0.0
2015-03-23,5.599999904632568,5.949999809265137,5.599999904632568,5.635000228881836,45800,0,0.0
2015-03-24,5.620999813079834,5.739999771118164,5.5370001792907715,5.565000057220459,36500,0,0.0
2015-03-25,5.599999904632568,5.718999862670898,5.460000038146973,5.599999904632568,26600,0,0.0
2015-03-26,5.599999904632568,5.599999904632568,5.460000038146973,5.53000020980835,7500,0,0.0
2015-03-27,5.599999904632568,5.670000076293945,5.4670000076293945,5.670000076293945,21500,0,0.0
2015-03-30,5.473999977111816,5.670000076293945,5.263999938964844,5.670000076293945,60100,0,0.0
2015-03-31,5.635000228881836,5.635000228881836,5.460000038146973,5.53000020980835,44100,0,0.0
2015-04-01,5.599999904632568,5.599999904632568,5.25,5.460000038146973,26000,0,0.0
2015-04-02,5.320000171661377,5.53000020980835,5.320000171661377,5.389999866485596,16600,0,0.0
2015-04-06,5.389999866485596,5.599999904632568,5.334000110626221,5.494999885559082,17700,0,0.0
2015-04-07,5.334000110626221,5.460000038146973,5.320000171661377,5.320000171661377,27300,0,0.0
2015-04-08,4.900000095367432,5.320000171661377,4.550000190734863,4.760000228881836,109400,0,0.0
2015-04-09,4.619999885559082,5.039999961853027,4.585000038146973,4.690000057220459,66100,0,0.0
2015-04-10,4.550000190734863,4.864999771118164,4.199999809265137,4.864999771118164,46100,0,0.0
2015-04-13,4.829999923706055,5.110000133514404,4.829999923706055,5.110000133514404,39800,0,0.0
2015-04-14,4.900000095367432,5.25,4.900000095367432,5.01200008392334,19800,0,0.0
2015-04-15,5.039999961853027,5.389999866485596,4.900000095367432,4.9770002365112305,31200,0,0.0
2015-04-16,4.900000095367432,5.039999961853027,4.760000228881836,4.760000228881836,26000,0,0.0
2015-04-17,4.550000190734863,4.900000095367432,4.550000190734863,4.760000228881836,49500,0,0.0
2015-04-20,4.760000228881836,5.110000133514404,4.760000228881836,4.96999979019165,44900,0,0.0
2015-04-21,5.039999961853027,5.320000171661377,4.900000095367432,5.110000133514404,51600,0,0.0
2015-04-22,5.320000171661377,5.5929999351501465,5.179999828338623,5.389999866485596,68500,0,0.0
2015-04-23,5.565000057220459,5.599999904632568,5.389999866485596,5.460000038146973,66400,0,0.0
2015-04-24,5.599999904632568,5.599999904632568,5.320000171661377,5.425000190734863,20700,0,0.0
2015-04-27,5.460000038146973,5.599999904632568,5.460000038146973,5.460000038146973,20000,0,0.0
2015-04-28,5.460000038146973,5.599999904632568,5.320000171661377,5.375999927520752,29600,0,0.0
2015-04-29,5.599999904632568,5.599999904632568,4.900000095367432,5.179999828338623,129400,0,0.0
2015-04-30,5.179999828338623,5.53000020980835,5.179999828338623,5.53000020980835,21000,0,0.0
2015-05-01,5.599999904632568,5.599999904632568,5.334000110626221,5.425000190734863,10100,0,0.0
2015-05-04,5.460000038146973,5.48799991607666,5.25,5.389999866485596,9000,0,0.0
2015-05-05,5.389999866485596,5.501999855041504,5.179999828338623,5.389999866485596,27100,0,0.0
2015-05-06,5.389999866485596,5.389999866485596,4.395999908447266,4.760000228881836,71700,0,0.0
2015-05-07,4.760000228881836,5.25,4.760000228881836,5.039999961853027,24700,0,0.0
2015-05-08,5.110000133514404,5.179999828338623,4.557000160217285,5.039999961853027,59800,0,0.0
2015-05-11,5.179999828338623,5.179999828338623,4.760000228881836,5.01200008392334,14900,0,0.0
2015-05-12,5.067999839782715,5.067999839782715,4.921000003814697,5.039999961853027,25200,0,0.0
2015-05-13,4.96999979019165,5.110000133514404,4.900000095367432,5.039999961853027,40900,0,0.0
2015-05-14,4.900000095367432,5.179999828338623,4.900000095367432,4.9070000648498535,63500,0,0.0
2015-05-15,4.900000095367432,4.900000095367432,4.829999923706055,4.829999923706055,37600,0,0.0
2015-05-18,4.829999923706055,4.829999923706055,4.340000152587891,4.409999847412109,68700,0,0.0
2015-05-19,4.480000019073486,4.550000190734863,4.375,4.480000019073486,112400,0,0.0
2015-05-20,4.480000019073486,4.619999885559082,4.480000019073486,4.619999885559082,42600,0,0.0
2015-05-21,4.690000057220459,4.760000228881836,4.619999885559082,4.6620001792907715,19900,0,0.0
2015-05-22,4.690000057220459,4.829999923706055,4.619999885559082,4.690000057220459,38900,0,0.0
2015-05-26,4.690000057220459,4.690000057220459,4.480000019073486,4.480000019073486,59300,0,0.0
2015-05-27,4.480000019073486,4.690000057220459,4.480000019073486,4.564000129699707,25100,0,0.0
2015-05-28,4.619999885559082,4.690000057220459,4.521999835968018,4.550000190734863,5700,0,0.0
2015-05-29,4.585000038146973,4.760000228881836,4.585000038146973,4.676000118255615,40300,0,0.0
2015-06-01,4.690000057220459,4.760000228881836,4.550000190734863,4.550000190734863,12300,0,0.0
2015-06-02,4.514999866485596,4.521999835968018,4.269999980926514,4.409999847412109,63500,0,0.0
2015-06-03,4.340000152587891,4.690000057220459,4.340000152587891,4.480000019073486,56500,0,0.0
2015-06-04,4.578000068664551,4.683000087738037,4.199999809265137,4.269999980926514,36900,0,0.0
2015-06-05,4.269999980926514,4.409999847412109,4.004000186920166,4.178999900817871,68800,0,0.0
2015-06-08,3.990000009536743,4.409999847412109,3.990000009536743,4.164999961853027,51900,0,0.0
2015-06-09,4.130000114440918,4.199999809265137,3.8499999046325684,3.990000009536743,52800,0,0.0
2015-06-10,3.8499999046325684,4.059999942779541,3.374000072479248,3.5,265200,0,0.0
2015-06-11,3.430000066757202,3.7799999713897705,3.430000066757202,3.5980000495910645,85400,0,0.0
2015-06-12,3.5350000858306885,3.696000099182129,3.5,3.696000099182129,50200,0,0.0
2015-06-15,3.7100000381469727,3.808000087738037,3.569999933242798,3.7100000381469727,37100,0,0.0
2015-06-16,3.7100000381469727,3.8499999046325684,3.5350000858306885,3.640000104904175,50400,0,0.0
2015-06-17,3.640000104904175,3.640000104904175,3.4509999752044678,3.5350000858306885,39100,0,0.0
2015-06-18,3.562999963760376,3.681999921798706,3.430000066757202,3.5840001106262207,50000,0,0.0
2015-06-19,3.674999952316284,4.059999942779541,3.5,4.059999942779541,56900,0,0.0
2015-06-22,4.059999942779541,4.059999942779541,3.7100000381469727,3.759000062942505,37500,0,0.0
2015-06-23,3.5209999084472656,3.990000009536743,3.5,3.7100000381469727,59700,0,0.0
2015-06-24,3.7100000381469727,3.8499999046325684,3.569999933242798,3.7799999713897705,76400,0,0.0
2015-06-25,3.8499999046325684,4.340000152587891,3.7799999713897705,4.046000003814697,235500,0,0.0
2015-06-26,3.9200000762939453,4.039000034332275,3.430000066757202,3.430000066757202,133200,0,0.0
2015-06-29,3.430000066757202,3.7939999103546143,3.430000066757202,3.7170000076293945,45100,0,0.0
2015-06-30,3.5139999389648438,3.822000026702881,3.5,3.7100000381469727,19900,0,0.0
2015-07-01,3.5,3.7799999713897705,3.5,3.7170000076293945,15100,0,0.0
2015-07-02,3.7799999713897705,3.9200000762939453,3.7100000381469727,3.9200000762939453,95500,0,0.0
2015-07-06,3.5769999027252197,3.9200000762939453,3.569999933242798,3.681999921798706,35000,0,0.0
2015-07-07,3.744999885559082,3.9059998989105225,3.6470000743865967,3.7939999103546143,23100,0,0.0
2015-07-08,3.8499999046325684,3.990000009536743,3.8010001182556152,3.8499999046325684,50600,0,0.0
2015-07-09,3.9619998931884766,3.990000009536743,3.5840001106262207,3.7799999713897705,37500,0,0.0
2015-07-10,3.7799999713897705,3.9200000762939453,3.640000104904175,3.7799999713897705,14000,0,0.0
2015-07-13,3.884999990463257,3.9200000762939453,3.674999952316284,3.7799999713897705,21500,0,0.0
2015-07-14,3.808000087738037,3.8429999351501465,3.640000104904175,3.759000062942505,14800,0,0.0
2015-07-15,3.7730000019073486,3.9200000762939453,3.640000104904175,3.674999952316284,21100,0,0.0
2015-07-16,3.5840001106262207,3.7100000381469727,3.5,3.569999933242798,51100,0,0.0
2015-07-17,3.569999933242798,3.7100000381469727,3.430000066757202,3.5350000858306885,45300,0,0.0
2015-07-20,3.5,3.696000099182129,3.5,3.569999933242798,51400,0,0.0
2015-07-21,3.569999933242798,3.7100000381469727,3.5,3.569999933242798,52800,0,0.0
2015-07-22,3.569999933242798,3.7100000381469727,3.569999933242798,3.5769999027252197,10700,0,0.0
2015-07-23,3.640000104904175,3.7100000381469727,3.569999933242798,3.674999952316284,15000,0,0.0
2015-07-24,3.696000099182129,3.7799999713897705,3.640000104904175,3.7100000381469727,18400,0,0.0
2015-07-27,3.7100000381469727,3.822000026702881,3.640000104904175,3.815000057220459,27100,0,0.0
2015-07-28,3.7799999713897705,3.7799999713897705,3.7100000381469727,3.7100000381469727,16900,0,0.0
2015-07-29,3.8010001182556152,3.8429999351501465,3.7100000381469727,3.744999885559082,28000,0,0.0
2015-07-30,3.7100000381469727,3.9200000762939453,3.7100000381469727,3.7799999713897705,38100,0,0.0
2015-07-31,3.884999990463257,4.340000152587891,3.878000020980835,4.0879998207092285,120500,0,0.0
2015-08-03,4.409999847412109,4.480000019073486,4.059999942779541,4.368000030517578,118300,0,0.0
2015-08-04,4.340000152587891,4.480000019073486,4.304999828338623,4.340000152587891,38200,0,0.0
2015-08-05,4.550000190734863,4.788000106811523,4.340000152587891,4.752999782562256,62400,0,0.0
2015-08-06,4.900000095367432,6.860000133514404,4.788000106811523,5.515999794006348,177400,0,0.0
2015-08-07,5.565000057220459,5.949999809265137,5.179999828338623,5.2220001220703125,102200,0,0.0
2015-08-10,5.53000020980835,5.53000020980835,4.619999885559082,4.96999979019165,86900,0,0.0
2015-08-11,5.25,5.25,4.900000095367432,4.900000095367432,40600,0,0.0
2015-08-12,4.9770002365112305,5.110000133514404,4.760000228881836,4.900000095367432,34600,0,0.0
2015-08-13,4.900000095367432,5.039999961853027,4.760000228881836,4.760000228881836,31300,0,0.0
2015-08-14,4.760000228881836,5.039999961853027,4.738999843597412,5.039999961853027,26300,0,0.0
2015-08-17,5.117000102996826,5.684000015258789,5.117000102996826,5.599999904632568,158700,0,0.0
2015-08-18,5.704999923706055,5.942999839782715,5.53000020980835,5.684000015258789,84000,0,0.0
2015-08-19,5.739999771118164,6.013000011444092,5.72599983215332,6.013000011444092,40300,0,0.0
2015-08-20,6.019999980926514,6.440000057220459,6.019999980926514,6.159999847412109,167700,0,0.0
2015-08-21,6.300000190734863,6.40500020980835,5.25,5.677000045776367,118300,0,0.0
2015-08-24,1.399999976158142,4.9629998207092285,1.399999976158142,4.9629998207092285,216400,0,0.0
2015-08-25,5.25,5.599999904632568,4.96999979019165,5.25,53800,0,0.0
2015-08-26,5.320000171661377,5.599999904632568,4.96999979019165,5.039999961853027,80100,0,0.0
2015-08-27,5.25,5.599999904632568,5.067999839782715,5.460000038146973,30400,0,0.0
2015-08-28,5.306000232696533,5.880000114440918,5.306000232696533,5.620999813079834,30900,0,0.0
2015-08-31,5.72599983215332,6.019999980926514,5.670000076293945,5.949999809265137,46600,0,0.0
2015-09-01,5.880000114440918,6.090000152587891,5.670000076293945,5.949999809265137,50600,0,0.0
2015-09-02,5.880000114440918,5.880000114440918,5.320000171661377,5.460000038146973,48900,0,0.0
2015-09-03,5.320000171661377,5.515999794006348,5.179999828338623,5.320000171661377,48400,0,0.0
2015-09-04,5.25,5.25,5.110000133514404,5.110000133514404,29600,0,0.0
2015-09-08,5.110000133514404,5.599999904632568,4.96999979019165,5.599999904632568,21700,0,0.0
2015-09-09,5.460000038146973,5.5929999351501465,5.25,5.515999794006348,16200,0,0.0
2015-09-10,5.396999835968018,5.53000020980835,5.25,5.320000171661377,11100,0,0.0
2015-09-11,5.256999969482422,5.53000020980835,5.179999828338623,5.53000020980835,20200,0,0.0
2015-09-14,5.53000020980835,5.53000020980835,4.96999979019165,5.089000225067139,27300,0,0.0
2015-09-15,5.25,5.25,5.039999961853027,5.124000072479248,30000,0,0.0
2015-09-16,5.179999828338623,5.320000171661377,5.039999961853027,5.25,23600,0,0.0
2015-09-17,5.165999889373779,5.320000171661377,5.165999889373779,5.320000171661377,10400,0,0.0
2015-09-18,5.186999797821045,5.389999866485596,5.110000133514404,5.389999866485596,21700,0,0.0
2015-09-21,5.320000171661377,5.389999866485596,5.25,5.355000019073486,13200,0,0.0
2015-09-22,5.382999897003174,5.460000038146973,5.25,5.460000038146973,33400,0,0.0
2015-09-23,5.460000038146973,5.460000038146973,5.25,5.375999927520752,22400,0,0.0
2015-09-24,5.179999828338623,5.53000020980835,5.110000133514404,5.446000099182129,29500,0,0.0
2015-09-25,5.460000038146973,5.53000020980835,5.389999866485596,5.494999885559082,15400,0,0.0
2015-09-28,5.5229997634887695,5.809999942779541,5.460000038146973,5.809999942779541,32300,0,0.0
2015-09-29,5.809999942779541,5.880000114440918,5.599999904632568,5.796000003814697,33100,0,0.0
2015-09-30,5.809999942779541,5.949999809265137,5.179999828338623,5.670000076293945,70300,0,0.0
2015-10-01,5.53000020980835,5.84499979019165,5.355000019073486,5.53000020980835,32600,0,0.0
2015-10-02,5.53000020980835,6.929999828338623,5.334000110626221,5.53000020980835,18600,0,0.0
2015-10-05,5.320000171661377,5.53000020980835,5.320000171661377,5.53000020980835,9100,0,0.0
2015-10-06,5.432000160217285,5.53000020980835,5.432000160217285,5.53000020980835,7700,0,0.0
2015-10-07,5.473999977111816,5.739999771118164,5.320000171661377,5.599999904632568,23400,0,0.0
2015-10-08,5.578999996185303,5.949999809265137,5.460000038146973,5.739999771118164,32800,0,0.0
2015-10-09,5.84499979019165,5.880000114440918,5.739999771118164,5.739999771118164,12700,0,0.0
2015-10-12,5.8520002365112305,5.949999809265137,5.747000217437744,5.809999942779541,15900,0,0.0
2015-10-13,5.859000205993652,5.949999809265137,5.739999771118164,5.754000186920166,13400,0,0.0
2015-10-14,5.754000186920166,5.809999942779541,5.613999843597412,5.670000076293945,11700,0,0.0
2015-10-15,5.739999771118164,5.739999771118164,5.670000076293945,5.739999771118164,6300,0,0.0
2015-10-16,5.670000076293945,5.809999942779541,5.599999904632568,5.599999904632568,33000,0,0.0
2015-10-19,5.309999942779541,5.941999912261963,5.309999942779541,5.699999809265137,90000,0,0.14285714285714285
2015-10-20,5.75,5.840000152587891,4.664000034332275,5.230000019073486,132100,0,0.0
2015-10-21,5.099999904632568,5.840000152587891,4.869999885559082,5.380000114440918,280600,0,0.0
2015-10-22,5.460000038146973,6.079999923706055,5.460000038146973,6.065000057220459,127700,0,0.0
2015-10-23,6.099999904632568,6.373000144958496,6.099999904632568,6.199999809265137,115400,0,0.0
2015-10-26,6.210000038146973,6.96999979019165,6.199999809265137,6.96999979019165,139700,0,0.0
2015-10-27,6.960000038146973,6.96999979019165,6.329999923706055,6.559999942779541,101500,0,0.0
2015-10-28,6.599999904632568,7.170000076293945,6.599999904632568,7.119999885559082,81500,0,0.0
2015-10-29,7.150000095367432,7.980000019073486,6.9730000495910645,7.920000076293945,170900,0,0.0
2015-10-30,8.0,8.140000343322754,7.519999980926514,7.71999979019165,212100,0,0.0
2015-11-02,7.78000020980835,7.789999961853027,7.5,7.590000152587891,115300,0,0.0
2015-11-03,7.619999885559082,7.956999778747559,7.519999980926514,7.940000057220459,99900,0,0.0
2015-11-04,7.989999771118164,7.989999771118164,7.489999771118164,7.78000020980835,155000,0,0.0
2015-11-05,7.989999771118164,8.489999771118164,7.53000020980835,8.390000343322754,165400,0,0.0
2015-11-06,8.3100004196167,8.479999542236328,8.0649995803833,8.479999542236328,123400,0,0.0
2015-11-09,8.329999923706055,8.5,8.329999923706055,8.449999809265137,40200,0,0.0
2015-11-10,8.449999809265137,8.579999923706055,8.359999656677246,8.539999961853027,38800,0,0.0
2015-11-11,8.470000267028809,8.470000267028809,8.262999534606934,8.390000343322754,63100,0,0.0
2015-11-12,8.399999618530273,8.449999809265137,8.15999984741211,8.329999923706055,49000,0,0.0
2015-11-13,8.369999885559082,8.369999885559082,8.210000038146973,8.239999771118164,31000,0,0.0
2015-11-16,8.180000305175781,8.180000305175781,7.599999904632568,7.699999809265137,111700,0,0.0
2015-11-17,7.75,8.34000015258789,7.590000152587891,8.029999732971191,94600,0,0.0
2015-11-18,7.989999771118164,8.27400016784668,7.835999965667725,7.860000133514404,110700,0,0.0
2015-11-19,7.789999961853027,8.130000114440918,7.639999866485596,7.869999885559082,61800,0,0.0
2015-11-20,7.880000114440918,8.199999809265137,7.789999961853027,8.119999885559082,37600,0,0.0
2015-11-23,7.929999828338623,8.350000381469727,7.900000095367432,8.140000343322754,66700,0,0.0
2015-11-24,8.069999694824219,8.329999923706055,8.0,8.09000015258789,32200,0,0.0
2015-11-25,8.100000381469727,8.399999618530273,8.100000381469727,8.350000381469727,70000,0,0.0
2015-11-27,8.399999618530273,8.460000038146973,8.300000190734863,8.460000038146973,42100,0,0.0
2015-11-30,8.399999618530273,8.489999771118164,8.36299991607666,8.460000038146973,91300,0,0.0
2015-12-01,8.449999809265137,8.489999771118164,8.239999771118164,8.289999961853027,45900,0,0.0
2015-12-02,8.350000381469727,8.390000343322754,8.229999542236328,8.34000015258789,31600,0,0.0
2015-12-03,8.329999923706055,8.399999618530273,8.319999694824219,8.390000343322754,31100,0,0.0
2015-12-04,8.449999809265137,8.449999809265137,8.3100004196167,8.369999885559082,36700,0,0.0
2015-12-07,8.329999923706055,8.390000343322754,8.119999885559082,8.289999961853027,48400,0,0.0
2015-12-08,8.25,8.289999961853027,8.1899995803833,8.279999732971191,40500,0,0.0
2015-12-09,8.279999732971191,8.279999732971191,8.039999961853027,8.1899995803833,67900,0,0.0
2015-12-10,8.140000343322754,8.140000343322754,7.880000114440918,8.010000228881836,51800,0,0.0
2015-12-11,8.0,8.119999885559082,7.900000095367432,8.079999923706055,53600,0,0.0
2015-12-14,8.079999923706055,8.164999961853027,7.679999828338623,7.989999771118164,76600,0,0.0
2015-12-15,7.900000095367432,8.0,7.710000038146973,7.800000190734863,37800,0,0.0
2015-12-16,7.800000190734863,7.949999809265137,7.681000232696533,7.840000152587891,55100,0,0.0
2015-12-17,7.800000190734863,8.34000015258789,7.800000190734863,8.300000190734863,62000,0,0.0
2015-12-18,8.199999809265137,8.380000114440918,8.192999839782715,8.260000228881836,82800,0,0.0
2015-12-21,8.260000228881836,8.380000114440918,8.119999885559082,8.229999542236328,76400,0,0.0
2015-12-22,8.25,8.350000381469727,8.210000038146973,8.3100004196167,54200,0,0.0
2015-12-23,8.25,8.550000190734863,8.25,8.510000228881836,108600,0,0.0
2015-12-24,8.470000267028809,8.739999771118164,8.430000305175781,8.739999771118164,75000,0,0.0
2015-12-28,8.75,9.619999885559082,8.75,9.489999771118164,208100,0,0.0
2015-12-29,9.609999656677246,10.5,9.5,10.229999542236328,248700,0,0.0
2015-12-30,10.199999809265137,10.199999809265137,9.149999618530273,9.579999923706055,141700,0,0.0
2015-12-31,9.380000114440918,9.75,9.149999618530273,9.520000457763672,61300,0,0.0
2016-01-04,9.609999656677246,9.75,9.25,9.390000343322754,40500,0,0.0
2016-01-05,9.279999732971191,10.020000457763672,9.279999732971191,10.020000457763672,90400,0,0.0
2016-01-06,9.920000076293945,10.550000190734863,9.64900016784668,10.430000305175781,159200,0,0.0
2016-01-07,10.300000190734863,10.489999771118164,9.8100004196167,9.930000305175781,109300,0,0.0
2016-01-08,9.90999984741211,10.199999809265137,7.840000152587891,7.920000076293945,197500,0,0.0
2016-01-11,8.479999542236328,9.25,7.639999866485596,7.909999847412109,220700,0,0.0
2016-01-12,8.069999694824219,8.390000343322754,8.0,8.350000381469727,59700,0,0.0
2016-01-13,8.430000305175781,8.8149995803833,8.399999618530273,8.5600004196167,86500,0,0.0
2016-01-14,8.470000267028809,8.65999984741211,8.199999809265137,8.369999885559082,71900,0,0.0
2016-01-15,8.380000114440918,8.449999809265137,8.107000350952148,8.34000015258789,97400,0,0.0
2016-01-19,8.300000190734863,8.34000015258789,8.0600004196167,8.15999984741211,90800,0,0.0
2016-01-20,8.1899995803833,8.1899995803833,7.630000114440918,7.929999828338623,98900,0,0.0
2016-01-21,7.980000019073486,7.980000019073486,7.650000095367432,7.860000133514404,57200,0,0.0
2016-01-22,7.860000133514404,8.300000190734863,7.75,8.130000114440918,65800,0,0.0
2016-01-25,8.180000305175781,8.34000015258789,8.010000228881836,8.130000114440918,26400,0,0.0
2016-01-26,8.119999885559082,8.199999809265137,8.043000221252441,8.069999694824219,24400,0,0.0
2016-01-27,8.149999618530273,8.149999618530273,7.886000156402588,7.989999771118164,25000,0,0.0
2016-01-28,8.0,8.270000457763672,7.914000034332275,8.119999885559082,22200,0,0.0
2016-01-29,8.25,8.390000343322754,8.069999694824219,8.369999885559082,42000,0,0.0
2016-02-01,8.359999656677246,8.369999885559082,8.199999809265137,8.329999923706055,27700,0,0.0
2016-02-02,8.329999923706055,8.329999923706055,8.232999801635742,8.319999694824219,18200,0,0.0
2016-02-03,8.300000190734863,8.319999694824219,8.204999923706055,8.289999961853027,19800,0,0.0
2016-02-04,8.300000190734863,8.369999885559082,8.220000267028809,8.270000457763672,17100,0,0.0
2016-02-05,8.25,8.369999885559082,8.0600004196167,8.100000381469727,38600,0,0.0
2016-02-08,8.010000228881836,8.187999725341797,7.909999847412109,7.989999771118164,49400,0,0.0
2016-02-09,7.900000095367432,8.140000343322754,7.809999942779541,8.0,64600,0,0.0
2016-02-10,8.100000381469727,8.319999694824219,8.050000190734863,8.170000076293945,36000,0,0.0
2016-02-11,8.039999961853027,8.149999618530273,7.909999847412109,7.929999828338623,39300,0,0.0
2016-02-12,8.069999694824219,8.180000305175781,7.909999847412109,8.050000190734863,65800,0,0.0
2016-02-16,8.050000190734863,8.25,8.029999732971191,8.140000343322754,45600,0,0.0
2016-02-17,8.140000343322754,8.180000305175781,8.0,8.140000343322754,62600,0,0.0
2016-02-18,8.100000381469727,8.149999618530273,8.010000228881836,8.100000381469727,55600,0,0.0
2016-02-19,8.039999961853027,8.739999771118164,8.039999961853027,8.699999809265137,119500,0,0.0
2016-02-22,8.890000343322754,9.25,8.710000038146973,8.960000038146973,149300,0,0.0
2016-02-23,8.930000305175781,9.194999694824219,8.84000015258789,9.09000015258789,89000,0,0.0
2016-02-24,9.170000076293945,9.539999961853027,9.107000350952148,9.479999542236328,82200,0,0.0
2016-02-25,9.5,9.75,9.15999984741211,9.579999923706055,69000,0,0.0
2016-02-26,9.680000305175781,9.850000381469727,9.539999961853027,9.779999732971191,42000,0,0.0
2016-02-29,9.75,10.100000381469727,9.739999771118164,9.989999771118164,99700,0,0.0
2016-03-01,10.050000190734863,10.470000267028809,10.050000190734863,10.3100004196167,94100,0,0.0
2016-03-02,10.34000015258789,10.350000381469727,10.15999984741211,10.319999694824219,59400,0,0.0
2016-03-03,10.300000190734863,10.321000099182129,9.470000267028809,9.5600004196167,131100,0,0.0
2016-03-04,9.600000381469727,9.95300006866455,9.329000473022461,9.6899995803833,61300,0,0.0
2016-03-07,9.59000015258789,9.970000267028809,9.3100004196167,9.550000190734863,43100,0,0.0
2016-03-08,9.529999732971191,9.739999771118164,9.4399995803833,9.670000076293945,32100,0,0.0
2016-03-09,9.699999809265137,9.899999618530273,9.53499984741211,9.720000267028809,63900,0,0.0
2016-03-10,9.729999542236328,9.800000190734863,9.40999984741211,9.449999809265137,41500,0,0.0
2016-03-11,9.529999732971191,9.579999923706055,9.15999984741211,9.390000343322754,38500,0,0.0
2016-03-14,9.289999961853027,9.484999656677246,9.09000015258789,9.149999618530273,48000,0,0.0
2016-03-15,9.119999885559082,9.289999961853027,8.819999694824219,9.260000228881836,52400,0,0.0
2016-03-16,9.220000267028809,9.369999885559082,9.130000114440918,9.180000305175781,36200,0,0.0
2016-03-17,9.149999618530273,9.289999961853027,9.102999687194824,9.25,27200,0,0.0
2016-03-18,9.270000457763672,9.34000015258789,9.220000267028809,9.289999961853027,50000,0,0.0
2016-03-21,9.329999923706055,9.520000457763672,9.239999771118164,9.260000228881836,42500,0,0.0
2016-03-22,9.15999984741211,9.430000305175781,9.15999984741211,9.319999694824219,11900,0,0.0
2016-03-23,9.260000228881836,9.380000114440918,9.260000228881836,9.369999885559082,12600,0,0.0
2016-03-24,9.34000015258789,9.529999732971191,9.25,9.520000457763672,20200,0,0.0
2016-03-28,9.5,9.720000267028809,9.359999656677246,9.40999984741211,27100,0,0.0
2016-03-29,9.4399995803833,9.449999809265137,9.305999755859375,9.40999984741211,31900,0,0.0
2016-03-30,9.449999809265137,9.449999809265137,9.180000305175781,9.319999694824219,41800,0,0.0
2016-03-31,9.359999656677246,9.430000305175781,9.029999732971191,9.100000381469727,28200,0,0.0
2016-04-01,9.0600004196167,9.3100004196167,9.0600004196167,9.119999885559082,47700,0,0.0
2016-04-04,9.109999656677246,9.109999656677246,9.0,9.010000228881836,33100,0,0.0
2016-04-05,9.0,9.069999694824219,8.649999618530273,8.760000228881836,22400,0,0.0
2016-04-06,8.84000015258789,8.968000411987305,8.520000457763672,8.789999961853027,43000,0,0.0
2016-04-07,8.75,8.880000114440918,8.609999656677246,8.779999732971191,35300,0,0.0
2016-04-08,8.819999694824219,8.970000267028809,8.539999961853027,8.8100004196167,38900,0,0.0
2016-04-11,8.800000190734863,8.960000038146973,8.619999885559082,8.645000457763672,21100,0,0.0
2016-04-12,8.619999885559082,8.789999961853027,8.5,8.550000190734863,16800,0,0.0
2016-04-13,8.5,8.760000228881836,8.359999656677246,8.4399995803833,41600,0,0.0
2016-04-14,8.399999618530273,8.399999618530273,8.300000190734863,8.300000190734863,14000,0,0.0
2016-04-15,8.399999618530273,8.399999618530273,8.039999961853027,8.210000038146973,40200,0,0.0
2016-04-18,8.25,8.3100004196167,8.010000228881836,8.100000381469727,45000,0,0.0
2016-04-19,8.15999984741211,8.239999771118164,8.010000228881836,8.100000381469727,42600,0,0.0
2016-04-20,8.069999694824219,8.182000160217285,8.069999694824219,8.100000381469727,21200,0,0.0
2016-04-21,8.0600004196167,8.359999656677246,8.0600004196167,8.220000267028809,35800,0,0.0
2016-04-22,8.199999809265137,8.609999656677246,8.199999809265137,8.5,38300,0,0.0
2016-04-25,8.5,8.899999618530273,8.5,8.859999656677246,45500,0,0.0
2016-04-26,8.850000381469727,9.449999809265137,8.850000381469727,9.229999542236328,111800,0,0.0
2016-04-27,9.199999809265137,9.300000190734863,8.930000305175781,9.114999771118164,21700,0,0.0
2016-04-28,9.039999961853027,9.25,9.020000457763672,9.09000015258789,35500,0,0.0
2016-04-29,9.0,9.210000038146973,8.949999809265137,9.029999732971191,14800,0,0.0
2016-05-02,9.029999732971191,9.449999809265137,9.029999732971191,9.319999694824219,48300,0,0.0
2016-05-03,9.34000015258789,9.600000381469727,9.305000305175781,9.5,58900,0,0.0
2016-05-04,9.390000343322754,9.75,9.390000343322754,9.710000038146973,92300,0,0.0
2016-05-05,9.899999618530273,10.210000038146973,9.84000015258789,10.039999961853027,165500,0,0.0
2016-05-06,10.0,10.1899995803833,9.619999885559082,9.800000190734863,112900,0,0.0
2016-05-09,9.800000190734863,10.539999961853027,9.800000190734863,10.380000114440918,150900,0,0.0
2016-05-10,10.489999771118164,11.069999694824219,10.390000343322754,10.970000267028809,199600,0,0.0
2016-05-11,10.920000076293945,11.430000305175781,10.654999732971191,10.979999542236328,129600,0,0.0
2016-05-12,11.0600004196167,11.350000381469727,11.0600004196167,11.279999732971191,90100,0,0.0
2016-05-13,11.199999809265137,12.359999656677246,11.100000381469727,11.869999885559082,320000,0,0.0
2016-05-16,11.800000190734863,12.5,11.800000190734863,12.34000015258789,174500,0,0.0
2016-05-17,12.5,12.640000343322754,11.819999694824219,12.15999984741211,178200,0,0.0
2016-05-18,12.229999542236328,12.399999618530273,12.020000457763672,12.359999656677246,102700,0,0.0
2016-05-19,12.470000267028809,12.60099983215332,12.199999809265137,12.420000076293945,74900,0,0.0
2016-05-20,12.550000190734863,12.550000190734863,12.220000267028809,12.390000343322754,74000,0,0.0
2016-05-23,12.319999694824219,13.699999809265137,12.25,13.569999694824219,222000,0,0.0
2016-05-24,13.710000038146973,13.960000038146973,13.170000076293945,13.640000343322754,128900,0,0.0
2016-05-25,13.789999961853027,13.819999694824219,13.479999542236328,13.670000076293945,62800,0,0.0
2016-05-26,13.529999732971191,13.899999618530273,13.520000457763672,13.619999885559082,72900,0,0.0
2016-05-27,13.6899995803833,13.800000190734863,13.329999923706055,13.520000457763672,66800,0,0.0
2016-05-31,13.529999732971191,13.640000343322754,12.09000015258789,12.479999542236328,190100,0,0.0
2016-06-01,12.329999923706055,13.34000015258789,12.213000297546387,12.970000267028809,102400,0,0.0
2016-06-02,13.050000190734863,13.40999984741211,12.850000381469727,13.399999618530273,105200,0,0.0
2016-06-03,13.220000267028809,13.600000381469727,13.029999732971191,13.329999923706055,75500,0,0.0
2016-06-06,13.470000267028809,14.140000343322754,13.145000457763672,13.869999885559082,176500,0,0.0
2016-06-07,13.770000457763672,14.579999923706055,13.770000457763672,13.989999771118164,132300,0,0.0
2016-06-08,13.989999771118164,14.380000114440918,13.930000305175781,14.109999656677246,68700,0,0.0
2016-06-09,14.100000381469727,14.710000038146973,14.100000381469727,14.520000457763672,75000,0,0.0
2016-06-10,14.59000015258789,14.670000076293945,14.100000381469727,14.25,101600,0,0.0
2016-06-13,14.25,14.59000015258789,13.760000228881836,14.069999694824219,184200,0,0.0
2016-06-14,14.170000076293945,14.446000099182129,13.369999885559082,13.789999961853027,132100,0,0.0
2016-06-15,13.6899995803833,13.8100004196167,13.460000038146973,13.649999618530273,141400,0,0.0
2016-06-16,13.65999984741211,13.75,13.050999641418457,13.489999771118164,128700,0,0.0
2016-06-17,13.449999809265137,13.472000122070312,12.899999618530273,12.90999984741211,125400,0,0.0
2016-06-20,12.829999923706055,13.819999694824219,12.600000381469727,13.630000114440918,134000,0,0.0
2016-06-21,13.779999732971191,13.819999694824219,13.359999656677246,13.699999809265137,87200,0,0.0
2016-06-22,13.600000381469727,13.829999923706055,13.199999809265137,13.619999885559082,136100,0,0.0
2016-06-23,13.619999885559082,14.239999771118164,13.609999656677246,14.09000015258789,225100,0,0.0
2016-06-24,13.899999618530273,13.97700023651123,12.890000343322754,13.199999809265137,1518400,0,0.0
2016-06-27,13.020000457763672,13.211999893188477,12.15999984741211,12.180000305175781,198700,0,0.0
2016-06-28,12.420000076293945,13.75,12.350000381469727,13.479999542236328,199300,0,0.0
2016-06-29,13.75,13.989999771118164,13.050000190734863,13.170000076293945,117500,0,0.0
2016-06-30,13.220000267028809,13.600000381469727,13.100000381469727,13.600000381469727,113500,0,0.0
2016-07-01,13.520000457763672,14.140000343322754,13.520000457763672,13.850000381469727,91100,0,0.0
2016-07-05,13.850000381469727,14.180000305175781,13.720000267028809,14.050000190734863,111300,0,0.0
2016-07-06,14.020000457763672,14.369999885559082,13.960000038146973,14.050000190734863,100800,0,0.0
2016-07-07,14.199999809265137,14.333999633789062,13.789999961853027,13.890000343322754,71900,0,0.0
2016-07-08,13.9399995803833,14.329999923706055,13.9350004196167,14.260000228881836,98500,0,0.0
2016-07-11,14.390000343322754,15.600000381469727,13.979999542236328,15.479999542236328,291800,0,0.0
2016-07-12,15.40999984741211,15.970000267028809,14.760000228881836,15.289999961853027,242000,0,0.0
2016-07-13,15.40999984741211,15.640000343322754,14.633000373840332,14.6899995803833,143900,0,0.0
2016-07-14,14.579999923706055,15.229999542236328,14.260000228881836,14.899999618530273,170000,0,0.0
2016-07-15,15.039999961853027,15.40999984741211,14.920000076293945,15.25,143000,0,0.0
2016-07-18,15.25,15.5,15.0,15.479999542236328,80300,0,0.0
2016-07-19,15.520000457763672,15.75,15.486000061035156,15.680000305175781,112600,0,0.0
2016-07-20,15.640000343322754,15.809000015258789,15.369999885559082,15.550000190734863,70000,0,0.0
2016-07-21,15.420000076293945,15.529999732971191,14.25,14.300000190734863,217800,0,0.0
2016-07-22,14.300000190734863,14.930000305175781,14.300000190734863,14.84000015258789,95000,0,0.0
2016-07-25,14.739999771118164,14.970000267028809,14.5,14.75,52300,0,0.0
2016-07-26,14.729999542236328,14.979999542236328,14.430000305175781,14.640000343322754,99900,0,0.0
2016-07-27,14.720000267028809,14.720000267028809,14.399999618530273,14.479999542236328,57400,0,0.0
2016-07-28,14.479999542236328,14.5,13.329999923706055,13.550000190734863,243200,0,0.0
2016-07-29,13.550000190734863,14.220000267028809,13.319999694824219,13.989999771118164,178600,0,0.0
2016-08-01,14.119999885559082,14.494999885559082,13.449999809265137,13.539999961853027,133500,0,0.0
2016-08-02,13.4399995803833,13.946999549865723,13.270000457763672,13.90999984741211,99000,0,0.0
2016-08-03,13.960000038146973,13.989999771118164,13.54800033569336,13.670000076293945,50200,0,0.0
2016-08-04,13.729999542236328,13.75,13.15999984741211,13.220000267028809,113000,0,0.0
2016-08-05,13.25,13.579999923706055,13.039999961853027,13.289999961853027,104700,0,0.0
2016-08-08,13.300000190734863,13.680000305175781,13.15999984741211,13.569999694824219,107500,0,0.0
2016-08-09,13.520000457763672,13.800000190734863,13.489999771118164,13.760000228881836,56500,0,0.0
2016-08-10,13.760000228881836,13.850000381469727,13.390000343322754,13.4399995803833,42900,0,0.0
2016-08-11,13.420000076293945,13.53600025177002,13.279999732971191,13.380000114440918,55200,0,0.0
2016-08-12,13.399999618530273,13.510000228881836,13.050000190734863,13.130000114440918,49600,0,0.0
2016-08-15,13.170000076293945,13.300000190734863,12.960000038146973,13.149999618530273,98100,0,0.0
2016-08-16,13.039999961853027,13.270000457763672,12.899999618530273,13.029999732971191,83500,0,0.0
2016-08-17,12.920000076293945,13.489999771118164,12.920000076293945,13.449999809265137,68300,0,0.0
2016-08-18,13.470000267028809,13.850000381469727,13.470000267028809,13.760000228881836,47500,0,0.0
2016-08-19,13.720000267028809,13.770000457763672,13.239999771118164,13.300000190734863,52800,0,0.0
2016-08-22,13.300000190734863,13.5600004196167,13.09000015258789,13.4399995803833,53900,0,0.0
2016-08-23,13.529999732971191,14.079999923706055,13.529999732971191,13.680000305175781,60200,0,0.0
2016-08-24,13.680000305175781,14.130000114440918,13.399999618530273,13.880000114440918,84200,0,0.0
2016-08-25,13.899999618530273,14.619999885559082,13.899999618530273,14.579999923706055,164400,0,0.0
2016-08-26,14.520000457763672,14.630000114440918,13.319999694824219,13.529999732971191,112200,0,0.0
2016-08-29,13.479999542236328,13.970000267028809,13.4399995803833,13.9399995803833,56400,0,0.0
2016-08-30,13.899999618530273,14.0,13.319999694824219,13.449999809265137,62500,0,0.0
2016-08-31,13.319999694824219,13.390000343322754,12.119999885559082,12.260000228881836,184900,0,0.0
2016-09-01,12.260000228881836,12.800000190734863,11.850000381469727,12.75,153400,0,0.0
2016-09-02,12.729999542236328,12.800000190734863,12.180000305175781,12.300000190734863,66800,0,0.0
2016-09-06,12.300000190734863,12.59000015258789,12.199999809265137,12.359999656677246,82700,0,0.0
2016-09-07,12.350000381469727,12.699999809265137,12.175000190734863,12.449999809265137,107200,0,0.0
2016-09-08,12.449999809265137,12.859999656677246,12.430000305175781,12.510000228881836,84000,0,0.0
2016-09-09,12.739999771118164,12.739999771118164,11.600000381469727,11.600000381469727,148300,0,0.0
2016-09-12,11.5,11.920000076293945,11.270000457763672,11.680000305175781,103900,0,0.0
2016-09-13,11.319999694824219,11.460000038146973,10.350000381469727,10.399999618530273,211900,0,0.0
2016-09-14,8.010000228881836,9.675000190734863,8.010000228881836,9.079999923706055,759000,0,0.0
2016-09-15,9.039999961853027,9.829999923706055,9.0,9.550000190734863,180000,0,0.0
2016-09-16,9.630000114440918,10.288999557495117,9.600000381469727,10.149999618530273,253500,0,0.0
2016-09-19,10.100000381469727,10.859999656677246,10.100000381469727,10.430000305175781,225000,0,0.0
2016-09-20,10.529999732971191,10.710000038146973,10.350000381469727,10.5600004196167,147600,0,0.0
2016-09-21,10.640000343322754,11.100000381469727,10.529999732971191,11.050000190734863,145000,0,0.0
2016-09-22,11.170000076293945,11.260000228881836,10.300000190734863,10.5,151400,0,0.0
2016-09-23,10.819999694824219,10.819999694824219,10.5,10.710000038146973,159600,0,0.0
2016-09-26,10.720000267028809,11.010000228881836,10.600000381469727,10.65999984741211,87000,0,0.0
2016-09-27,10.5,10.779999732971191,10.270000457763672,10.34000015258789,75300,0,0.0
2016-09-28,10.260000228881836,10.430000305175781,9.979999542236328,10.289999961853027,105900,0,0.0
2016-09-29,10.300000190734863,10.329999923706055,9.720000267028809,9.729999542236328,100400,0,0.0
2016-09-30,9.699999809265137,9.75,9.350000381469727,9.460000038146973,215900,0,0.0
2016-10-03,9.300000190734863,10.0600004196167,9.0600004196167,9.949999809265137,147500,0,0.0
2016-10-04,9.970000267028809,9.970000267028809,9.420000076293945,9.569999694824219,71100,0,0.0
2016-10-05,9.600000381469727,9.6899995803833,9.25,9.520000457763672,58700,0,0.0
2016-10-06,9.460000038146973,9.649999618530273,9.34000015258789,9.4399995803833,57200,0,0.0
2016-10-07,9.5,9.720000267028809,9.350000381469727,9.550000190734863,80000,0,0.0
2016-10-10,9.489999771118164,9.8100004196167,9.489999771118164,9.59000015258789,47300,0,0.0
2016-10-11,9.600000381469727,9.729999542236328,9.039999961853027,9.100000381469727,68600,0,0.0
2016-10-12,9.180000305175781,9.329999923706055,9.0600004196167,9.180000305175781,52500,0,0.0
2016-10-13,9.170000076293945,9.4399995803833,9.020000457763672,9.359999656677246,86700,0,0.0
2016-10-14,9.430000305175781,9.470000267028809,9.039999961853027,9.0600004196167,55600,0,0.0
2016-10-17,9.010000228881836,9.300000190734863,9.010000228881836,9.260000228881836,81100,0,0.0
2016-10-18,9.4399995803833,9.4399995803833,9.029999732971191,9.09000015258789,59700,0,0.0
2016-10-19,8.989999771118164,9.140000343322754,8.829999923706055,9.140000343322754,81700,0,0.0
2016-10-20,9.010000228881836,9.289999961853027,8.949999809265137,9.260000228881836,42900,0,0.0
2016-10-21,9.15999984741211,9.15999984741211,8.850000381469727,8.890000343322754,33000,0,0.0
2016-10-24,8.789999961853027,9.0600004196167,8.699999809265137,9.0,99600,0,0.0
2016-10-25,8.989999771118164,9.359999656677246,8.699999809265137,8.720000267028809,183500,0,0.0
2016-10-26,8.65999984741211,8.949999809265137,8.550000190734863,8.710000038146973,73100,0,0.0
2016-10-27,8.739999771118164,8.829999923706055,8.510000228881836,8.529999732971191,45400,0,0.0
2016-10-28,8.520000457763672,8.729999542236328,8.5,8.510000228881836,67000,0,0.0
2016-10-31,8.460000038146973,8.470000267028809,8.095000267028809,8.199999809265137,85700,0,0.0
2016-11-01,8.279999732971191,8.34000015258789,8.100000381469727,8.260000228881836,58900,0,0.0
2016-11-02,8.25,8.399999618530273,8.15999984741211,8.239999771118164,51400,0,0.0
2016-11-03,8.260000228881836,8.369999885559082,8.130000114440918,8.210000038146973,63600,0,0.0
2016-11-04,8.369999885559082,8.369999885559082,7.769999980926514,7.769999980926514,89100,0,0.0
2016-11-07,7.769999980926514,7.769999980926514,7.26800012588501,7.460000038146973,136000,0,0.0
2016-11-08,7.5,7.5,6.429999828338623,6.480000019073486,190200,0,0.0
2016-11-09,6.46999979019165,7.340000152587891,6.46999979019165,7.28000020980835,119900,0,0.0
2016-11-10,7.539999961853027,7.599999904632568,7.0,7.269999980926514,139700,0,0.0
2016-11-11,7.190000057220459,7.71999979019165,7.059999942779541,7.630000114440918,104000,0,0.0
2016-11-14,7.690000057220459,7.760000228881836,7.380000114440918,7.460000038146973,65800,0,0.0
2016-11-15,7.650000095367432,7.710000038146973,7.449999809265137,7.590000152587891,36900,0,0.0
2016-11-16,7.599999904632568,7.980000019073486,7.519999980926514,7.929999828338623,64000,0,0.0
2016-11-17,8.039999961853027,8.9399995803833,7.940000057220459,8.649999618530273,100400,0,0.0
2016-11-18,8.649999618530273,8.949999809265137,8.470000267028809,8.890000343322754,102700,0,0.0
2016-11-21,8.800000190734863,8.800000190734863,8.359999656677246,8.460000038146973,95600,0,0.0
2016-11-22,8.350000381469727,8.65999984741211,8.350000381469727,8.609999656677246,43700,0,0.0
2016-11-23,8.4399995803833,8.789999961853027,8.40999984741211,8.75,37100,0,0.0
2016-11-25,8.720000267028809,8.770000457763672,8.529999732971191,8.619999885559082,13900,0,0.0
2016-11-28,8.619999885559082,8.619999885559082,8.300000190734863,8.319999694824219,24500,0,0.0
2016-11-29,8.399999618530273,8.569999694824219,8.260000228881836,8.289999961853027,58400,0,0.0
2016-11-30,8.449999809265137,8.449999809265137,8.010000228881836,8.09000015258789,43800,0,0.0
2016-12-01,8.050000190734863,8.345000267028809,7.960000038146973,8.029999732971191,25800,0,0.0
2016-12-02,7.96999979019165,8.069999694824219,7.599999904632568,7.75,57400,0,0.0
2016-12-05,7.78000020980835,7.889999866485596,7.760000228881836,7.800000190734863,48900,0,0.0
2016-12-06,7.809999942779541,7.949999809265137,7.710000038146973,7.78000020980835,40400,0,0.0
2016-12-07,7.699999809265137,8.300000190734863,7.699999809265137,8.270000457763672,207800,0,0.0
2016-12-08,8.270000457763672,8.9399995803833,8.020000457763672,8.930000305175781,182000,0,0.0
2016-12-09,8.90999984741211,9.90999984741211,8.52299976348877,9.850000381469727,183500,0,0.0
2016-12-12,10.0,10.194999694824219,9.430000305175781,9.6899995803833,118900,0,0.0
2016-12-13,9.710000038146973,9.760000228881836,7.940000057220459,8.670000076293945,295400,0,0.0
2016-12-14,8.699999809265137,8.755000114440918,8.300000190734863,8.350000381469727,67000,0,0.0
2016-12-15,8.350000381469727,8.8100004196167,8.282999992370605,8.520000457763672,82500,0,0.0
2016-12-16,8.770000457763672,8.859999656677246,8.470000267028809,8.5,96600,0,0.0
2016-12-19,8.65999984741211,8.779999732971191,8.5,8.529999732971191,60200,0,0.0
2016-12-20,8.5,8.668999671936035,8.449999809265137,8.5,49000,0,0.0
2016-12-21,8.5,8.819999694824219,8.5,8.770000457763672,47900,0,0.0
2016-12-22,8.770000457763672,8.829999923706055,8.5,8.539999961853027,42100,0,0.0
2016-12-23,8.539999961853027,8.590999603271484,8.25,8.399999618530273,50700,0,0.0
2016-12-27,8.539999961853027,9.0,8.449999809265137,8.920000076293945,80400,0,0.0
2016-12-28,8.930000305175781,8.970000267028809,8.510000228881836,8.539999961853027,38100,0,0.0
2016-12-29,8.5,8.657999992370605,8.1899995803833,8.380000114440918,48100,0,0.0
2016-12-30,8.3100004196167,8.319999694824219,8.0600004196167,8.149999618530273,80200,0,0.0
2017-01-03,8.149999618530273,8.34000015258789,7.869999885559082,7.96999979019165,64400,0,0.0
2017-01-04,7.980000019073486,8.170000076293945,7.909999847412109,8.039999961853027,52600,0,0.0
2017-01-05,8.029999732971191,8.050000190734863,7.25,7.260000228881836,108500,0,0.0
2017-01-06,7.25,7.738999843597412,7.25,7.579999923706055,65900,0,0.0
2017-01-09,7.659999847412109,7.78000020980835,7.510000228881836,7.730000019073486,37000,0,0.0
2017-01-10,7.789999961853027,8.0,7.789999961853027,7.929999828338623,32500,0,0.0
2017-01-11,7.940000057220459,7.980000019073486,7.699999809265137,7.760000228881836,24000,0,0.0
2017-01-12,7.909999847412109,7.960000038146973,7.380000114440918,7.559999942779541,92800,0,0.0
2017-01-13,7.570000171661377,7.820000171661377,7.449999809265137,7.699999809265137,40700,0,0.0
2017-01-17,7.460000038146973,7.659999847412109,7.389999866485596,7.480000019073486,59100,0,0.0
2017-01-18,7.539999961853027,7.809999942779541,7.4710001945495605,7.559999942779541,50100,0,0.0
2017-01-19,7.429999828338623,7.570000171661377,7.119999885559082,7.170000076293945,49900,0,0.0
2017-01-20,7.199999809265137,7.309999942779541,7.079999923706055,7.119999885559082,40900,0,0.0
2017-01-23,7.159999847412109,7.199999809265137,6.739999771118164,6.78000020980835,94900,0,0.0
2017-01-24,6.769999980926514,7.070000171661377,6.630000114440918,7.059999942779541,53200,0,0.0
2017-01-25,7.050000190734863,7.289999961853027,6.989999771118164,7.019999980926514,50500,0,0.0
2017-01-26,7.0,7.269999980926514,7.0,7.21999979019165,63500,0,0.0
2017-01-27,7.320000171661377,7.320000171661377,7.070000171661377,7.21999979019165,25600,0,0.0
2017-01-30,7.269999980926514,7.269999980926514,6.920000076293945,7.03000020980835,50900,0,0.0
2017-01-31,7.0,7.300000190734863,7.0,7.21999979019165,46200,0,0.0
2017-02-01,7.199999809265137,7.340000152587891,7.099999904632568,7.159999847412109,52100,0,0.0
2017-02-02,7.199999809265137,7.239999771118164,7.019999980926514,7.059999942779541,33900,0,0.0
2017-02-03,7.119999885559082,7.539999961853027,7.079999923706055,7.449999809265137,86700,0,0.0
2017-02-06,7.489999771118164,7.489999771118164,6.860000133514404,6.989999771118164,61500,0,0.0
2017-02-07,7.050000190734863,7.130000114440918,6.650000095367432,6.679999828338623,57800,0,0.0
2017-02-08,6.679999828338623,6.889999866485596,6.03000020980835,6.389999866485596,158200,0,0.0
2017-02-09,6.119999885559082,6.849999904632568,6.039999961853027,6.739999771118164,106000,0,0.0
2017-02-10,6.869999885559082,7.014999866485596,6.610000133514404,6.739999771118164,78300,0,0.0
2017-02-13,6.809999942779541,6.829999923706055,6.510000228881836,6.550000190734863,88200,0,0.0
2017-02-14,6.550000190734863,6.570000171661377,6.340000152587891,6.380000114440918,96200,0,0.0
2017-02-15,6.480000019073486,7.0,6.480000019073486,6.820000171661377,120500,0,0.0
2017-02-16,6.840000152587891,6.96999979019165,6.460000038146973,6.480000019073486,56200,0,0.0
2017-02-17,6.519999980926514,6.800000190734863,6.360000133514404,6.630000114440918,104900,0,0.0
2017-02-21,6.699999809265137,6.699999809265137,6.260000228881836,6.329999923706055,99800,0,0.0
2017-02-22,6.28000020980835,6.599999904632568,6.260000228881836,6.28000020980835,69700,0,0.0
2017-02-23,6.349999904632568,6.349999904632568,6.099999904632568,6.190000057220459,76600,0,0.0
2017-02-24,6.150000095367432,6.329999923706055,6.03000020980835,6.079999923706055,45800,0,0.0
2017-02-27,6.070000171661377,6.28000020980835,6.070000171661377,6.090000152587891,65500,0,0.0
2017-02-28,6.079999923706055,6.086999893188477,5.400000095367432,5.539999961853027,117800,0,0.0
2017-03-01,5.800000190734863,5.96999979019165,5.521999835968018,5.699999809265137,95800,0,0.0
2017-03-02,5.699999809265137,5.699999809265137,5.5,5.630000114440918,65300,0,0.0
2017-03-03,5.659999847412109,5.730000019073486,5.519999980926514,5.619999885559082,48600,0,0.0
2017-03-06,5.550000190734863,5.78000020980835,5.369999885559082,5.429999828338623,99600,0,0.0
2017-03-07,5.329999923706055,5.376999855041504,5.099999904632568,5.199999809265137,61000,0,0.0
2017-03-08,5.159999847412109,5.199999809265137,4.949999809265137,4.980000019073486,104000,0,0.0
2017-03-09,5.0,5.010000228881836,4.610000133514404,4.670000076293945,120000,0,0.0
2017-03-10,4.619999885559082,5.110000133514404,4.619999885559082,5.010000228881836,61000,0,0.0
2017-03-13,5.210000038146973,5.329999923706055,5.010000228881836,5.090000152587891,39800,0,0.0
2017-03-14,5.070000171661377,5.090000152587891,4.75,4.929999828338623,50200,0,0.0
2017-03-15,4.989999771118164,5.230000019073486,4.949999809265137,5.210000038146973,64800,0,0.0
2017-03-16,5.289999961853027,5.329999923706055,5.130000114440918,5.28000020980835,35200,0,0.0
2017-03-17,5.300000190734863,5.534999847412109,5.059999942779541,5.110000133514404,119600,0,0.0
2017-03-20,5.150000095367432,5.190000057220459,5.050000190734863,5.079999923706055,50700,0,0.0
2017-03-21,5.150000095367432,5.150000095367432,4.800000190734863,4.909999847412109,53600,0,0.0
2017-03-22,4.940000057220459,4.940000057220459,4.800000190734863,4.869999885559082,33400,0,0.0
2017-03-23,4.849999904632568,5.025000095367432,4.71999979019165,4.800000190734863,50900,0,0.0
2017-03-24,4.869999885559082,4.940000057220459,4.769999980926514,4.869999885559082,45400,0,0.0
2017-03-27,4.849999904632568,5.0,4.690000057220459,4.900000095367432,50600,0,0.0
2017-03-28,4.900000095367432,5.03000020980835,4.78000020980835,4.920000076293945,102800,0,0.0
2017-03-29,4.900000095367432,5.480000019073486,4.849999904632568,5.349999904632568,82500,0,0.0
2017-03-30,5.260000228881836,5.4039998054504395,5.25,5.380000114440918,70700,0,0.0
2017-03-31,5.409999847412109,5.46999979019165,5.329999923706055,5.369999885559082,62100,0,0.0
2017-04-03,5.369999885559082,5.400000095367432,5.130000114440918,5.21999979019165,56000,0,0.0
2017-04-04,5.21999979019165,5.329999923706055,5.019999980926514,5.059999942779541,87600,0,0.0
2017-04-05,5.079999923706055,5.239999771118164,4.809999942779541,4.809999942779541,55500,0,0.0
2017-04-06,4.849999904632568,5.050000190734863,4.849999904632568,4.949999809265137,65100,0,0.0
2017-04-07,4.949999809265137,4.982999801635742,4.800000190734863,4.840000152587891,42400,0,0.0
2017-04-10,4.869999885559082,5.179999828338623,4.869999885559082,4.920000076293945,63700,0,0.0
2017-04-11,4.900000095367432,4.989999771118164,4.849999904632568,4.960000038146973,34700,0,0.0
2017-04-12,4.949999809265137,5.019999980926514,4.849999904632568,4.860000133514404,51500,0,0.0
2017-04-13,4.849999904632568,4.920000076293945,4.650000095367432,4.829999923706055,95900,0,0.0
2017-04-17,4.909999847412109,4.909999847412109,4.650000095367432,4.78000020980835,60300,0,0.0
2017-04-18,4.710000038146973,4.809999942779541,4.619999885559082,4.78000020980835,68000,0,0.0
2017-04-19,4.800000190734863,4.96999979019165,4.690000057220459,4.949999809265137,71600,0,0.0
2017-04-20,4.96999979019165,4.96999979019165,4.880000114440918,4.920000076293945,50100,0,0.0
2017-04-21,4.900000095367432,5.090000152587891,4.510000228881836,5.019999980926514,123200,0,0.0
2017-04-24,5.059999942779541,5.119999885559082,4.699999809265137,4.809999942779541,110700,0,0.0
2017-04-25,4.860000133514404,4.949999809265137,4.429999828338623,4.820000171661377,277700,0,0.0
2017-04-26,4.809999942779541,5.010000228881836,4.599999904632568,4.940000057220459,62700,0,0.0
2017-04-27,4.929999828338623,5.150000095367432,4.929999828338623,5.039999961853027,58800,0,0.0
2017-04-28,5.050000190734863,5.130000114440918,4.880000114440918,4.960000038146973,81000,0,0.0
2017-05-01,5.0,5.0,4.71999979019165,4.769999980926514,50500,0,0.0
2017-05-02,4.769999980926514,4.920000076293945,4.710000038146973,4.78000020980835,27700,0,0.0
2017-05-03,4.760000228881836,4.769999980926514,4.610000133514404,4.679999828338623,38700,0,0.0
2017-05-04,4.710000038146973,4.760000228881836,4.610000133514404,4.739999771118164,38600,0,0.0
2017-05-05,4.739999771118164,4.78000020980835,4.619999885559082,4.75,20100,0,0.0
2017-05-08,4.75,4.75,4.539999961853027,4.650000095367432,182100,0,0.0
2017-05-09,4.699999809265137,4.699999809265137,4.340000152587891,4.409999847412109,79900,0,0.0
2017-05-10,4.409999847412109,4.409999847412109,4.25,4.320000171661377,149800,0,0.0
2017-05-11,4.25,4.260000228881836,3.7899999618530273,3.930000066757202,178000,0,0.0
2017-05-12,3.930000066757202,4.130000114440918,3.930000066757202,4.065000057220459,74400,0,0.0
2017-05-15,4.119999885559082,4.309999942779541,4.109000205993652,4.300000190734863,61500,0,0.0
2017-05-16,4.329999923706055,4.610000133514404,4.230000019073486,4.590000152587891,54600,0,0.0
2017-05-17,4.46999979019165,4.570000171661377,4.289999961853027,4.349999904632568,126200,0,0.0
2017-05-18,4.349999904632568,4.369999885559082,4.159999847412109,4.190000057220459,62000,0,0.0
2017-05-19,4.230000019073486,4.489999771118164,4.159999847412109,4.389999866485596,64500,0,0.0
2017-05-22,4.320000171661377,4.364999771118164,4.159999847412109,4.170000076293945,83000,0,0.0
2017-05-23,4.159999847412109,4.239999771118164,4.099999904632568,4.179999828338623,54000,0,0.0
2017-05-24,4.150000095367432,4.199999809265137,4.03000020980835,4.050000190734863,64400,0,0.0
2017-05-25,4.050000190734863,4.050000190734863,3.75,3.759999990463257,82800,0,0.0
2017-05-26,3.8499999046325684,3.8499999046325684,3.700000047683716,3.7699999809265137,59200,0,0.0
2017-05-30,3.7799999713897705,3.7799999713897705,3.700000047683716,3.7300000190734863,46400,0,0.0
2017-05-31,3.759999990463257,4.010000228881836,3.7260000705718994,3.990000009536743,40400,0,0.0
2017-06-01,3.990000009536743,4.285999774932861,3.990000009536743,4.190000057220459,69200,0,0.0
2017-06-02,4.179999828338623,4.25,4.050000190734863,4.099999904632568,51800,0,0.0
2017-06-05,4.110000133514404,4.130000114440918,4.059999942779541,4.070000171661377,59900,0,0.0
2017-06-06,4.059999942779541,4.090000152587891,3.9800000190734863,4.039999961853027,71000,0,0.0
2017-06-07,4.010000228881836,4.130000114440918,3.75,3.819999933242798,50700,0,0.0
2017-06-08,3.809999942779541,3.869999885559082,3.75,3.7799999713897705,35200,0,0.0
2017-06-09,3.75,4.119999885559082,3.7200000286102295,4.099999904632568,60900,0,0.0
2017-06-12,4.099999904632568,4.150000095367432,3.759999990463257,3.8399999141693115,86200,0,0.0
2017-06-13,3.859999895095825,3.9600000381469727,3.75,3.7699999809265137,59300,0,0.0
2017-06-14,3.7699999809265137,3.950000047683716,3.759000062942505,3.940000057220459,61600,0,0.0
2017-06-15,3.890000104904175,4.019999980926514,3.8299999237060547,3.9100000858306885,25400,0,0.0
2017-06-16,3.869999885559082,4.0,3.8499999046325684,3.940000057220459,79200,0,0.0
2017-06-19,3.950000047683716,4.0,3.8299999237060547,3.9000000953674316,47700,0,0.0
2017-06-20,3.880000114440918,4.139999866485596,3.859999895095825,4.090000152587891,77500,0,0.0
2017-06-21,4.099999904632568,4.599999904632568,4.099999904632568,4.369999885559082,142300,0,0.0
2017-06-22,4.53000020980835,4.75,4.119999885559082,4.190000057220459,252300,0,0.0
2017-06-23,4.260000228881836,4.534999847412109,4.179999828338623,4.21999979019165,1401100,0,0.0
2017-06-26,4.289999961853027,4.449999809265137,4.119999885559082,4.349999904632568,311200,0,0.0
2017-06-27,4.360000133514404,4.465000152587891,4.25,4.25,59300,0,0.0
2017-06-28,4.28000020980835,4.480000019073486,4.21999979019165,4.269999980926514,57900,0,0.0
2017-06-29,4.260000228881836,4.420000076293945,4.260000228881836,4.269999980926514,51600,0,0.0
2017-06-30,4.28000020980835,4.46999979019165,4.25,4.329999923706055,67600,0,0.0
2017-07-03,4.349999904632568,4.460000038146973,4.329999923706055,4.380000114440918,14900,0,0.0
2017-07-05,4.349999904632568,4.379000186920166,4.119999885559082,4.25,84200,0,0.0
2017-07-06,4.210000038146973,4.2230000495910645,3.9200000762939453,3.9200000762939453,117700,0,0.0
2017-07-07,3.9600000381469727,4.119999885559082,3.8499999046325684,4.099999904632568,93900,0,0.0
2017-07-10,4.130000114440918,4.130000114440918,3.869999885559082,3.9100000858306885,115000,0,0.0
2017-07-11,3.940000057220459,4.03000020980835,3.8499999046325684,3.950000047683716,53300,0,0.0
2017-07-12,3.9800000190734863,4.010000228881836,3.8499999046325684,3.8499999046325684,49900,0,0.0
2017-07-13,3.8399999141693115,4.039999961853027,3.799999952316284,4.019999980926514,56700,0,0.0
2017-07-14,4.010000228881836,4.188000202178955,3.9100000858306885,3.940000057220459,78800,0,0.0
2017-07-17,3.9600000381469727,4.099999904632568,3.9100000858306885,4.090000152587891,81200,0,0.0
2017-07-18,4.059999942779541,4.139999866485596,3.809999942779541,3.990000009536743,155400,0,0.0
2017-07-19,3.9700000286102295,4.190000057220459,3.9600000381469727,4.110000133514404,79100,0,0.0
2017-07-20,4.179999828338623,4.329999923706055,4.079999923706055,4.260000228881836,83100,0,0.0
2017-07-21,4.28000020980835,4.28000020980835,4.0,4.099999904632568,53500,0,0.0
2017-07-24,4.119999885559082,4.119999885559082,3.9000000953674316,3.9200000762939453,58600,0,0.0
2017-07-25,3.9600000381469727,4.050000190734863,3.9100000858306885,4.0,33800,0,0.0
2017-07-26,4.010000228881836,4.019999980926514,3.930000066757202,4.019999980926514,22900,0,0.0
2017-07-27,4.010000228881836,4.010000228881836,3.8499999046325684,3.859999895095825,64400,0,0.0
2017-07-28,3.9000000953674316,3.944999933242798,3.799999952316284,3.8399999141693115,50600,0,0.0
2017-07-31,3.8499999046325684,3.9600000381469727,3.75,3.799999952316284,67100,0,0.0
2017-08-01,3.819999933242798,4.019999980926514,3.7100000381469727,3.9700000286102295,176600,0,0.0
2017-08-02,3.990000009536743,3.990000009536743,3.809999942779541,3.8499999046325684,21700,0,0.0
2017-08-03,3.8399999141693115,3.869999885559082,3.759999990463257,3.759999990463257,34700,0,0.0
2017-08-04,3.7699999809265137,3.8499999046325684,3.7699999809265137,3.799999952316284,14500,0,0.0
2017-08-07,3.7699999809265137,3.819999933242798,3.6500000953674316,3.680000066757202,79100,0,0.0
2017-08-08,3.619999885559082,3.680000066757202,3.549999952316284,3.5899999141693115,99500,0,0.0
2017-08-09,3.5799999237060547,3.5899999141693115,3.200000047683716,3.309999942779541,154400,0,0.0
2017-08-10,3.309999942779541,3.5299999713897705,3.25,3.5,118000,0,0.0
2017-08-11,3.4600000381469727,3.509999990463257,3.25,3.259999990463257,56300,0,0.0
2017-08-14,3.240000009536743,3.4100000858306885,3.1600000858306885,3.380000114440918,82600,0,0.0
2017-08-15,3.25,3.4000000953674316,3.1600000858306885,3.1700000762939453,94800,0,0.0
2017-08-16,3.180000066757202,3.25,3.059999942779541,3.069999933242798,36700,0,0.0
2017-08-17,3.069999933242798,3.1700000762939453,3.0,3.0199999809265137,44300,0,0.0
2017-08-18,3.0399999618530273,3.0999999046325684,2.9000000953674316,2.990000009536743,15100,0,0.0
2017-08-21,3.0,3.0299999713897705,2.859999895095825,2.9200000762939453,66200,0,0.0
2017-08-22,2.930000066757202,3.0799999237060547,2.9000000953674316,3.0799999237060547,71800,0,0.0
2017-08-23,3.0799999237060547,3.569999933242798,3.0799999237060547,3.5299999713897705,122700,0,0.0
2017-08-24,3.5,3.7899999618530273,3.4800000190734863,3.690000057220459,100700,0,0.0
2017-08-25,3.740000009536743,3.8329999446868896,3.700000047683716,3.7699999809265137,49700,0,0.0
2017-08-28,3.799999952316284,3.799999952316284,3.509999990463257,3.75,139200,0,0.0
2017-08-29,3.7200000286102295,4.110000133514404,3.5899999141693115,3.9600000381469727,127200,0,0.0
2017-08-30,3.990000009536743,4.099999904632568,3.8499999046325684,4.065000057220459,86900,0,0.0
2017-08-31,4.079999923706055,4.210000038146973,3.930000066757202,4.159999847412109,89200,0,0.0
2017-09-01,4.230000019073486,4.449999809265137,4.111999988555908,4.369999885559082,95700,0,0.0
2017-09-05,4.369999885559082,4.449999809265137,4.269999980926514,4.420000076293945,133800,0,0.0
2017-09-06,4.449999809265137,5.230000019073486,4.449999809265137,5.019999980926514,291400,0,0.0
2017-09-07,5.190000057220459,5.21999979019165,4.750999927520752,4.809999942779541,161600,0,0.0
2017-09-08,4.599999904632568,4.949999809265137,3.5299999713897705,3.880000114440918,286800,0,0.0
2017-09-11,4.019999980926514,4.449999809265137,3.950000047683716,4.204999923706055,97500,0,0.0
2017-09-12,4.210000038146973,4.389999866485596,3.950000047683716,3.950000047683716,76200,0,0.0
2017-09-13,4.039999961853027,4.175000190734863,3.930000066757202,3.9700000286102295,63900,0,0.0
2017-09-14,3.9700000286102295,4.21999979019165,3.9700000286102295,4.079999923706055,48300,0,0.0
2017-09-15,4.0,4.360000133514404,4.0,4.28000020980835,68300,0,0.0
2017-09-18,4.309999942779541,4.340000152587891,4.159999847412109,4.260000228881836,41000,0,0.0
2017-09-19,4.269999980926514,4.440000057220459,4.159999847412109,4.239999771118164,48300,0,0.0
2017-09-20,4.25,4.349999904632568,4.230000019073486,4.28000020980835,13400,0,0.0
2017-09-21,4.300000190734863,4.321000099182129,4.239999771118164,4.239999771118164,25100,0,0.0
2017-09-22,4.239999771118164,4.315999984741211,4.239999771118164,4.289999961853027,62000,0,0.0
2017-09-25,4.289999961853027,4.440000057220459,4.21999979019165,4.230000019073486,28600,0,0.0
2017-09-26,4.239999771118164,4.28000020980835,4.031000137329102,4.110000133514404,47500,0,0.0
2017-09-27,4.170000076293945,4.300000190734863,4.059999942779541,4.25,16600,0,0.0
2017-09-28,4.25,4.25,4.119999885559082,4.130000114440918,13800,0,0.0
2017-09-29,4.190000057220459,4.239999771118164,4.119999885559082,4.21999979019165,32100,0,0.0
2017-10-02,4.25,4.670000076293945,4.25,4.630000114440918,81900,0,0.0
2017-10-03,4.630000114440918,4.690000057220459,4.429999828338623,4.590000152587891,43900,0,0.0
2017-10-04,4.579999923706055,4.789999961853027,4.550000190734863,4.559999942779541,36400,0,0.0
2017-10-05,4.559999942779541,4.849999904632568,4.559999942779541,4.590000152587891,81500,0,0.0
2017-10-06,4.599999904632568,4.760000228881836,4.599999904632568,4.699999809265137,39600,0,0.0
2017-10-09,4.699999809265137,4.800000190734863,4.389999866485596,4.429999828338623,44000,0,0.0
2017-10-10,4.460000038146973,4.710000038146973,4.460000038146973,4.670000076293945,21200,0,0.0
2017-10-11,4.699999809265137,4.699999809265137,4.580999851226807,4.650000095367432,9900,0,0.0
2017-10-12,4.639999866485596,4.809999942779541,4.599999904632568,4.71999979019165,62400,0,0.0
2017-10-13,4.670000076293945,4.940000057220459,4.670000076293945,4.900000095367432,59200,0,0.0
2017-10-16,4.900000095367432,5.760000228881836,4.900000095367432,5.170000076293945,201500,0,0.0
2017-10-17,5.190000057220459,5.380000114440918,5.179999828338623,5.340000152587891,49200,0,0.0
2017-10-18,5.449999809265137,5.75,5.443999767303467,5.75,122200,0,0.0
2017-10-19,5.75,6.229000091552734,5.699999809265137,6.099999904632568,180900,0,0.0
2017-10-20,6.199999809265137,6.449999809265137,5.952000141143799,6.429999828338623,175000,0,0.0
2017-10-23,6.489999771118164,6.840000152587891,5.929999828338623,6.070000171661377,163000,0,0.0
2017-10-24,6.090000152587891,6.190000057220459,5.63100004196167,6.0,90800,0,0.0
2017-10-25,6.099999904632568,6.119999885559082,5.730000019073486,5.849999904632568,42000,0,0.0
2017-10-26,5.829999923706055,5.925000190734863,5.559999942779541,5.579999923706055,95800,0,0.0
2017-10-27,5.519999980926514,5.590000152587891,5.300000190734863,5.539999961853027,47700,0,0.0
2017-10-30,5.539999961853027,5.875999927520752,5.429999828338623,5.539999961853027,66000,0,0.0
2017-10-31,5.559999942779541,5.679999828338623,5.383999824523926,5.550000190734863,33400,0,0.0
2017-11-01,5.639999866485596,5.790999889373779,5.5,5.730000019073486,32500,0,0.0
2017-11-02,5.730000019073486,5.800000190734863,5.559999942779541,5.670000076293945,22300,0,0.0
2017-11-03,5.679999828338623,5.710000038146973,5.380000114440918,5.380000114440918,34300,0,0.0
2017-11-06,5.389999866485596,5.599999904632568,5.320000171661377,5.409999847412109,77700,0,0.0
2017-11-07,5.349999904632568,5.460000038146973,5.119999885559082,5.309999942779541,68500,0,0.0
2017-11-08,5.309999942779541,5.409999847412109,5.159999847412109,5.269999980926514,48400,0,0.0
2017-11-09,5.21999979019165,5.21999979019165,4.380000114440918,4.869999885559082,78000,0,0.0
2017-11-10,4.676000118255615,4.96999979019165,4.676000118255615,4.929999828338623,14300,0,0.0
2017-11-13,4.929999828338623,5.179999828338623,4.920000076293945,5.119999885559082,36300,0,0.0
2017-11-14,5.070000171661377,5.170000076293945,4.960000038146973,5.099999904632568,28300,0,0.0
2017-11-15,5.090000152587891,5.210000038146973,5.051000118255615,5.210000038146973,24100,0,0.0
2017-11-16,5.210000038146973,5.340000152587891,5.159999847412109,5.289999961853027,18700,0,0.0
2017-11-17,5.269999980926514,5.449999809265137,5.269999980926514,5.409999847412109,46100,0,0.0
2017-11-20,5.409999847412109,5.409999847412109,5.238999843597412,5.269999980926514,18300,0,0.0
2017-11-21,5.340000152587891,5.480000019073486,5.244999885559082,5.289999961853027,31000,0,0.0
2017-11-22,5.349999904632568,5.449999809265137,5.139999866485596,5.260000228881836,23300,0,0.0
2017-11-24,5.25,5.329999923706055,5.142000198364258,5.300000190734863,7300,0,0.0
2017-11-27,5.289999961853027,5.489999771118164,5.150000095367432,5.440000057220459,42200,0,0.0
2017-11-28,5.389999866485596,5.46999979019165,5.25,5.380000114440918,36800,0,0.0
2017-11-29,5.409999847412109,5.429999828338623,5.185999870300293,5.409999847412109,29300,0,0.0
2017-11-30,5.369999885559082,5.539999961853027,5.15500020980835,5.309999942779541,57600,0,0.0
2017-12-01,5.25,5.46999979019165,5.230000019073486,5.449999809265137,20100,0,0.0
2017-12-04,5.46999979019165,5.5,5.400000095367432,5.489999771118164,30000,0,0.0
2017-12-05,5.5,5.929999828338623,5.5,5.690000057220459,89200,0,0.0
2017-12-06,5.690000057220459,5.925000190734863,5.539999961853027,5.650000095367432,25700,0,0.0
2017-12-07,5.650000095367432,5.739999771118164,5.369999885559082,5.690000057220459,51100,0,0.0
2017-12-08,5.639999866485596,5.699999809265137,5.559999942779541,5.590000152587891,28200,0,0.0
2017-12-11,5.599999904632568,5.619999885559082,5.369999885559082,5.369999885559082,53300,0,0.0
2017-12-12,5.360000133514404,5.480000019073486,5.199999809265137,5.199999809265137,27000,0,0.0
2017-12-13,5.199999809265137,5.360000133514404,5.170000076293945,5.21999979019165,26000,0,0.0
2017-12-14,5.25,5.25,5.010000228881836,5.190000057220459,42700,0,0.0
2017-12-15,5.150000095367432,5.25,5.059999942779541,5.199999809265137,27600,0,0.0
2017-12-18,5.239999771118164,5.315999984741211,4.929999828338623,5.070000171661377,43200,0,0.0
2017-12-19,5.010000228881836,5.164999961853027,4.949999809265137,4.949999809265137,15800,0,0.0
2017-12-20,4.949999809265137,5.017000198364258,4.880000114440918,4.96999979019165,20100,0,0.0
2017-12-21,4.960000038146973,4.960000038146973,4.800000190734863,4.800000190734863,37600,0,0.0
2017-12-22,4.800000190734863,4.989999771118164,4.794000148773193,4.940000057220459,18500,0,0.0
2017-12-26,4.929999828338623,4.949999809265137,4.835000038146973,4.860000133514404,23500,0,0.0
2017-12-27,4.849999904632568,4.989999771118164,4.849999904632568,4.909999847412109,11500,0,0.0
2017-12-28,4.889999866485596,4.9720001220703125,4.690000057220459,4.849999904632568,42200,0,0.0
2017-12-29,4.849999904632568,4.929999828338623,4.510000228881836,4.760000228881836,73100,0,0.0
2018-01-02,4.789999961853027,4.949999809265137,4.783999919891357,4.800000190734863,8900,0,0.0
2018-01-03,4.800000190734863,4.949999809265137,4.800000190734863,4.909999847412109,20600,0,0.0
2018-01-04,4.880000114440918,4.949999809265137,4.820000171661377,4.889999866485596,25000,0,0.0
2018-01-05,4.909999847412109,4.909999847412109,4.796000003814697,4.820000171661377,4600,0,0.0
2018-01-08,4.809999942779541,4.889999866485596,4.570000171661377,4.605000019073486,23400,0,0.0
2018-01-09,4.599999904632568,4.699999809265137,4.5,4.550000190734863,28600,0,0.0
2018-01-10,4.489999771118164,4.59499979019165,4.21999979019165,4.409999847412109,31100,0,0.0
2018-01-11,4.420000076293945,4.480000019073486,4.349999904632568,4.429999828338623,14400,0,0.0
2018-01-12,4.349999904632568,4.449999809265137,4.320000171661377,4.349999904632568,54200,0,0.0
2018-01-16,4.300000190734863,4.480000019073486,4.099999904632568,4.199999809265137,48700,0,0.0
2018-01-17,4.190000057220459,4.619999885559082,4.190000057220459,4.400000095367432,18800,0,0.0
2018-01-18,4.409999847412109,4.614999771118164,4.385000228881836,4.429999828338623,27100,0,0.0
2018-01-19,4.420000076293945,4.559999942779541,4.394000053405762,4.550000190734863,41600,0,0.0
2018-01-22,4.510000228881836,4.659999847412109,4.510000228881836,4.659999847412109,12600,0,0.0
2018-01-23,4.659999847412109,4.659999847412109,4.580999851226807,4.639999866485596,12600,0,0.0
2018-01-24,4.650000095367432,4.880000114440918,4.550000190734863,4.550000190734863,21600,0,0.0
2018-01-25,4.573999881744385,4.730000019073486,4.510000228881836,4.690000057220459,36100,0,0.0
2018-01-26,4.690000057220459,4.840000152587891,4.670000076293945,4.840000152587891,19600,0,0.0
2018-01-29,4.730000019073486,4.909999847412109,4.550000190734863,4.559999942779541,39800,0,0.0
2018-01-30,4.550000190734863,4.659999847412109,4.489999771118164,4.550000190734863,20100,0,0.0
2018-01-31,4.539999961853027,4.539999961853027,4.389999866485596,4.440000057220459,20300,0,0.0
2018-02-01,4.440000057220459,4.489999771118164,4.360000133514404,4.420000076293945,15500,0,0.0
2018-02-02,4.360000133514404,4.440000057220459,4.250999927520752,4.440000057220459,17000,0,0.0
2018-02-05,4.380000114440918,4.380000114440918,4.135000228881836,4.28000020980835,21300,0,0.0
2018-02-06,4.159999847412109,4.349999904632568,4.130000114440918,4.300000190734863,38100,0,0.0
2018-02-07,4.260000228881836,4.579999923706055,4.255000114440918,4.489999771118164,16600,0,0.0
2018-02-08,4.599999904632568,4.599999904632568,3.88100004196167,3.930000066757202,63400,0,0.0
2018-02-09,3.9700000286102295,4.175000190734863,3.9100000858306885,3.990000009536743,39100,0,0.0
2018-02-12,3.990000009536743,4.239999771118164,3.990000009536743,4.139999866485596,17800,0,0.0
2018-02-13,4.130000114440918,4.264999866485596,4.127999782562256,4.230000019073486,18000,0,0.0
2018-02-14,4.210000038146973,4.210000038146973,4.070000171661377,4.190000057220459,26800,0,0.0
2018-02-15,4.190000057220459,4.289999961853027,4.059999942779541,4.25,54900,0,0.0
2018-02-16,4.190000057220459,4.285999774932861,4.110000133514404,4.139999866485596,22700,0,0.0
2018-02-20,4.139999866485596,4.309999942779541,3.9200000762939453,3.990000009536743,60100,0,0.0
2018-02-21,3.940000057220459,4.159999847412109,3.940000057220459,4.0,17800,0,0.0
2018-02-22,4.039999961853027,4.224999904632568,3.8499999046325684,3.9000000953674316,51600,0,0.0
2018-02-23,3.9100000858306885,4.099999904632568,3.9100000858306885,4.090000152587891,22400,0,0.0
2018-02-26,4.119999885559082,4.119999885559082,4.025000095367432,4.059999942779541,13000,0,0.0
2018-02-27,4.019999980926514,4.039999961853027,3.927999973297119,3.990000009536743,14800,0,0.0
2018-02-28,4.010000228881836,4.010000228881836,3.9600000381469727,3.9700000286102295,14800,0,0.0
2018-03-01,3.950000047683716,4.0,3.950000047683716,3.9800000190734863,26100,0,0.0
2018-03-02,3.9800000190734863,4.099999904632568,3.9630000591278076,4.079999923706055,32500,0,0.0
2018-03-05,4.079999923706055,4.25,4.050000190734863,4.119999885559082,20300,0,0.0
2018-03-06,4.119999885559082,4.238999843597412,4.119999885559082,4.150000095367432,14700,0,0.0
2018-03-07,4.110000133514404,4.23199987411499,4.039999961853027,4.139999866485596,15500,0,0.0
2018-03-08,4.119999885559082,4.199999809265137,4.119999885559082,4.159999847412109,9000,0,0.0
2018-03-09,4.170000076293945,4.170000076293945,4.099999904632568,4.110000133514404,8900,0,0.0
2018-03-12,4.099999904632568,4.184999942779541,4.050000190734863,4.099999904632568,23200,0,0.0
2018-03-13,4.119999885559082,4.195000171661377,4.079999923706055,4.170000076293945,18100,0,0.0
2018-03-14,4.179999828338623,4.239999771118164,4.140999794006348,4.179999828338623,22000,0,0.0
2018-03-15,4.150000095367432,4.210000038146973,4.0,4.0,40500,0,0.0
2018-03-16,4.050000190734863,4.0920000076293945,4.010000228881836,4.050000190734863,11500,0,0.0
2018-03-19,4.059999942779541,4.099999904632568,4.059999942779541,4.090000152587891,15700,0,0.0
2018-03-20,4.079999923706055,4.110000133514404,4.0,4.070000171661377,16600,0,0.0
2018-03-21,4.050000190734863,4.050000190734863,4.0,4.0,19700,0,0.0
2018-03-22,4.0,4.0,3.9100000858306885,3.9600000381469727,25700,0,0.0
2018-03-23,3.938999891281128,3.950000047683716,3.9100000858306885,3.940000057220459,6500,0,0.0
2018-03-26,3.950000047683716,3.950000047683716,3.569999933242798,3.700000047683716,58400,0,0.0
2018-03-27,3.7200000286102295,3.8299999237060547,3.619999885559082,3.619999885559082,30000,0,0.0
2018-03-28,3.680000066757202,3.680000066757202,3.619999885559082,3.640000104904175,31700,0,0.0
2018-03-29,3.640000104904175,3.690000057220459,3.609999895095825,3.609999895095825,19500,0,0.0
2018-04-02,3.7100000381469727,3.7100000381469727,3.549999952316284,3.5799999237060547,35100,0,0.0
2018-04-03,3.5,3.619999885559082,3.3499999046325684,3.3499999046325684,47300,0,0.0
2018-04-04,3.25,3.430000066757202,3.2009999752044678,3.3499999046325684,67300,0,0.0
2018-04-05,3.369999885559082,3.5,3.369999885559082,3.430000066757202,20300,0,0.0
2018-04-06,3.450000047683716,3.5999999046325684,3.450000047683716,3.5799999237060547,36800,0,0.0
2018-04-09,3.569999933242798,3.806999921798706,3.569999933242798,3.7899999618530273,25800,0,0.0
2018-04-10,3.8499999046325684,3.9000000953674316,3.744999885559082,3.8399999141693115,26400,0,0.0
2018-04-11,3.869999885559082,3.9000000953674316,3.819999933242798,3.890000104904175,14000,0,0.0
2018-04-12,3.8399999141693115,3.9000000953674316,3.8399999141693115,3.8399999141693115,12500,0,0.0
2018-04-13,3.950000047683716,4.0,3.859999895095825,4.0,20900,0,0.0
2018-04-16,3.990000009536743,3.990000009536743,3.821000099182129,3.8299999237060547,9100,0,0.0
2018-04-17,3.8399999141693115,3.950000047683716,3.8399999141693115,3.9100000858306885,12700,0,0.0
2018-04-18,3.9200000762939453,3.9800000190734863,3.8010001182556152,3.880000114440918,39000,0,0.0
2018-04-19,3.880000114440918,3.890000104904175,3.7699999809265137,3.8350000381469727,18500,0,0.0
2018-04-20,3.8399999141693115,3.880000114440918,3.7300000190734863,3.859999895095825,15300,0,0.0
2018-04-23,3.8499999046325684,3.9000000953674316,3.7899999618530273,3.7899999618530273,12400,0,0.0
2018-04-24,3.8299999237060547,3.8499999046325684,3.7200000286102295,3.8299999237060547,10400,0,0.0
2018-04-25,3.819999933242798,3.890000104904175,3.7009999752044678,3.8499999046325684,17300,0,0.0
2018-04-26,3.799999952316284,3.880000114440918,3.680000066757202,3.740000009536743,8800,0,0.0
2018-04-27,3.75,3.9000000953674316,3.75,3.9000000953674316,9700,0,0.0
2018-04-30,3.9000000953674316,3.9000000953674316,3.7799999713897705,3.7899999618530273,12500,0,0.0
2018-05-01,3.759999990463257,3.819000005722046,3.700000047683716,3.7300000190734863,17100,0,0.0
2018-05-02,3.7300000190734863,3.990000009536743,3.7300000190734863,3.940000057220459,10100,0,0.0
2018-05-03,3.940000057220459,3.990000009536743,3.809999942779541,3.8399999141693115,12200,0,0.0
2018-05-04,3.881999969482422,3.9189999103546143,3.7300000190734863,3.859999895095825,8100,0,0.0
2018-05-07,3.8399999141693115,3.990000009536743,3.809999942779541,3.9100000858306885,19800,0,0.0
2018-05-08,3.940000057220459,4.189000129699707,3.865999937057495,4.03000020980835,37100,0,0.0
2018-05-09,4.048999786376953,4.079999923706055,3.990000009536743,4.0,33300,0,0.0
2018-05-10,4.199999809265137,4.559999942779541,4.175000190734863,4.559999942779541,60900,0,0.0
2018-05-11,4.650000095367432,4.75,4.510000228881836,4.670000076293945,93700,0,0.0
2018-05-14,4.679999828338623,4.820000171661377,4.679999828338623,4.75,31700,0,0.0
2018-05-15,4.75,4.78000020980835,4.610000133514404,4.639999866485596,67400,0,0.0
2018-05-16,4.670000076293945,4.739999771118164,4.579999923706055,4.579999923706055,60400,0,0.0
2018-05-17,4.5,4.840000152587891,4.460000038146973,4.75,51100,0,0.0
2018-05-18,4.690000057220459,4.849999904632568,4.690000057220459,4.840000152587891,24000,0,0.0
2018-05-21,4.849999904632568,4.849999904632568,4.599999904632568,4.809999942779541,48000,0,0.0
2018-05-22,4.789999961853027,4.849999904632568,4.789999961853027,4.809999942779541,38700,0,0.0
2018-05-23,4.809999942779541,4.980000019073486,4.75,4.789999961853027,35900,0,0.0
2018-05-24,4.78000020980835,4.820000171661377,4.735000133514404,4.800000190734863,26300,0,0.0
2018-05-25,4.789999961853027,4.809999942779541,4.75,4.800000190734863,37400,0,0.0
2018-05-29,4.800000190734863,4.809999942779541,4.701000213623047,4.800000190734863,50300,0,0.0
2018-05-30,4.800000190734863,4.820000171661377,4.75,4.769999980926514,34900,0,0.0
2018-05-31,4.78000020980835,4.820000171661377,4.769999980926514,4.789999961853027,40400,0,0.0
2018-06-01,4.789999961853027,4.820000171661377,4.789999961853027,4.795000076293945,57900,0,0.0
2018-06-04,4.800000190734863,4.820000171661377,4.789999961853027,4.789999961853027,77800,0,0.0
2018-06-05,4.809999942779541,4.949999809265137,4.800000190734863,4.889999866485596,86800,0,0.0
2018-06-06,4.920000076293945,5.25,4.840000152587891,5.199999809265137,87000,0,0.0
2018-06-07,5.25,5.25,5.010000228881836,5.190000057220459,102700,0,0.0
2018-06-08,5.199999809265137,5.25,5.139999866485596,5.210000038146973,78100,0,0.0
2018-06-11,5.210000038146973,5.785999774932861,5.210000038146973,5.349999904632568,195000,0,0.0
2018-06-12,5.380000114440918,5.510000228881836,5.349999904632568,5.46999979019165,44400,0,0.0
2018-06-13,5.46999979019165,5.519999980926514,5.420000076293945,5.489999771118164,65300,0,0.0
2018-06-14,5.480000019073486,5.590000152587891,5.435999870300293,5.489999771118164,27700,0,0.0
2018-06-15,5.440000057220459,5.510000228881836,5.400000095367432,5.440000057220459,24700,0,0.0
2018-06-18,5.400000095367432,5.46999979019165,5.35099983215332,5.400000095367432,33300,0,0.0
2018-06-19,5.380000114440918,5.440000057220459,5.360000133514404,5.400000095367432,18500,0,0.0
2018-06-20,5.429999828338623,5.510000228881836,5.409999847412109,5.480000019073486,37200,0,0.0
2018-06-21,5.489999771118164,5.519999980926514,5.480000019073486,5.510000228881836,48600,0,0.0
2018-06-22,5.5,5.510000228881836,5.420000076293945,5.480000019073486,38600,0,0.0
2018-06-25,5.480000019073486,5.510000228881836,5.421999931335449,5.46999979019165,23100,0,0.0
2018-06-26,5.46999979019165,5.550000190734863,5.420000076293945,5.46999979019165,185800,0,0.0
2018-06-27,5.5,5.849999904632568,5.5,5.800000190734863,213900,0,0.0
2018-06-28,5.800000190734863,6.449999809265137,5.650000095367432,6.414999961853027,245700,0,0.0
2018-06-29,6.409999847412109,6.840000152587891,6.139999866485596,6.369999885559082,168600,0,0.0
2018-07-02,6.429999828338623,6.429999828338623,6.0,6.329999923706055,117100,0,0.0
2018-07-03,6.320000171661377,6.880000114440918,6.201000213623047,6.679999828338623,189700,0,0.0
2018-07-05,6.5,7.389999866485596,6.40500020980835,7.21999979019165,285100,0,0.0
2018-07-06,7.400000095367432,8.449999809265137,7.389999866485596,8.4399995803833,466800,0,0.0
2018-07-09,8.449999809265137,8.770000457763672,7.610000133514404,8.760000228881836,346900,0,0.0
2018-07-10,8.760000228881836,8.899999618530273,8.399999618530273,8.819999694824219,164300,0,0.0
2018-07-11,8.760000228881836,8.760000228881836,8.34000015258789,8.6899995803833,105500,0,0.0
2018-07-12,8.5600004196167,8.760000228881836,8.350000381469727,8.739999771118164,110900,0,0.0
2018-07-13,8.760000228881836,9.520000457763672,8.550000190734863,9.34000015258789,388800,0,0.0
2018-07-16,9.630000114440918,10.289999961853027,9.0600004196167,9.579999923706055,588800,0,0.0
2018-07-17,9.5600004196167,10.0,9.5600004196167,10.0,231000,0,0.0
2018-07-18,10.0,10.880000114440918,9.979999542236328,10.449999809265137,354300,0,0.0
2018-07-19,10.449999809265137,10.859999656677246,10.0,10.430000305175781,279200,0,0.0
2018-07-20,10.510000228881836,10.770000457763672,9.8100004196167,9.880000114440918,445900,0,0.0
2018-07-23,10.0,10.329999923706055,9.899999618530273,10.260000228881836,162100,0,0.0
2018-07-24,10.279999732971191,10.279999732971191,10.0,10.15999984741211,99300,0,0.0
2018-07-25,10.100000381469727,10.489999771118164,9.569999694824219,9.770000457763672,262200,0,0.0
2018-07-26,9.670000076293945,10.149999618530273,9.569000244140625,9.880000114440918,239500,0,0.0
2018-07-27,9.890000343322754,9.90999984741211,9.510000228881836,9.699999809265137,116300,0,0.0
2018-07-30,9.649999618530273,9.649999618530273,8.4399995803833,9.140000343322754,420100,0,0.0
2018-07-31,9.0,9.850000381469727,8.899999618530273,9.65999984741211,181200,0,0.0
2018-08-01,9.630000114440918,10.100000381469727,9.289999961853027,9.859999656677246,178700,0,0.0
2018-08-02,9.800000190734863,10.100000381469727,9.510000228881836,9.739999771118164,101800,0,0.0
2018-08-03,9.8100004196167,10.0,9.680000305175781,9.930000305175781,61200,0,0.0
2018-08-06,9.899999618530273,10.079999923706055,9.642000198364258,9.930000305175781,113600,0,0.0
2018-08-07,9.979999542236328,10.989999771118164,9.930000305175781,10.5,416300,0,0.0
2018-08-08,10.539999961853027,10.699999809265137,10.229999542236328,10.380000114440918,196000,0,0.0
2018-08-09,10.390000343322754,10.880000114440918,10.350000381469727,10.760000228881836,203400,0,0.0
2018-08-10,10.770000457763672,11.399999618530273,10.770000457763672,11.329999923706055,307700,0,0.0
2018-08-13,11.399999618530273,12.1899995803833,9.100000381469727,9.800000190734863,857200,0,0.0
2018-08-14,9.880000114440918,10.260000228881836,9.59000015258789,9.970000267028809,172500,0,0.0
2018-08-15,10.010000228881836,10.010000228881836,9.300000190734863,9.430000305175781,144800,0,0.0
2018-08-16,10.0,11.25,9.75,11.199999809265137,705600,0,0.0
2018-08-17,11.149999618530273,11.800999641418457,11.09000015258789,11.539999961853027,477500,0,0.0
2018-08-20,11.229999542236328,11.600000381469727,10.550000190734863,11.460000038146973,347300,0,0.0
2018-08-21,11.470000267028809,11.678000450134277,11.350000381469727,11.520000457763672,137400,0,0.0
2018-08-22,11.59000015258789,11.59000015258789,11.149999618530273,11.34000015258789,87200,0,0.0
2018-08-23,11.319999694824219,11.350000381469727,10.960000038146973,11.1899995803833,84500,0,0.0
2018-08-24,11.1899995803833,11.34000015258789,10.930000305175781,11.149999618530273,82900,0,0.0
2018-08-27,11.199999809265137,11.239999771118164,10.729999542236328,11.050000190734863,192200,0,0.0
2018-08-28,11.09000015258789,11.649999618530273,10.960000038146973,11.520000457763672,271300,0,0.0
2018-08-29,11.670000076293945,12.34000015258789,11.649999618530273,12.050000190734863,373900,0,0.0
2018-08-30,12.09000015258789,12.369000434875488,11.819999694824219,11.890000343322754,181500,0,0.0
2018-08-31,11.869999885559082,12.800000190734863,11.829999923706055,12.5600004196167,279500,0,0.0
2018-09-04,12.710000038146973,13.289999961853027,12.5600004196167,12.789999961853027,352900,0,0.0
2018-09-05,12.800000190734863,12.946000099182129,12.449999809265137,12.569999694824219,143400,0,0.0
2018-09-06,12.569999694824219,13.239999771118164,12.510000228881836,13.020000457763672,178200,0,0.0
2018-09-07,13.0,13.199999809265137,12.550000190734863,12.649999618530273,130900,0,0.0
2018-09-10,12.65999984741211,12.779999732971191,12.260000228881836,12.4399995803833,120600,0,0.0
2018-09-11,12.390000343322754,12.8100004196167,12.256999969482422,12.640000343322754,137300,0,0.0
2018-09-12,12.680000305175781,12.729999542236328,12.010000228881836,12.199999809265137,160500,0,0.0
2018-09-13,12.220000267028809,12.649999618530273,12.220000267028809,12.479999542236328,152100,0,0.0
2018-09-14,12.529999732971191,12.949999809265137,12.524999618530273,12.899999618530273,158500,0,0.0
2018-09-17,12.899999618530273,13.0,12.399999618530273,12.479999542236328,171600,0,0.0
2018-09-18,12.359999656677246,12.614999771118164,12.149999618530273,12.199999809265137,243400,0,0.0
2018-09-19,11.930000305175781,11.994999885559082,10.5,10.59000015258789,539400,0,0.0
2018-09-20,10.59000015258789,11.75,10.59000015258789,11.579999923706055,198300,0,0.0
2018-09-21,11.59000015258789,11.930000305175781,11.0,11.930000305175781,332200,0,0.0
2018-09-24,11.720000267028809,11.880000114440918,11.119999885559082,11.65999984741211,134800,0,0.0
2018-09-25,11.75,11.899999618530273,11.470000267028809,11.649999618530273,88200,0,0.0
2018-09-26,11.640000343322754,11.640000343322754,11.170000076293945,11.229999542236328,84400,0,0.0
2018-09-27,11.239999771118164,11.460000038146973,11.0,11.40999984741211,128200,0,0.0
2018-09-28,11.399999618530273,11.4399995803833,10.960000038146973,10.989999771118164,120100,0,0.0
2018-10-01,10.979999542236328,11.15999984741211,10.630000114440918,10.869999885559082,173800,0,0.0
2018-10-02,10.869999885559082,10.869999885559082,10.59000015258789,10.789999961853027,108700,0,0.0
2018-10-03,10.779999732971191,11.329999923706055,10.760000228881836,11.3100004196167,81400,0,0.0
2018-10-04,11.3100004196167,11.479999542236328,10.61299991607666,10.760000228881836,79100,0,0.0
2018-10-05,10.8100004196167,10.9399995803833,10.300000190734863,10.600000381469727,74300,0,0.0
2018-10-08,10.59000015258789,10.710000038146973,9.899999618530273,10.220000267028809,151600,0,0.0
2018-10-09,10.220000267028809,10.979999542236328,10.149999618530273,10.829999923706055,164900,0,0.0
2018-10-10,10.829999923706055,10.979999542236328,10.359999656677246,10.369999885559082,84400,0,0.0
2018-10-11,10.319999694824219,10.430000305175781,9.902999877929688,10.0600004196167,88500,0,0.0
2018-10-12,10.270000457763672,10.770000457763672,10.140000343322754,10.579999923706055,121300,0,0.0
2018-10-15,10.5600004196167,10.652000427246094,10.140000343322754,10.470000267028809,49100,0,0.0
2018-10-16,10.539999961853027,10.949999809265137,10.539999961853027,10.890000343322754,42500,0,0.0
2018-10-17,10.84000015258789,10.949999809265137,10.61400032043457,10.880000114440918,52600,0,0.0
2018-10-18,10.869999885559082,10.930000305175781,10.220000267028809,10.399999618530273,111200,0,0.0
2018-10-19,10.5,10.670000076293945,10.15999984741211,10.279999732971191,81200,0,0.0
2018-10-22,10.399999618530273,11.079999923706055,10.279999732971191,10.789999961853027,146600,0,0.0
2018-10-23,10.649999618530273,10.869999885559082,10.399999618530273,10.699999809265137,82800,0,0.0
2018-10-24,10.710000038146973,10.899999618530273,10.4350004196167,10.65999984741211,56700,0,0.0
2018-10-25,10.670000076293945,10.979999542236328,10.619999885559082,10.899999618530273,102500,0,0.0
2018-10-26,10.760000228881836,10.99899959564209,10.65999984741211,10.859999656677246,50500,0,0.0
2018-10-29,10.960000038146973,11.289999961853027,10.8100004196167,11.0,84100,0,0.0
2018-10-30,10.989999771118164,11.390000343322754,10.913999557495117,11.329999923706055,67000,0,0.0
2018-10-31,11.329999923706055,11.489999771118164,10.800000190734863,11.010000228881836,76300,0,0.0
2018-11-01,11.1899995803833,11.3100004196167,11.050999641418457,11.270000457763672,70500,0,0.0
2018-11-02,11.489999771118164,11.489999771118164,11.020000457763672,11.289999961853027,128800,0,0.0
2018-11-05,11.239999771118164,11.3100004196167,10.640000343322754,10.949999809265137,131400,0,0.0
2018-11-06,10.84000015258789,12.0,10.59000015258789,11.979999542236328,192700,0,0.0
2018-11-07,11.979999542236328,12.75,11.619999885559082,12.220000267028809,206900,0,0.0
2018-11-08,12.210000038146973,12.4399995803833,11.75,11.930000305175781,61000,0,0.0
2018-11-09,11.920000076293945,11.930000305175781,11.640000343322754,11.850000381469727,42100,0,0.0
2018-11-12,11.859999656677246,11.989999771118164,11.699999809265137,11.890000343322754,47200,0,0.0
2018-11-13,11.979999542236328,12.5600004196167,11.920000076293945,12.270000457763672,111900,0,0.0
2018-11-14,12.270000457763672,12.399999618530273,12.010000228881836,12.050000190734863,73400,0,0.0
2018-11-15,12.039999961853027,12.279999732971191,11.520000457763672,11.579999923706055,54800,0,0.0
2018-11-16,11.5,11.732999801635742,11.039999961853027,11.420000076293945,101600,0,0.0
2018-11-19,11.40999984741211,11.609999656677246,11.180000305175781,11.399999618530273,75700,0,0.0
2018-11-20,11.229999542236328,11.869999885559082,11.0600004196167,11.640000343322754,127800,0,0.0
2018-11-21,11.649999618530273,12.25,11.506999969482422,12.149999618530273,80100,0,0.0
2018-11-23,12.100000381469727,12.100000381469727,11.710000038146973,11.84000015258789,68200,0,0.0
2018-11-26,11.850000381469727,12.0,11.619999885559082,11.949999809265137,56900,0,0.0
2018-11-27,11.949999809265137,12.239999771118164,11.779999732971191,11.90999984741211,93500,0,0.0
2018-11-28,11.989999771118164,12.1899995803833,11.90999984741211,11.930000305175781,93100,0,0.0
2018-11-29,11.9399995803833,13.449999809265137,11.9399995803833,13.34000015258789,512700,0,0.0
2018-11-30,13.489999771118164,14.380000114440918,13.0,13.420000076293945,434500,0,0.0
2018-12-03,13.75,14.529999732971191,13.75,14.399999618530273,323000,0,0.0
2018-12-04,14.399999618530273,14.949999809265137,14.270000457763672,14.649999618530273,283100,0,0.0
2018-12-06,14.34000015258789,14.609999656677246,12.460000038146973,14.359999656677246,375900,0,0.0
2018-12-07,14.220000267028809,14.5,13.70199966430664,14.069999694824219,145400,0,0.0
2018-12-10,14.0600004196167,14.369999885559082,13.0,14.34000015258789,250600,0,0.0
2018-12-11,14.399999618530273,15.5,14.0600004196167,14.149999618530273,400400,0,0.0
2018-12-12,14.399999618530273,15.149999618530273,14.399999618530273,14.869999885559082,206200,0,0.0
2018-12-13,14.869999885559082,15.130000114440918,14.359999656677246,14.539999961853027,106900,0,0.0
2018-12-14,14.510000228881836,15.0,14.140000343322754,14.239999771118164,203300,0,0.0
2018-12-17,14.25,14.40999984741211,13.380000114440918,13.460000038146973,137400,0,0.0
2018-12-18,13.460000038146973,14.109999656677246,13.460000038146973,13.520000457763672,111100,0,0.0
2018-12-19,13.5,13.930000305175781,13.239999771118164,13.300000190734863,80300,0,0.0
2018-12-20,13.220000267028809,13.444999694824219,11.949999809265137,12.220000267028809,185200,0,0.0
2018-12-21,12.170000076293945,12.494999885559082,11.670000076293945,11.850000381469727,156600,0,0.0
2018-12-24,11.84000015258789,11.9399995803833,11.5,11.920000076293945,82900,0,0.0
2018-12-26,11.880000114440918,12.829999923706055,11.880000114440918,12.569999694824219,93900,0,0.0
2018-12-27,12.550000190734863,12.668999671936035,12.09000015258789,12.289999961853027,63400,0,0.0
2018-12-28,12.300000190734863,13.149999618530273,12.100000381469727,13.0600004196167,126000,0,0.0
2018-12-31,13.039999961853027,13.729999542236328,12.817000389099121,13.1899995803833,119700,0,0.0
2019-01-02,12.920000076293945,13.239999771118164,12.869999885559082,12.989999771118164,60200,0,0.0
2019-01-03,12.960000038146973,12.970000267028809,12.121000289916992,12.539999961853027,86500,0,0.0
2019-01-04,12.699999809265137,13.239999771118164,12.612000465393066,13.079999923706055,95500,0,0.0
2019-01-07,13.020000457763672,13.760000228881836,12.960000038146973,13.6899995803833,123300,0,0.0
2019-01-08,13.899999618530273,14.350000381469727,13.859999656677246,14.3100004196167,119800,0,0.0
2019-01-09,14.619999885559082,14.843000411987305,13.229999542236328,13.369999885559082,190600,0,0.0
2019-01-10,13.210000038146973,13.989999771118164,12.85099983215332,13.760000228881836,76600,0,0.0
2019-01-11,13.75,14.050000190734863,13.520000457763672,13.899999618530273,77400,0,0.0
2019-01-14,13.739999771118164,14.100000381469727,13.449999809265137,13.489999771118164,81000,0,0.0
2019-01-15,13.59000015258789,14.489999771118164,13.59000015258789,14.489999771118164,92900,0,0.0
2019-01-16,14.489999771118164,14.5,13.829999923706055,13.90999984741211,87000,0,0.0
2019-01-17,13.899999618530273,14.736000061035156,13.899999618530273,14.529999732971191,106200,0,0.0
2019-01-18,14.600000381469727,14.600000381469727,14.151000022888184,14.529999732971191,105500,0,0.0
2019-01-22,14.260000228881836,14.579999923706055,14.010000228881836,14.399999618530273,134200,0,0.0
2019-01-23,14.489999771118164,16.200000762939453,14.329999923706055,16.1200008392334,583300,0,0.0
2019-01-24,16.010000228881836,17.079999923706055,12.819999694824219,13.760000228881836,953400,0,0.0
2019-01-25,14.0,15.5,14.0,14.609999656677246,280400,0,0.0
2019-01-28,14.420000076293945,14.609999656677246,13.75,14.359999656677246,152900,0,0.0
2019-01-29,14.5,14.6899995803833,14.0600004196167,14.1899995803833,132600,0,0.0
2019-01-30,14.279999732971191,14.850000381469727,14.199999809265137,14.609999656677246,100900,0,0.0
2019-01-31,14.619999885559082,15.079999923706055,14.420000076293945,14.850000381469727,103500,0,0.0
2019-02-01,14.850000381469727,15.1899995803833,14.6899995803833,15.109999656677246,87100,0,0.0
2019-02-04,15.0600004196167,15.100000381469727,14.609999656677246,14.949999809265137,112200,0,0.0
2019-02-05,14.920000076293945,14.96500015258789,13.399999618530273,14.859999656677246,336100,0,0.0
2019-02-06,14.829999923706055,14.859999656677246,14.152999877929688,14.3100004196167,108600,0,0.0
2019-02-07,14.260000228881836,14.420000076293945,13.899999618530273,14.15999984741211,106400,0,0.0
2019-02-08,14.029999732971191,14.699999809265137,14.029999732971191,14.15999984741211,86000,0,0.0
2019-02-11,14.220000267028809,14.899999618530273,14.0,14.729999542236328,109300,0,0.0
2019-02-12,14.970000267028809,15.510000228881836,14.663000106811523,15.470000267028809,136300,0,0.0
2019-02-13,15.4399995803833,15.510000228881836,14.975000381469727,15.329999923706055,107600,0,0.0
2019-02-14,15.329999923706055,16.0,15.239999771118164,15.680000305175781,106700,0,0.0
2019-02-15,15.579999923706055,15.979999542236328,15.510000228881836,15.880000114440918,100100,0,0.0
2019-02-19,15.880000114440918,16.100000381469727,15.710000038146973,15.989999771118164,117100,0,0.0
2019-02-20,16.059999465942383,16.190000534057617,15.329999923706055,15.4399995803833,141400,0,0.0
2019-02-21,15.449999809265137,15.600000381469727,15.25,15.449999809265137,64600,0,0.0
2019-02-22,15.430000305175781,15.59000015258789,15.279999732971191,15.3100004196167,49000,0,0.0
2019-02-25,15.3100004196167,15.5,14.90999984741211,15.149999618530273,134800,0,0.0
2019-02-26,15.119999885559082,15.329999923706055,14.90999984741211,15.109999656677246,75500,0,0.0
2019-02-27,15.09000015258789,15.279999732971191,14.75,14.979999542236328,105800,0,0.0
2019-02-28,14.920000076293945,15.130000114440918,14.555999755859375,14.569999694824219,99400,0,0.0
2019-03-01,14.529999732971191,14.84000015258789,14.529999732971191,14.760000228881836,205900,0,0.0
2019-03-04,14.800000190734863,14.89900016784668,14.050000190734863,14.460000038146973,171500,0,0.0
2019-03-05,14.390000343322754,14.569999694824219,14.180000305175781,14.399999618530273,155000,0,0.0
2019-03-06,14.460000038146973,14.539999961853027,14.199999809265137,14.3100004196167,102900,0,0.0
2019-03-07,14.119999885559082,14.420000076293945,13.630000114440918,14.050000190734863,182500,0,0.0
2019-03-08,13.90999984741211,14.5600004196167,13.895999908447266,14.140000343322754,118500,0,0.0
2019-03-11,14.119999885559082,14.670000076293945,14.119999885559082,14.470000267028809,55200,0,0.0
2019-03-12,14.520000457763672,14.699000358581543,14.312999725341797,14.470000267028809,66400,0,0.0
2019-03-13,14.510000228881836,14.59000015258789,14.0,14.180000305175781,87800,0,0.0
2019-03-14,14.270000457763672,14.503999710083008,14.09000015258789,14.420000076293945,83300,0,0.0
2019-03-15,14.40999984741211,15.390000343322754,14.229999542236328,14.970000267028809,181800,0,0.0
2019-03-18,14.9399995803833,15.0,14.529999732971191,14.600000381469727,93100,0,0.0
2019-03-19,14.630000114440918,14.630000114440918,14.329999923706055,14.390000343322754,72900,0,0.0
2019-03-20,14.399999618530273,14.579999923706055,14.390000343322754,14.430000305175781,53400,0,0.0
2019-03-21,14.399999618530273,14.949999809265137,14.399999618530273,14.90999984741211,84000,0,0.0
2019-03-22,14.8100004196167,14.979999542236328,14.055999755859375,14.149999618530273,117800,0,0.0
2019-03-25,14.180000305175781,15.130000114440918,14.180000305175781,14.65999984741211,143900,0,0.0
2019-03-26,14.800000190734863,14.850000381469727,14.40999984741211,14.479999542236328,65900,0,0.0
2019-03-27,14.40999984741211,14.640000343322754,14.039999961853027,14.359999656677246,87100,0,0.0
2019-03-28,14.369999885559082,14.890000343322754,14.369999885559082,14.699999809265137,69600,0,0.0
2019-03-29,14.699999809265137,14.770000457763672,14.270000457763672,14.289999961853027,137200,0,0.0
2019-04-01,14.449999809265137,14.600000381469727,14.300000190734863,14.489999771118164,69000,0,0.0
2019-04-02,14.430000305175781,14.574999809265137,14.270000457763672,14.479999542236328,68600,0,0.0
2019-04-03,14.510000228881836,14.6850004196167,14.300000190734863,14.550000190734863,80300,0,0.0
2019-04-04,14.550000190734863,14.5600004196167,14.175000190734863,14.25,50500,0,0.0
2019-04-05,14.359999656677246,14.420000076293945,13.414999961853027,13.5600004196167,202600,0,0.0
2019-04-08,13.550000190734863,13.8100004196167,12.569999694824219,12.680000305175781,190100,0,0.0
2019-04-09,12.699999809265137,13.079999923706055,12.5,12.59000015258789,116300,0,0.0
2019-04-10,12.619999885559082,13.09000015258789,12.619999885559082,12.90999984741211,66900,0,0.0
2019-04-11,13.0,13.0,12.529999732971191,12.640000343322754,82600,0,0.0
2019-04-12,12.699999809265137,12.729999542236328,11.819999694824219,11.960000038146973,195600,0,0.0
2019-04-15,11.90999984741211,12.119999885559082,11.399999618530273,11.579999923706055,195900,0,0.0
2019-04-16,11.579999923706055,11.84000015258789,11.399999618530273,11.470000267028809,121800,0,0.0
2019-04-17,11.529999732971191,11.529999732971191,10.8100004196167,11.050000190734863,199200,0,0.0
2019-04-18,11.0,11.305000305175781,10.850000381469727,11.0600004196167,200400,0,0.0
2019-04-22,11.050000190734863,11.819999694824219,11.03499984741211,11.75,139700,0,0.0
2019-04-23,11.789999961853027,12.109999656677246,11.600000381469727,11.970000267028809,101000,0,0.0
2019-04-24,12.010000228881836,12.350000381469727,11.640000343322754,11.850000381469727,164500,0,0.0
2019-04-25,11.859999656677246,11.97700023651123,11.399999618530273,11.489999771118164,81100,0,0.0
2019-04-26,11.489999771118164,12.149999618530273,11.489999771118164,11.65999984741211,95000,0,0.0
2019-04-29,11.789999961853027,11.8100004196167,11.170000076293945,11.319999694824219,86100,0,0.0
2019-04-30,11.319999694824219,11.510000228881836,11.319999694824219,11.380000114440918,97800,0,0.0
2019-05-01,11.399999618530273,11.569999694824219,11.109999656677246,11.220000267028809,85200,0,0.0
2019-05-02,11.010000228881836,11.899999618530273,10.994999885559082,11.670000076293945,134100,0,0.0
2019-05-03,11.75,12.109999656677246,11.649999618530273,11.6899995803833,122300,0,0.0
2019-05-06,11.59000015258789,12.050000190734863,11.59000015258789,11.930000305175781,141800,0,0.0
2019-05-07,11.819999694824219,12.039999961853027,11.65999984741211,11.920000076293945,125900,0,0.0
2019-05-08,11.899999618530273,12.399999618530273,11.8100004196167,12.239999771118164,172800,0,0.0
2019-05-09,12.109999656677246,12.194000244140625,11.725000381469727,12.039999961853027,123700,0,0.0
2019-05-10,11.960000038146973,12.6899995803833,11.899999618530273,12.579999923706055,185500,0,0.0
2019-05-13,12.350000381469727,12.350000381469727,11.760000228881836,12.050000190734863,105300,0,0.0
2019-05-14,12.0600004196167,12.260000228881836,11.720000267028809,11.890000343322754,102400,0,0.0
2019-05-15,11.8100004196167,11.8100004196167,11.579999923706055,11.729999542236328,109300,0,0.0
2019-05-16,11.800000190734863,11.949999809265137,11.65999984741211,11.680000305175781,78100,0,0.0
2019-05-17,11.600000381469727,11.770000457763672,11.324999809265137,11.5,74400,0,0.0
2019-05-20,11.460000038146973,11.520000457763672,11.229999542236328,11.460000038146973,61500,0,0.0
2019-05-21,11.520000457763672,11.699999809265137,11.300000190734863,11.40999984741211,86300,0,0.0
2019-05-22,11.399999618530273,11.59000015258789,11.270000457763672,11.289999961853027,58100,0,0.0
2019-05-23,11.210000038146973,11.319999694824219,11.050000190734863,11.119999885559082,71400,0,0.0
2019-05-24,11.119999885559082,11.239999771118164,11.039999961853027,11.210000038146973,43600,0,0.0
2019-05-28,11.149999618530273,11.270000457763672,11.010000228881836,11.079999923706055,70500,0,0.0
2019-05-29,11.010000228881836,11.130000114440918,10.642000198364258,11.050000190734863,89500,0,0.0
2019-05-30,11.050000190734863,11.380000114440918,11.050000190734863,11.260000228881836,71200,0,0.0
2019-05-31,11.130000114440918,11.3100004196167,10.84000015258789,11.220000267028809,118600,0,0.0
2019-06-03,11.15999984741211,11.420000076293945,11.0600004196167,11.239999771118164,98900,0,0.0
2019-06-04,11.300000190734863,11.550000190734863,11.204999923706055,11.529999732971191,74400,0,0.0
2019-06-05,11.59000015258789,11.859999656677246,11.319999694824219,11.350000381469727,87100,0,0.0
2019-06-06,11.34000015258789,11.5,11.210000038146973,11.300000190734863,44900,0,0.0
2019-06-07,11.289999961853027,11.680000305175781,11.289999961853027,11.520000457763672,83500,0,0.0
2019-06-10,11.380000114440918,11.57800006866455,10.640000343322754,10.680000305175781,112000,0,0.0
2019-06-11,10.670000076293945,11.640000343322754,10.670000076293945,11.270000457763672,113600,0,0.0
2019-06-12,11.260000228881836,11.949999809265137,10.75,11.670000076293945,119900,0,0.0
2019-06-13,11.680000305175781,12.154999732971191,11.49899959564209,11.850000381469727,94500,0,0.0
2019-06-14,11.819999694824219,12.220000267028809,11.640000343322754,12.029999732971191,79900,0,0.0
2019-06-17,12.100000381469727,12.149999618530273,11.824999809265137,12.010000228881836,58000,0,0.0
2019-06-18,11.970000267028809,12.420000076293945,11.901000022888184,12.319999694824219,89100,0,0.0
2019-06-19,12.3100004196167,12.319999694824219,12.0600004196167,12.149999618530273,64300,0,0.0
2019-06-20,12.149999618530273,12.260000228881836,11.595000267028809,11.699999809265137,45200,0,0.0
2019-06-21,11.600000381469727,11.90999984741211,11.41100025177002,11.4399995803833,44100,0,0.0
2019-06-24,11.489999771118164,11.569999694824219,11.170000076293945,11.390000343322754,76600,0,0.0
2019-06-25,11.510000228881836,11.539999961853027,11.039999961853027,11.300000190734863,162600,0,0.0
2019-06-26,11.399999618530273,11.539999961853027,11.175999641418457,11.369999885559082,69200,0,0.0
2019-06-27,11.470000267028809,11.84000015258789,11.40999984741211,11.800000190734863,84500,0,0.0
2019-06-28,11.850000381469727,13.25,11.805000305175781,12.979999542236328,1936000,0,0.0
2019-07-01,13.229999542236328,13.979999542236328,12.970000267028809,13.359999656677246,299800,0,0.0
2019-07-02,13.460000038146973,13.600000381469727,13.149999618530273,13.520000457763672,115500,0,0.0
2019-07-03,13.520000457763672,13.520000457763672,13.09000015258789,13.180000305175781,66200,0,0.0
2019-07-05,13.069999694824219,13.149999618530273,12.875,12.979999542236328,80900,0,0.0
2019-07-08,12.8100004196167,12.949999809265137,12.40999984741211,12.529999732971191,93900,0,0.0
2019-07-09,12.539999961853027,12.609999656677246,11.899999618530273,12.350000381469727,110300,0,0.0
2019-07-10,12.470000267028809,12.720000267028809,12.239999771118164,12.279999732971191,85600,0,0.0
2019-07-11,12.329999923706055,12.329999923706055,11.869999885559082,12.09000015258789,61500,0,0.0
2019-07-12,12.0600004196167,12.366000175476074,11.800000190734863,12.069999694824219,67400,0,0.0
2019-07-15,12.029999732971191,12.104999542236328,11.579999923706055,11.770000457763672,76200,0,0.0
2019-07-16,11.800000190734863,11.949999809265137,11.579999923706055,11.619999885559082,76500,0,0.0
2019-07-17,11.619999885559082,11.649999618530273,11.369999885559082,11.510000228881836,105800,0,0.0
2019-07-18,11.529999732971191,11.529999732971191,11.029999732971191,11.0600004196167,99000,0,0.0
2019-07-19,11.0,11.140000343322754,10.619999885559082,10.859999656677246,173700,0,0.0
2019-07-22,10.970000267028809,11.300000190734863,10.869999885559082,11.25,231600,0,0.0
2019-07-23,11.25,11.364999771118164,11.050000190734863,11.220000267028809,63600,0,0.0
2019-07-24,11.15999984741211,11.470000267028809,11.039999961853027,11.430000305175781,74300,0,0.0
2019-07-25,11.4399995803833,11.479999542236328,11.020000457763672,11.1899995803833,53800,0,0.0
2019-07-26,11.119999885559082,11.359999656677246,11.012999534606934,11.3100004196167,69800,0,0.0
2019-07-29,11.359999656677246,11.399999618530273,11.100000381469727,11.199999809265137,40600,0,0.0
2019-07-30,11.199999809265137,11.300000190734863,11.010000228881836,11.270000457763672,83800,0,0.0
2019-07-31,11.289999961853027,11.770000457763672,11.255000114440918,11.600000381469727,116200,0,0.0
2019-08-01,11.510000228881836,11.59000015258789,11.0,11.119999885559082,83400,0,0.0
2019-08-02,11.010000228881836,11.239999771118164,10.850000381469727,11.239999771118164,81800,0,0.0
2019-08-05,10.970000267028809,11.140000343322754,10.630000114440918,10.800000190734863,80000,0,0.0
2019-08-06,10.829999923706055,11.100000381469727,10.729999542236328,11.039999961853027,81000,0,0.0
2019-08-07,10.890000343322754,11.09000015258789,10.869999885559082,10.960000038146973,46800,0,0.0
2019-08-08,11.010000228881836,11.09000015258789,10.850000381469727,10.890000343322754,40900,0,0.0
2019-08-09,10.930000305175781,10.989999771118164,10.6899995803833,10.8100004196167,78400,0,0.0
2019-08-12,10.800000190734863,10.890000343322754,10.670000076293945,10.859999656677246,58300,0,0.0
2019-08-13,10.829999923706055,11.0600004196167,10.805000305175781,10.970000267028809,30100,0,0.0
2019-08-14,10.850000381469727,11.25,10.833999633789062,11.119999885559082,74200,0,0.0
2019-08-15,11.40999984741211,12.899999618530273,11.324999809265137,12.479999542236328,252800,0,0.0
2019-08-16,12.520000457763672,12.520000457763672,11.614999771118164,11.680000305175781,106800,0,0.0
2019-08-19,11.829999923706055,12.149999618530273,11.5,11.850000381469727,80700,0,0.0
2019-08-20,11.890000343322754,11.914999961853027,11.520000457763672,11.640000343322754,53800,0,0.0
2019-08-21,11.789999961853027,11.972000122070312,11.694999694824219,11.75,48100,0,0.0
2019-08-22,11.789999961853027,11.989999771118164,11.670000076293945,11.859999656677246,49600,0,0.0
2019-08-23,11.789999961853027,11.899999618530273,11.319999694824219,11.399999618530273,38100,0,0.0
2019-08-26,11.5,11.770000457763672,11.4350004196167,11.699999809265137,58200,0,0.0
2019-08-27,11.770000457763672,12.064000129699707,11.569999694824219,11.770000457763672,62900,0,0.0
2019-08-28,11.65999984741211,12.399999618530273,11.65999984741211,12.149999618530273,96400,0,0.0
2019-08-29,12.199999809265137,12.319999694824219,11.979999542236328,12.039999961853027,31300,0,0.0
2019-08-30,12.0600004196167,12.220000267028809,12.039999961853027,12.15999984741211,47500,0,0.0
2019-09-03,11.949999809265137,12.350000381469727,11.949999809265137,12.069999694824219,59100,0,0.0
2019-09-04,12.119999885559082,12.199999809265137,11.960000038146973,12.15999984741211,52600,0,0.0
2019-09-05,12.15999984741211,12.470000267028809,12.032999992370605,12.25,118200,0,0.0
2019-09-06,12.289999961853027,12.4399995803833,12.149999618530273,12.180000305175781,33500,0,0.0
2019-09-09,12.350000381469727,12.640000343322754,12.170000076293945,12.369999885559082,68000,0,0.0
2019-09-10,12.34000015258789,13.180000305175781,12.210000038146973,13.010000228881836,86500,0,0.0
2019-09-11,12.90999984741211,13.819999694824219,12.77400016784668,13.6899995803833,155100,0,0.0
2019-09-12,13.619999885559082,13.699999809265137,13.170000076293945,13.300000190734863,61500,0,0.0
2019-09-13,13.319999694824219,13.472000122070312,13.0600004196167,13.100000381469727,51100,0,0.0
2019-09-16,12.960000038146973,13.380000114440918,12.911999702453613,13.289999961853027,65200,0,0.0
2019-09-17,13.289999961853027,13.609999656677246,13.109999656677246,13.380000114440918,77700,0,0.0
2019-09-18,13.460000038146973,13.460000038146973,13.010000228881836,13.260000228881836,53700,0,0.0
2019-09-19,13.260000228881836,13.800000190734863,13.260000228881836,13.630000114440918,55000,0,0.0
2019-09-20,13.670000076293945,13.9399995803833,13.369999885559082,13.9399995803833,180500,0,0.0
2019-09-23,13.65999984741211,14.130000114440918,13.65999984741211,14.079999923706055,116200,0,0.0
2019-09-24,13.9399995803833,14.199999809265137,13.930000305175781,14.079999923706055,99900,0,0.0
2019-09-25,14.079999923706055,14.640000343322754,13.949999809265137,14.600000381469727,141200,0,0.0
2019-09-26,14.600000381469727,14.930000305175781,14.25,14.319999694824219,161600,0,0.0
2019-09-27,14.4399995803833,14.869999885559082,14.020000457763672,14.100000381469727,101600,0,0.0
2019-09-30,14.220000267028809,14.300000190734863,13.649999618530273,13.699999809265137,307000,0,0.0
2019-10-01,13.649999618530273,14.0649995803833,13.380000114440918,13.569999694824219,110900,0,0.0
2019-10-02,13.6899995803833,13.789999961853027,13.430000305175781,13.539999961853027,76200,0,0.0
2019-10-03,13.520000457763672,13.914999961853027,13.260000228881836,13.710000038146973,98400,0,0.0
2019-10-04,13.640000343322754,13.930000305175781,13.640000343322754,13.84000015258789,55800,0,0.0
2019-10-07,13.829999923706055,14.600000381469727,13.699999809265137,13.720000267028809,180900,0,0.0
2019-10-08,13.630000114440918,13.654999732971191,13.270000457763672,13.479999542236328,181000,0,0.0
2019-10-09,13.489999771118164,14.079999923706055,13.489999771118164,13.930000305175781,80700,0,0.0
2019-10-10,13.90999984741211,14.289999961853027,13.90999984741211,14.119999885559082,68900,0,0.0
2019-10-11,14.199999809265137,14.399999618530273,13.920000076293945,14.029999732971191,84800,0,0.0
2019-10-14,14.050000190734863,14.380000114440918,14.050000190734863,14.25,70500,0,0.0
2019-10-15,14.239999771118164,14.369999885559082,13.630000114440918,13.930000305175781,203000,0,0.0
2019-10-16,13.920000076293945,14.399999618530273,13.789999961853027,14.390000343322754,115900,0,0.0
2019-10-17,14.399999618530273,14.800000190734863,14.279999732971191,14.390000343322754,195700,0,0.0
2019-10-18,14.350000381469727,14.574999809265137,14.149999618530273,14.210000038146973,81700,0,0.0
2019-10-21,14.359999656677246,14.829999923706055,14.1899995803833,14.770000457763672,205500,0,0.0
2019-10-22,14.800000190734863,14.979999542236328,14.6899995803833,14.920000076293945,137300,0,0.0
2019-10-23,14.9399995803833,15.149999618530273,14.57699966430664,14.850000381469727,171700,0,0.0
2019-10-24,14.869999885559082,15.0600004196167,14.5600004196167,14.600000381469727,78100,0,0.0
2019-10-25,14.5600004196167,14.920000076293945,14.529999732971191,14.649999618530273,76700,0,0.0
2019-10-28,14.600000381469727,14.954999923706055,14.239999771118164,14.579999923706055,86100,0,0.0
2019-10-29,14.5600004196167,14.59000015258789,14.289999961853027,14.40999984741211,69600,0,0.0
2019-10-30,14.489999771118164,14.489999771118164,13.850000381469727,14.199999809265137,58700,0,0.0
2019-10-31,14.130000114440918,14.279999732971191,12.850000381469727,13.5600004196167,152500,0,0.0
2019-11-01,13.739999771118164,14.0600004196167,13.5600004196167,13.789999961853027,111300,0,0.0
2019-11-04,13.970000267028809,14.770000457763672,13.920000076293945,14.569999694824219,145700,0,0.0
2019-11-05,14.449999809265137,15.0649995803833,14.449999809265137,14.8100004196167,151800,0,0.0
2019-11-06,14.699999809265137,14.920000076293945,14.600000381469727,14.829999923706055,71100,0,0.0
2019-11-07,14.760000228881836,14.843999862670898,14.34000015258789,14.59000015258789,77100,0,0.0
2019-11-08,14.59000015258789,14.720000267028809,14.430000305175781,14.5600004196167,82300,0,0.0
2019-11-11,14.510000228881836,14.640000343322754,14.390000343322754,14.5600004196167,59100,0,0.0
2019-11-12,14.579999923706055,14.619999885559082,14.09000015258789,14.239999771118164,79100,0,0.0
2019-11-13,14.239999771118164,14.489999771118164,14.15999984741211,14.260000228881836,86000,0,0.0
2019-11-14,14.15999984741211,14.399999618530273,14.15999984741211,14.270000457763672,64800,0,0.0
2019-11-15,14.34000015258789,14.34000015258789,14.055000305175781,14.170000076293945,63700,0,0.0
2019-11-18,14.15999984741211,14.449999809265137,14.09000015258789,14.100000381469727,51700,0,0.0
2019-11-19,14.149999618530273,14.4399995803833,14.0600004196167,14.3100004196167,67200,0,0.0
2019-11-20,14.25,14.489999771118164,14.100000381469727,14.3100004196167,87300,0,0.0
2019-11-21,14.319999694824219,14.6899995803833,14.25,14.619999885559082,73900,0,0.0
2019-11-22,14.630000114440918,14.760000228881836,14.4399995803833,14.680000305175781,49000,0,0.0
2019-11-25,14.6899995803833,15.074999809265137,14.649999618530273,15.039999961853027,108700,0,0.0
2019-11-26,15.109999656677246,15.239999771118164,14.760000228881836,14.789999961853027,85500,0,0.0
2019-11-27,14.850000381469727,15.050000190734863,14.789999961853027,14.859999656677246,56700,0,0.0
2019-11-29,14.920000076293945,15.140000343322754,14.899999618530273,15.069999694824219,35000,0,0.0
2019-12-02,15.039999961853027,15.100000381469727,14.819999694824219,14.960000038146973,28300,0,0.0
2019-12-03,14.920000076293945,15.239999771118164,14.770000457763672,15.09000015258789,113500,0,0.0
2019-12-04,15.09000015258789,15.25,15.050000190734863,15.170000076293945,60800,0,0.0
2019-12-05,15.09000015258789,15.239999771118164,15.09000015258789,15.199999809265137,103100,0,0.0
2019-12-06,15.199999809265137,15.350000381469727,15.050999641418457,15.25,95100,0,0.0
2019-12-09,15.270000457763672,15.5,15.109999656677246,15.329999923706055,58500,0,0.0
2019-12-10,15.329999923706055,15.449999809265137,15.3100004196167,15.399999618530273,32100,0,0.0
2019-12-11,15.390000343322754,15.5,15.15999984741211,15.479999542236328,57700,0,0.0
2019-12-12,15.460000038146973,15.880000114440918,15.359999656677246,15.680000305175781,105000,0,0.0
2019-12-13,15.529999732971191,15.869999885559082,15.479999542236328,15.760000228881836,88200,0,0.0
2019-12-16,15.850000381469727,16.34000015258789,15.600000381469727,15.630000114440918,110500,0,0.0
2019-12-17,15.600000381469727,15.930000305175781,15.539999961853027,15.819999694824219,78900,0,0.0
2019-12-18,15.819999694824219,15.979999542236328,15.649999618530273,15.859999656677246,58200,0,0.0
2019-12-19,15.850000381469727,15.954999923706055,15.600000381469727,15.729999542236328,53100,0,0.0
2019-12-20,15.8100004196167,15.880000114440918,15.460000038146973,15.65999984741211,89600,0,0.0
2019-12-23,15.569999694824219,15.670000076293945,15.289999961853027,15.420000076293945,52000,0,0.0
2019-12-24,15.279999732971191,15.529999732971191,15.010000228881836,15.350000381469727,39800,0,0.0
2019-12-26,15.350000381469727,15.430000305175781,15.140000343322754,15.279999732971191,37000,0,0.0
2019-12-27,15.319999694824219,15.670000076293945,15.25,15.479999542236328,58500,0,0.0
2019-12-30,15.520000457763672,15.75,15.414999961853027,15.640000343322754,34000,0,0.0
2019-12-31,15.649999618530273,15.859999656677246,15.510000228881836,15.609999656677246,159700,0,0.0
2020-01-02,15.640000343322754,15.649999618530273,15.215999603271484,15.420000076293945,53500,0,0.0
2020-01-03,15.239999771118164,15.475000381469727,15.0,15.34000015258789,72800,0,0.0
2020-01-06,15.279999732971191,15.824999809265137,15.210000038146973,15.470000267028809,65900,0,0.0
2020-01-07,15.470000267028809,15.699999809265137,15.380000114440918,15.550000190734863,44300,0,0.0
2020-01-08,15.420000076293945,15.670000076293945,15.380000114440918,15.539999961853027,70700,0,0.0
2020-01-09,15.600000381469727,15.927000045776367,15.569999694824219,15.739999771118164,94000,0,0.0
2020-01-10,15.779999732971191,16.0,15.59000015258789,15.619999885559082,113600,0,0.0
2020-01-13,15.5600004196167,15.670000076293945,15.270000457763672,15.600000381469727,94400,0,0.0
2020-01-14,15.449999809265137,15.65999984741211,15.289999961853027,15.510000228881836,71100,0,0.0
2020-01-15,15.520000457763672,15.760000228881836,15.470000267028809,15.569999694824219,66200,0,0.0
2020-01-16,15.579999923706055,15.850000381469727,15.458000183105469,15.529999732971191,82100,0,0.0
2020-01-17,15.630000114440918,15.739999771118164,15.40999984741211,15.670000076293945,103900,0,0.0
2020-01-21,15.520000457763672,15.600000381469727,15.350000381469727,15.529999732971191,89500,0,0.0
2020-01-22,15.539999961853027,15.649999618530273,15.270000457763672,15.529999732971191,67200,0,0.0
2020-01-23,15.539999961853027,15.699999809265137,15.399999618530273,15.430000305175781,66800,0,0.0
2020-01-24,15.460000038146973,15.609999656677246,15.100000381469727,15.25,94500,0,0.0
2020-01-27,15.010000228881836,15.449999809265137,15.0,15.100000381469727,80500,0,0.0
2020-01-28,15.15999984741211,15.180000305175781,14.859999656677246,15.050000190734863,76600,0,0.0
2020-01-29,15.739999771118164,17.25,15.699999809265137,16.959999084472656,486500,0,0.0
2020-01-30,16.780000686645508,17.25,16.760000228881836,16.81999969482422,224200,0,0.0
2020-01-31,16.829999923706055,16.950000762939453,16.290000915527344,16.3799991607666,176900,0,0.0
2020-02-03,16.489999771118164,16.489999771118164,15.75,15.829999923706055,102500,0,0.0
2020-02-04,15.90999984741211,16.07900047302246,15.380000114440918,15.460000038146973,97300,0,0.0
2020-02-05,15.600000381469727,16.09000015258789,15.539999961853027,15.819999694824219,54100,0,0.0
2020-02-06,15.84000015258789,15.960000038146973,15.609999656677246,15.6899995803833,71300,0,0.0
2020-02-07,15.609999656677246,15.869999885559082,15.510000228881836,15.789999961853027,75600,0,0.0
2020-02-10,15.779999732971191,16.059999465942383,15.770000457763672,15.859999656677246,36800,0,0.0
2020-02-11,15.880000114440918,15.930000305175781,15.699999809265137,15.829999923706055,49400,0,0.0
2020-02-12,15.869999885559082,15.960000038146973,15.675000190734863,15.829999923706055,65800,0,0.0
2020-02-13,15.84000015258789,16.139999389648438,15.800000190734863,15.84000015258789,85100,0,0.0
2020-02-14,15.84000015258789,15.960000038146973,15.588000297546387,15.710000038146973,85800,0,0.0
2020-02-18,15.649999618530273,15.890000343322754,15.619999885559082,15.6899995803833,45900,0,0.0
2020-02-19,15.680000305175781,15.800000190734863,15.399999618530273,15.619999885559082,88100,0,0.0
2020-02-20,15.529999732971191,15.539999961853027,15.15999984741211,15.199999809265137,93800,0,0.0
2020-02-21,15.229999542236328,15.335000038146973,14.5,14.630000114440918,93400,0,0.0
2020-02-24,14.5,14.574999809265137,14.210000038146973,14.260000228881836,74700,0,0.0
2020-02-25,14.239999771118164,14.416999816894531,13.8100004196167,14.050000190734863,88800,0,0.0
2020-02-26,14.050000190734863,14.170000076293945,13.65999984741211,13.789999961853027,54600,0,0.0
2020-02-27,13.390000343322754,13.5,12.3100004196167,12.329999923706055,140100,0,0.0
2020-02-28,12.050000190734863,12.4399995803833,11.640000343322754,11.90999984741211,106500,0,0.0
2020-03-02,11.869999885559082,12.770000457763672,11.869999885559082,12.670000076293945,115800,0,0.0
2020-03-03,12.699999809265137,12.887999534606934,12.229999542236328,12.4399995803833,94200,0,0.0
2020-03-04,12.619999885559082,13.25,12.59000015258789,13.140000343322754,82200,0,0.0
2020-03-05,13.0,13.270000457763672,12.710000038146973,13.1899995803833,119200,0,0.0
2020-03-06,12.770000457763672,12.979999542236328,12.51099967956543,12.899999618530273,81500,0,0.0
2020-03-09,12.130000114440918,12.479999542236328,11.675000190734863,12.020000457763672,94900,0,0.0
2020-03-10,12.3100004196167,12.529999732971191,11.579999923706055,11.9399995803833,93600,0,0.0
2020-03-11,11.800000190734863,11.930999755859375,11.029999732971191,11.34000015258789,90200,0,0.0
2020-03-12,10.850000381469727,10.850000381469727,9.5,9.510000228881836,153900,0,0.0
2020-03-13,10.0,10.510000228881836,9.40999984741211,9.630000114440918,127400,0,0.0
2020-03-16,8.720000267028809,9.130000114440918,7.820000171661377,7.909999847412109,145900,0,0.0
2020-03-17,8.010000228881836,8.680000305175781,7.921999931335449,8.640000343322754,123600,0,0.0
2020-03-18,8.260000228881836,8.449999809265137,7.75,8.119999885559082,107300,0,0.0
2020-03-19,8.079999923706055,10.220000267028809,8.0600004196167,9.350000381469727,140800,0,0.0
2020-03-20,9.380000114440918,10.0,9.109999656677246,9.420000076293945,173900,0,0.0
2020-03-23,9.800000190734863,10.199999809265137,9.210000038146973,9.880000114440918,88000,0,0.0
2020-03-24,10.319999694824219,10.609999656677246,9.59000015258789,10.609999656677246,83500,0,0.0
2020-03-25,10.920000076293945,11.279999732971191,10.0,10.449999809265137,77900,0,0.0
2020-03-26,11.010000228881836,11.180000305175781,10.300000190734863,11.140000343322754,106900,0,0.0
2020-03-27,10.9399995803833,11.442999839782715,10.220000267028809,10.220000267028809,79200,0,0.0
2020-03-30,10.350000381469727,10.680000305175781,10.265999794006348,10.680000305175781,61000,0,0.0
2020-03-31,10.680000305175781,10.90999984741211,9.760000228881836,10.300000190734863,202800,0,0.0
2020-04-01,10.09000015258789,10.329999923706055,9.779999732971191,10.25,75000,0,0.0
2020-04-02,10.279999732971191,10.680000305175781,10.010000228881836,10.479999542236328,137000,0,0.0
2020-04-03,10.479999542236328,10.84000015258789,9.84000015258789,10.710000038146973,105600,0,0.0
2020-04-06,10.869999885559082,11.390000343322754,10.557000160217285,11.229999542236328,81700,0,0.0
2020-04-07,11.470000267028809,11.470000267028809,10.130000114440918,10.470000267028809,89000,0,0.0
2020-04-08,10.760000228881836,11.239999771118164,10.59000015258789,11.020000457763672,70700,0,0.0
2020-04-09,11.329999923706055,11.979999542236328,10.680000305175781,11.84000015258789,99800,0,0.0
2020-04-13,11.289999961853027,11.5,10.859999656677246,11.260000228881836,104400,0,0.0
2020-04-14,11.600000381469727,11.880000114440918,11.095999717712402,11.640000343322754,46700,0,0.0
2020-04-15,11.430000305175781,12.699999809265137,11.329999923706055,11.920000076293945,141900,0,0.0
2020-04-16,11.979999542236328,12.15999984741211,11.170000076293945,11.979999542236328,71800,0,0.0
2020-04-17,12.15999984741211,12.979999542236328,12.069999694824219,12.800000190734863,93600,0,0.0
2020-04-20,12.8100004196167,13.199999809265137,12.604999542236328,12.880000114440918,66100,0,0.0
2020-04-21,12.539999961853027,13.039999961853027,12.4399995803833,12.779999732971191,49700,0,0.0
2020-04-22,13.039999961853027,13.0600004196167,12.628000259399414,12.9399995803833,26500,0,0.0
2020-04-23,13.020000457763672,13.220000267028809,12.859999656677246,13.079999923706055,56800,0,0.0
2020-04-24,13.140000343322754,13.199999809265137,13.0,13.0600004196167,32200,0,0.0
2020-04-27,13.119999885559082,13.210000038146973,12.520000457763672,12.859999656677246,44000,0,0.0
2020-04-28,13.0,16.1299991607666,12.819999694824219,15.680000305175781,463100,0,0.0
2020-04-29,15.770000457763672,16.579999923706055,15.510000228881836,16.229999542236328,272100,0,0.0
2020-04-30,16.049999237060547,16.600000381469727,15.380999565124512,15.5,152000,0,0.0
2020-05-01,15.25,16.25,15.09000015258789,16.1299991607666,112200,0,0.0
2020-05-04,15.979999542236328,16.350000381469727,15.6850004196167,16.010000228881836,117900,0,0.0
2020-05-05,16.34000015258789,17.09000015258789,16.030000686645508,16.540000915527344,241000,0,0.0
2020-05-06,16.190000534057617,16.190000534057617,15.0,15.0600004196167,242700,0,0.0
2020-05-07,15.239999771118164,15.6899995803833,14.960000038146973,14.970000267028809,181000,0,0.0
2020-05-08,15.319999694824219,15.6899995803833,15.069999694824219,15.229999542236328,79200,0,0.0
2020-05-11,15.229999542236328,15.5,15.071000099182129,15.239999771118164,100100,0,0.0
2020-05-12,15.239999771118164,15.300000190734863,14.649999618530273,14.710000038146973,80700,0,0.0
2020-05-13,14.640000343322754,14.829999923706055,14.039999961853027,14.289999961853027,100800,0,0.0
2020-05-14,14.09000015258789,14.140000343322754,13.569999694824219,13.979999542236328,78900,0,0.0
2020-05-15,13.920000076293945,14.59000015258789,13.8100004196167,14.449999809265137,68300,0,0.0
2020-05-18,14.649999618530273,14.75,14.050000190734863,14.420000076293945,99900,0,0.0
2020-05-19,14.380000114440918,14.710000038146973,13.9399995803833,13.9399995803833,48500,0,0.0
2020-05-20,14.0,14.600000381469727,13.949999809265137,14.460000038146973,54800,0,0.0
2020-05-21,14.4399995803833,14.489999771118164,14.079999923706055,14.369999885559082,45700,0,0.0
2020-05-22,14.350000381469727,14.770000457763672,14.289999961853027,14.75,61500,0,0.0
2020-05-26,14.989999771118164,15.300000190734863,14.774999618530273,14.880000114440918,121800,0,0.0
2020-05-27,15.130000114440918,15.5,14.699999809265137,15.40999984741211,90100,0,0.0
2020-05-28,15.460000038146973,15.649999618530273,15.010000228881836,15.170000076293945,65900,0,0.0
2020-05-29,15.09000015258789,15.420000076293945,14.779999732971191,15.3100004196167,36200,0,0.0
2020-06-01,15.279999732971191,15.489999771118164,15.017000198364258,15.119999885559082,98300,0,0.0
2020-06-02,15.069999694824219,15.40999984741211,15.020000457763672,15.09000015258789,47700,0,0.0
2020-06-03,15.220000267028809,15.420000076293945,14.819999694824219,15.34000015258789,85000,0,0.0
2020-06-04,15.270000457763672,15.34000015258789,15.060999870300293,15.1899995803833,56100,0,0.0
2020-06-05,15.350000381469727,15.960000038146973,15.305000305175781,15.890000343322754,169700,0,0.0
2020-06-08,15.890000343322754,16.229999542236328,15.140000343322754,15.220000267028809,184700,0,0.0
2020-06-09,15.020000457763672,15.760000228881836,14.800000190734863,15.380000114440918,91900,0,0.0
2020-06-10,15.399999618530273,15.53499984741211,14.899999618530273,14.970000267028809,89100,0,0.0
2020-06-11,14.710000038146973,14.859999656677246,13.899999618530273,13.979999542236328,103900,0,0.0
2020-06-12,14.479999542236328,14.600000381469727,14.0,14.479999542236328,69700,0,0.0
2020-06-15,14.109999656677246,14.550000190734863,14.0600004196167,14.539999961853027,69500,0,0.0
2020-06-16,14.600000381469727,14.729999542236328,14.109999656677246,14.550000190734863,87600,0,0.0
2020-06-17,14.609999656677246,14.859999656677246,14.050000190734863,14.119999885559082,89900,0,0.0
2020-06-18,14.140000343322754,14.229999542236328,13.779999732971191,13.829999923706055,68700,0,0.0
2020-06-19,14.069999694824219,14.390000343322754,13.8100004196167,13.880000114440918,168300,0,0.0
2020-06-22,13.949999809265137,14.0600004196167,13.609999656677246,13.6899995803833,48200,0,0.0
2020-06-23,13.75,14.0600004196167,13.630000114440918,13.75,83600,0,0.0
2020-06-24,13.619999885559082,13.854999542236328,13.0600004196167,13.140000343322754,78300,0,0.0
2020-06-25,13.100000381469727,13.25,12.720000267028809,12.819999694824219,89200,0,0.0
2020-06-26,12.819999694824219,12.829999923706055,12.210000038146973,12.210000038146973,165800,0,0.0
2020-06-29,12.3100004196167,13.244999885559082,12.229999542236328,12.930000305175781,110600,0,0.0
2020-06-30,12.979999542236328,13.579999923706055,12.630000114440918,13.520000457763672,102800,0,0.0
2020-07-01,13.630000114440918,13.720000267028809,13.369999885559082,13.579999923706055,51500,0,0.0
2020-07-02,13.789999961853027,14.15999984741211,13.734999656677246,14.140000343322754,48000,0,0.0
2020-07-06,14.4399995803833,14.4399995803833,12.319999694824219,12.65999984741211,229500,0,0.0
2020-07-07,12.510000228881836,13.270000457763672,12.510000228881836,13.029999732971191,81500,0,0.0
2020-07-08,13.0,13.270000457763672,12.819999694824219,13.260000228881836,83900,0,0.0
2020-07-09,13.1899995803833,13.329999923706055,12.649999618530273,12.739999771118164,59100,0,0.0
2020-07-10,12.75,12.989999771118164,12.680000305175781,12.770000457763672,41500,0,0.0
2020-07-13,12.859999656677246,13.619999885559082,12.710000038146973,13.300000190734863,128200,0,0.0
2020-07-14,13.15999984741211,13.539999961853027,13.140000343322754,13.380000114440918,39100,0,0.0
2020-07-15,13.40999984741211,13.8100004196167,13.34000015258789,13.720000267028809,85900,0,0.0
2020-07-16,13.65999984741211,13.789999961853027,13.399999618530273,13.569999694824219,42200,0,0.0
2020-07-17,13.5600004196167,13.899999618530273,13.420000076293945,13.460000038146973,48000,0,0.0
2020-07-20,13.3100004196167,13.739999771118164,13.3100004196167,13.510000228881836,49500,0,0.0
2020-07-21,13.670000076293945,13.800000190734863,13.40999984741211,13.510000228881836,30200,0,0.0
2020-07-22,13.4399995803833,13.5600004196167,13.180000305175781,13.220000267028809,64500,0,0.0
2020-07-23,13.229999542236328,13.5600004196167,13.180000305175781,13.3100004196167,26900,0,0.0
2020-07-24,13.369999885559082,13.369999885559082,13.09000015258789,13.180000305175781,31700,0,0.0
2020-07-27,13.220000267028809,13.444999694824219,13.220000267028809,13.300000190734863,26500,0,0.0
2020-07-28,13.210000038146973,13.34000015258789,13.010000228881836,13.010000228881836,49000,0,0.0
2020-07-29,13.09000015258789,13.279999732971191,12.960000038146973,13.119999885559082,30600,0,0.0
2020-07-30,12.9399995803833,13.430000305175781,12.739999771118164,13.359999656677246,91300,0,0.0
2020-07-31,13.300000190734863,13.39900016784668,12.8100004196167,12.84000015258789,44000,0,0.0
2020-08-03,12.899999618530273,13.020000457763672,12.649999618530273,12.930000305175781,38000,0,0.0
2020-08-04,12.770000457763672,12.960000038146973,12.770000457763672,12.800000190734863,40300,0,0.0
2020-08-05,12.970000267028809,13.270000457763672,12.970000267028809,13.270000457763672,49300,0,0.0
2020-08-06,13.069999694824219,13.399999618530273,13.069999694824219,13.399999618530273,38900,0,0.0
2020-08-07,13.390000343322754,13.569999694824219,13.239999771118164,13.5600004196167,27600,0,0.0
2020-08-10,13.550000190734863,13.649999618530273,13.279999732971191,13.329999923706055,40200,0,0.0
2020-08-11,13.329999923706055,13.619999885559082,13.15999984741211,13.369999885559082,52800,0,0.0
2020-08-12,13.420000076293945,13.550000190734863,13.0,13.390000343322754,46000,0,0.0
2020-08-13,13.329999923706055,13.46500015258789,13.1899995803833,13.369999885559082,30700,0,0.0
2020-08-14,13.229999542236328,13.279999732971191,12.880000114440918,13.15999984741211,31600,0,0.0
2020-08-17,13.079999923706055,13.4399995803833,13.0600004196167,13.220000267028809,47100,0,0.0
2020-08-18,13.199999809265137,13.274999618530273,13.039999961853027,13.119999885559082,41600,0,0.0
2020-08-19,13.260000228881836,14.15999984741211,12.949999809265137,14.020000457763672,158600,0,0.0
2020-08-20,13.899999618530273,13.920000076293945,13.489999771118164,13.609999656677246,72100,0,0.0
2020-08-21,13.470000267028809,14.5,13.399999618530273,14.350000381469727,128500,0,0.0
2020-08-24,14.390000343322754,14.949999809265137,14.3100004196167,14.779999732971191,112400,0,0.0
2020-08-25,14.850000381469727,15.050000190734863,14.5,14.770000457763672,114200,0,0.0
2020-08-26,14.59000015258789,14.770000457763672,14.34000015258789,14.40999984741211,48300,0,0.0
2020-08-27,14.4399995803833,14.76200008392334,14.354000091552734,14.649999618530273,44300,0,0.0
2020-08-28,14.710000038146973,14.789999961853027,14.5,14.569999694824219,51600,0,0.0
2020-08-31,14.520000457763672,15.140000343322754,14.489999771118164,15.020000457763672,91500,0,0.0
2020-09-01,14.970000267028809,15.329999923706055,14.84000015258789,15.3100004196167,68600,0,0.0
2020-09-02,15.25,15.710000038146973,15.069999694824219,15.140000343322754,117900,0,0.0
2020-09-03,15.140000343322754,15.1899995803833,14.829999923706055,14.880000114440918,137500,0,0.0
2020-09-04,14.960000038146973,14.960000038146973,14.369999885559082,14.699999809265137,60500,0,0.0
2020-09-08,14.579999923706055,14.579999923706055,13.979999542236328,14.149999618530273,75500,0,0.0
2020-09-09,13.5,13.859999656677246,13.5,13.65999984741211,96100,0,0.0
2020-09-10,13.649999618530273,14.140000343322754,13.520000457763672,14.069999694824219,63600,0,0.0
2020-09-11,14.100000381469727,14.619999885559082,14.069999694824219,14.130000114440918,89300,0,0.0
2020-09-14,14.289999961853027,14.4399995803833,14.170000076293945,14.350000381469727,86900,0,0.0
2020-09-15,14.479999542236328,14.479999542236328,13.609999656677246,13.65999984741211,34400,0,0.0
2020-09-16,13.739999771118164,13.739999771118164,12.970000267028809,13.0600004196167,70600,0,0.0
2020-09-17,13.029999732971191,13.289999961853027,12.899999618530273,13.15999984741211,49900,0,0.0
2020-09-18,13.260000228881836,13.529999732971191,13.069999694824219,13.380000114440918,80400,0,0.0
2020-09-21,13.210000038146973,13.819999694824219,12.699999809265137,12.8100004196167,71300,0,0.0
2020-09-22,12.859999656677246,13.15999984741211,12.520000457763672,13.09000015258789,54200,0,0.0
2020-09-23,13.109999656677246,13.149999618530273,12.670000076293945,12.739999771118164,45500,0,0.0
2020-09-24,12.739999771118164,12.800000190734863,12.300000190734863,12.550000190734863,51800,0,0.0
2020-09-25,12.5,12.640000343322754,12.380000114440918,12.420000076293945,36800,0,0.0
2020-09-28,12.470000267028809,12.649999618530273,12.170000076293945,12.430000305175781,51600,0,0.0
2020-09-29,12.449999809265137,12.460000038146973,11.949999809265137,12.239999771118164,50400,0,0.0
2020-09-30,12.25,12.454999923706055,12.0600004196167,12.069999694824219,28900,0,0.0
2020-10-01,12.020000457763672,12.140000343322754,11.449999809265137,11.850000381469727,72200,0,0.0
2020-10-02,11.779999732971191,11.920000076293945,11.649999618530273,11.760000228881836,40400,0,0.0
2020-10-05,11.829999923706055,12.210000038146973,11.829999923706055,12.170000076293945,46700,0,0.0
2020-10-06,12.260000228881836,12.446000099182129,12.149999618530273,12.15999984741211,52500,0,0.0
2020-10-07,12.15999984741211,12.550000190734863,12.154999732971191,12.479999542236328,35200,0,0.0
2020-10-08,12.4399995803833,12.949999809265137,12.359000205993652,12.819999694824219,35500,0,0.0
2020-10-09,12.890000343322754,13.1899995803833,12.890000343322754,13.130000114440918,33800,0,0.0
2020-10-12,13.130000114440918,13.279999732971191,13.081000328063965,13.170000076293945,31900,0,0.0
2020-10-13,13.020000457763672,13.470000267028809,13.020000457763672,13.399999618530273,56500,0,0.0
2020-10-14,13.390000343322754,13.539999961853027,13.163000106811523,13.220000267028809,132200,0,0.0
2020-10-15,13.100000381469727,13.670000076293945,13.050000190734863,13.399999618530273,49200,0,0.0
2020-10-16,13.279999732971191,13.34000015258789,13.010000228881836,13.15999984741211,279500,0,0.0
2020-10-19,13.279999732971191,13.343999862670898,12.859999656677246,12.890000343322754,30400,0,0.0
2020-10-20,12.979999542236328,12.979999542236328,11.930000305175781,12.0600004196167,101700,0,0.0
2020-10-21,11.979999542236328,12.140000343322754,11.699999809265137,12.039999961853027,70400,0,0.0
2020-10-22,12.039999961853027,12.319999694824219,11.850000381469727,11.869999885559082,42400,0,0.0
2020-10-23,12.0,12.180000305175781,11.800000190734863,11.8100004196167,44300,0,0.0
2020-10-26,11.829999923706055,11.869999885559082,11.5,11.789999961853027,44000,0,0.0
2020-10-27,11.779999732971191,11.902999877929688,11.609999656677246,11.75,33500,0,0.0
2020-10-28,11.65999984741211,11.65999984741211,11.229999542236328,11.359999656677246,35300,0,0.0
2020-10-29,11.289999961853027,11.539999961853027,11.045999526977539,11.420000076293945,58000,0,0.0
2020-10-30,11.3100004196167,11.449999809265137,10.864999771118164,11.050000190734863,43700,0,0.0
2020-11-02,11.079999923706055,11.319999694824219,10.819999694824219,11.300000190734863,52900,0,0.0
2020-11-03,11.449999809265137,11.640000343322754,11.050000190734863,11.3100004196167,114100,0,0.0
2020-11-04,11.399999618530273,11.399999618530273,10.630000114440918,10.739999771118164,124400,0,0.0
2020-11-05,10.760000228881836,11.25,10.680000305175781,10.9399995803833,147800,0,0.0
2020-11-06,10.9399995803833,11.069999694824219,10.510000228881836,10.789999961853027,87100,0,0.0
2020-11-09,10.829999923706055,11.989999771118164,10.789999961853027,11.119999885559082,88300,0,0.0
