Date,Open,High,Low,Close,Volume,Dividends,Stock Splits
2000-09-27,14.587281227111818,14.587281227111818,14.587281227111818,14.587281227111816,100,0.0,0.0
2000-09-28,14.587284360613143,14.587284360613143,14.015233993530275,14.015233993530273,300,0.0,0.0
2000-09-29,14.301257332166037,14.301257332166037,13.729207038879395,13.729207038879395,400,0.0,0.0
2000-10-02,13.443183626447407,14.015233993530275,13.443183626447407,14.015233993530273,400,0.0,0.0
2000-10-03,13.729207038879395,13.729207038879395,13.729207038879395,13.729207038879395,0,0.0,0.0
2000-10-04,13.443177223205566,13.443177223205566,12.585102081298828,12.585102081298828,500,0.0,0.0
2000-10-05,12.58510627746582,12.58510627746582,11.44100570678711,11.44100570678711,1400,0.0,0.0
2000-10-06,11.727029732295446,12.013054847717285,11.727029732295446,12.013054847717285,200,0.0,0.0
2000-10-09,11.727030849456789,11.727030849456789,11.154980564117432,11.44100570678711,500,0.0,0.0
2000-10-10,11.154980331659317,11.154980331659317,9.009791806340218,9.152804374694824,3500,0.0,0.0
2000-10-11,10.010879746189824,10.010879746189824,7.722678661346435,7.7226786613464355,4500,0.0,0.0
2000-10-12,8.00870418548584,8.580754484449114,8.00870418548584,8.00870418548584,2400,0.0,0.0
2000-10-13,8.294729940352902,9.152805451423891,8.294729940352902,8.866780281066895,1500,0.0,0.0
2000-10-16,8.866780281066895,8.866780281066895,8.866780281066895,8.866780281066895,0,0.0,0.0
2000-10-17,8.723766635965417,8.723766635965417,7.722678661346435,7.7226786613464355,800,0.0,0.0
2000-10-18,8.294729232788086,8.866779524704507,8.008704086829876,8.294729232788086,1900,0.0,0.0
2000-10-19,8.294730562152283,9.867869117043234,8.294730562152283,9.438831329345703,6100,0.0,0.0
2000-10-20,9.438831329345703,10.010881712942412,9.152806137547348,9.438831329345703,1200,0.0,0.0
2000-10-23,10.010881423950197,10.010881423950197,9.724856240408762,10.010881423950195,500,0.0,0.0
2000-10-24,10.01087929073133,11.154979781100625,10.01087929073133,10.8689546585083,900,0.0,0.0
2000-10-25,10.868953810797796,10.868953810797796,10.296903610229492,10.296903610229492,200,0.0,0.0
2000-10-26,10.15389347076416,10.15389347076416,10.15389347076416,10.15389347076416,0,0.0,0.0
2000-10-27,10.15389347076416,10.15389347076416,10.15389347076416,10.15389347076416,0,0.0,0.0
2000-10-30,10.296906904740766,10.296906904740766,9.438831329345703,9.438831329345703,900,0.0,0.0
2000-10-31,9.724855792137884,9.724855792137884,8.580755110709898,8.866780281066895,1100,0.0,0.0
2000-11-01,8.580754378746297,8.580754378746297,8.294729232788086,8.294729232788086,2300,0.0,0.0
2000-11-02,8.294731252333698,9.724857330322266,8.294731252333698,9.724857330322266,1000,0.0,0.0
2000-11-03,9.724856240408762,10.010881423950197,9.724856240408762,10.010881423950195,200,0.0,0.0
2000-11-06,10.010881423950197,10.010881423950197,10.010881423950197,10.010881423950195,0,0.0,0.0
2000-11-07,10.296903610229492,10.296903610229492,10.296903610229492,10.296903610229492,100,0.0,0.0
2000-11-08,10.296904413323654,10.8689546585083,10.296904413323654,10.8689546585083,100,0.0,0.0
2000-11-09,11.154980659484863,11.154980659484863,11.154980659484863,11.154980659484863,100,0.0,0.0
2000-11-10,11.154980659484863,11.154980659484863,10.868955514369866,11.154980659484863,500,0.0,0.0
2000-11-13,11.154980659484863,11.154980659484863,11.154980659484863,11.154980659484863,500,0.0,0.0
2000-11-14,11.44100570678711,11.44100570678711,11.44100570678711,11.44100570678711,500,0.0,0.0
2000-11-15,12.01305465698242,12.871129989624023,12.01305465698242,12.871129989624023,300,0.0,0.0
2000-11-16,12.585107554560123,13.157157897949219,12.585107554560123,13.157157897949219,100,0.0,0.0
2000-11-17,13.157157897949219,13.157157897949219,13.157157897949219,13.157157897949219,0,0.0,0.0
2000-11-20,13.157157897949219,13.157157897949219,13.157157897949219,13.157157897949219,600,0.0,0.0
2000-11-21,13.443183069643768,13.729208241338316,13.157157897949219,13.157157897949219,700,0.0,0.0
2000-11-22,13.157156562805177,13.157156562805177,11.44100570678711,11.44100570678711,1100,0.0,0.0
2000-11-24,11.44100570678711,11.44100570678711,11.44100570678711,11.44100570678711,0,0.0,0.0
2000-11-27,12.013054847717285,12.013054847717285,12.013054847717285,12.013054847717285,400,0.0,0.0
2000-11-28,12.01305980217166,12.01305980217166,11.727034568786621,11.727034568786621,100,0.0,0.0
2000-11-29,11.44100570678711,11.44100570678711,11.44100570678711,11.44100570678711,700,0.0,0.0
2000-11-30,11.154983906806269,11.297996520996092,11.154983906806269,11.297996520996094,300,0.0,0.0
2000-12-01,11.29799634438974,11.58402156829834,11.29799634438974,11.58402156829834,0,0.0,0.0
2000-12-04,11.58402156829834,11.58402156829834,11.58402156829834,11.58402156829834,400,0.0,0.0
2000-12-05,11.297992342396787,11.297992342396787,10.8689546585083,10.8689546585083,300,0.0,0.0
2000-12-06,10.725942850112915,11.584018278121949,10.725942850112915,11.44100570678711,2300,0.0,0.0
2000-12-07,11.44100570678711,11.44100570678711,11.44100570678711,11.44100570678711,100,0.0,0.0
2000-12-08,11.15497891108195,11.15497891108195,9.724853409661186,10.296903610229492,3100,0.0,0.0
2000-12-11,10.01088254591998,10.582932977115407,9.724857330322266,9.724857330322266,1400,0.0,0.0
2000-12-12,9.438829708099366,9.438829708099366,8.580754280090332,8.580754280090332,1700,0.0,0.0
2000-12-13,8.723767695888396,8.866780281066895,8.008704769995905,8.866780281066895,1700,0.0,0.0
2000-12-14,9.152804565429689,9.152804565429689,8.580754280090332,8.580754280090332,300,0.0,0.0
2000-12-15,8.294729334967476,8.294729334967476,7.436653886522565,8.00870418548584,1300,0.0,0.0
2000-12-18,7.865691229149147,8.008703796951858,7.436653525741011,7.7226786613464355,600,0.0,0.0
2000-12-19,8.00870440556453,8.00870440556453,7.4366540908813485,7.436654090881348,600,0.0,0.0
2000-12-20,7.150626182556152,7.150626182556152,6.006525993347168,6.292551040649414,5100,0.0,0.0
2000-12-21,6.578577654702323,6.864602770124163,6.006527423858643,6.006527423858643,3200,0.0,0.0
2000-12-22,5.720502932866414,6.864603519439697,5.720502932866414,6.864603519439697,1500,0.0,0.0
2000-12-26,6.864603519439697,6.864603519439697,6.864603519439697,6.864603519439697,200,0.0,0.0
2000-12-27,7.150629292363706,7.150629292363706,6.2925537772800615,6.578578948974609,2800,0.0,0.0
2000-12-28,6.578578372796376,6.864603519439697,5.720502932866414,6.864603519439697,5900,0.0,0.0
2000-12-29,6.578578281402589,7.150628566741943,5.720502853393555,7.150628566741943,2200,0.0,0.0
2001-01-02,6.864604120669158,6.864604120669158,6.578578948974609,6.578578948974609,300,0.0,0.0
2001-01-03,6.435565710067749,7.150628566741943,6.435565710067749,7.150628566741943,800,0.0,0.0
2001-01-04,7.4366540908813485,7.4366540908813485,7.4366540908813485,7.436654090881348,100,0.0,0.0
2001-01-05,7.150628933539758,7.7226792482229385,7.150628933539758,7.436654090881348,300,0.0,0.0
2001-01-08,7.150628737040928,8.00870418548584,7.150628737040928,8.00870418548584,500,0.0,0.0
2001-01-09,8.294729232788086,8.294729232788086,8.294729232788086,8.294729232788086,200,0.0,0.0
2001-01-10,8.008704086829876,8.294729232788086,8.008704086829876,8.294729232788086,600,0.0,0.0
2001-01-11,8.294729232788086,8.294729232788086,8.294729232788086,8.294729232788086,400,0.0,0.0
2001-01-12,8.00870418548584,8.00870418548584,8.00870418548584,8.00870418548584,0,0.0,0.0
2001-01-16,8.294730562152283,9.438831329345703,8.294730562152283,9.438831329345703,400,0.0,0.0
2001-01-17,9.724853409661186,10.296903610229492,9.724853409661186,10.296903610229492,2100,0.0,0.0
2001-01-18,10.582931352698285,13.157157897949219,10.582931352698285,13.157157897949219,2500,0.0,0.0
2001-01-19,13.157155309404645,13.729205540248326,12.013054847717285,12.013054847717285,1800,0.0,0.0
2001-01-22,12.013054847717285,12.299079963139127,12.013054847717285,12.013054847717285,300,0.0,0.0
2001-01-23,11.727030849456789,11.727030849456789,11.44100570678711,11.44100570678711,200,0.0,0.0
2001-01-24,11.154980659484863,11.29799323204236,11.011968086927364,11.154980659484863,800,0.0,0.0
2001-01-25,10.868958868631502,12.2990850355567,10.868958868631502,11.727034568786621,900,0.0,0.0
2001-01-26,11.441009335401581,11.727034568786621,11.441009335401581,11.727034568786621,200,0.0,0.0
2001-01-29,11.441007944253776,11.898648262023928,11.441007944253776,11.898648262023926,400,0.0,0.0
2001-01-30,11.44100570678711,11.44100570678711,11.44100570678711,11.44100570678711,200,0.0,0.0
2001-01-31,11.44100570678711,11.44100570678711,11.44100570678711,11.44100570678711,0,0.0,0.0
2001-02-01,11.44100570678711,11.44100570678711,11.44100570678711,11.44100570678711,0,0.0,0.0
2001-02-02,11.44100570678711,11.44100570678711,11.44100570678711,11.44100570678711,200,0.0,0.0
2001-02-05,11.44100570678711,11.44100570678711,11.44100570678711,11.44100570678711,0,0.0,0.0
2001-02-06,11.44100570678711,11.44100570678711,11.44100570678711,11.44100570678711,0,0.0,0.0
2001-02-07,11.21218574425506,11.441005861484754,11.21218574425506,11.418124198913574,800,0.0,0.0
2001-02-08,11.097775111595789,11.097775111595789,10.640134900808334,10.983365058898926,500,0.0,0.0
2001-02-09,10.754544705760722,11.21218490600586,10.754544705760722,11.21218490600586,300,0.0,0.0
2001-02-12,10.983365237057864,10.983365237057864,10.411314964294434,10.411314964294434,500,0.0,0.0
2001-02-13,10.411314964294434,10.411314964294434,10.411314964294434,10.411314964294434,0,0.0,0.0
2001-02-14,10.296903610229492,10.296903610229492,10.296903610229492,10.296903610229492,100,0.0,0.0
2001-02-15,10.296907761517694,10.296907761517694,9.724857330322266,9.724857330322266,500,0.0,0.0
2001-02-16,9.381624221801758,9.381624221801758,9.381624221801758,9.381624221801758,400,0.0,0.0
2001-02-20,9.381624484062195,9.381624484062195,9.152804374694824,9.152804374694824,200,0.0,0.0
2001-02-21,8.923985481262207,8.923985481262207,8.580755270444431,8.923985481262207,400,0.0,0.0
2001-02-22,8.695164017752884,8.695164017752884,8.28328800201416,8.28328800201416,200,0.0,0.0
2001-02-23,8.008704956840067,8.35193516927607,7.436654602780061,7.7798848152160645,1400,0.0,0.0
2001-02-26,7.894292504818828,8.008702541120549,7.871410846710205,7.871410846710205,200,0.0,0.0
2001-02-27,8.00870366998621,8.466343879699707,8.00870366998621,8.466343879699707,1200,0.0,0.0
2001-02-28,8.237524032592773,8.237524032592773,8.237524032592773,8.237524032592773,700,0.0,0.0
2001-03-01,8.00870440556453,8.00870440556453,7.09342390207144,7.436654090881348,700,0.0,0.0
2001-03-02,7.32224375406901,7.32224375406901,6.864603519439697,6.864603519439697,200,0.0,0.0
2001-03-05,6.864603519439697,7.093423636754354,6.864603519439697,6.864603519439697,1200,0.0,0.0
2001-03-06,6.864603519439697,6.864603519439697,6.864603519439697,6.864603519439697,1400,0.0,0.0
2001-03-07,7.436653483997692,7.779883644797586,7.3222434303977275,7.551063537597656,500,0.0,0.0
2001-03-08,7.436653812726338,7.436653812726338,6.864603519439697,6.864603519439697,700,0.0,0.0
2001-03-09,7.093423636754354,7.093423636754354,6.864603519439697,6.864603519439697,800,0.0,0.0
2001-03-12,6.635783171653748,6.635783171653748,4.576402187347412,4.576402187347412,2600,0.0,0.0
2001-03-13,5.148451093217017,8.123111724853516,5.148451093217017,8.123111724853516,10600,0.0,0.0
2001-03-14,9.152804374694824,9.610444593429566,8.580754101276398,9.152804374694824,7500,0.0,0.0
2001-03-15,9.198569479797664,9.198569479797664,8.466344882915546,8.809575080871582,1900,0.0,0.0
2001-03-16,8.580754280090332,8.580754280090332,8.580754280090332,8.580754280090332,200,0.0,0.0
2001-03-19,8.351934364863805,8.580754484449114,8.00870418548584,8.00870418548584,600,0.0,0.0
2001-03-20,7.207833376797764,7.779883644797586,7.093423323197799,7.551063537597656,3100,0.0,0.0
2001-03-21,7.551064673592062,8.008704956840067,7.551064673592062,7.7798848152160645,600,0.0,0.0
2001-03-22,7.5510634094921505,7.665473461151123,6.979013151197291,7.665473461151123,1100,0.0,0.0
2001-03-23,7.66547421675462,7.66547421675462,7.4366540908813485,7.436654090881348,100,0.0,0.0
2001-03-26,7.665473461151123,7.665473461151123,7.665473461151123,7.665473461151123,0,0.0,0.0
2001-03-27,7.665473461151123,7.665473461151123,7.665473461151123,7.665473461151123,0,0.0,0.0
2001-03-28,7.4366540908813485,7.4366540908813485,7.4366540908813485,7.436654090881348,0,0.0,0.0
2001-03-29,7.207833632826805,7.322243690490723,7.207833632826805,7.322243690490723,200,0.0,0.0
2001-03-30,7.322243690490723,7.322243690490723,7.322243690490723,7.322243690490723,0,0.0,0.0
2001-04-02,7.4366540908813485,7.4366540908813485,7.4366540908813485,7.436654090881348,100,0.0,0.0
2001-04-03,7.4366540908813485,7.4366540908813485,7.4366540908813485,7.436654090881348,400,0.0,0.0
2001-04-04,7.4366540908813485,7.4366540908813485,7.4366540908813485,7.436654090881348,0,0.0,0.0
2001-04-05,7.2078328132629395,7.2078328132629395,7.2078328132629395,7.2078328132629395,100,0.0,0.0
2001-04-06,7.207833965008076,7.4366540908813485,7.207833965008076,7.436654090881348,200,0.0,0.0
2001-04-09,7.2078328132629395,7.2078328132629395,7.2078328132629395,7.2078328132629395,0,0.0,0.0
2001-04-10,6.9790135780970255,6.9790135780970255,6.864603519439697,6.864603519439697,300,0.0,0.0
2001-04-11,6.86460281240529,6.86460281240529,6.635782718658447,6.635782718658447,200,0.0,0.0
2001-04-12,6.406961059570312,6.406961059570312,6.292551040649414,6.292551040649414,1000,0.0,0.0
2001-04-16,6.178143228803362,8.23752430507115,6.178143228803362,8.00870418548584,3300,0.0,0.0
2001-04-17,8.237523719445983,8.351933771104955,7.665473461151123,7.665473461151123,300,0.0,0.0
2001-04-18,7.5510634602727125,9.03839414184158,7.322243355415964,8.466343879699707,1900,0.0,0.0
2001-04-19,8.351934088601007,8.351934088601007,8.237524032592773,8.237524032592773,100,0.0,0.0
2001-04-20,8.00870418548584,8.00870418548584,8.00870418548584,8.00870418548584,300,0.0,0.0
2001-04-23,8.00870418548584,8.00870418548584,8.00870418548584,8.00870418548584,100,0.0,0.0
2001-04-24,7.7798848152160645,7.7798848152160645,7.7798848152160645,7.7798848152160645,0,0.0,0.0
2001-04-25,7.7798848152160645,7.7798848152160645,7.7798848152160645,7.7798848152160645,0,0.0,0.0
2001-04-26,7.665475699209398,7.665475699209398,7.093425273895264,7.093425273895264,900,0.0,0.0
2001-04-27,7.162070751190185,7.162070751190185,7.162070751190185,7.1620707511901855,0,0.0,0.0
2001-04-30,7.551063537597657,7.551063537597657,7.551063537597657,7.551063537597656,100,0.0,0.0
2001-05-01,7.4366540908813485,7.4366540908813485,7.4366540908813485,7.436654090881348,100,0.0,0.0
2001-05-02,7.665473461151123,7.665473461151123,7.665473461151123,7.665473461151123,100,0.0,0.0
2001-05-03,7.459537029266357,7.459537029266357,7.459537029266357,7.459537029266357,100,0.0,0.0
2001-05-04,7.482418537139892,7.482418537139892,7.482418537139892,7.482418537139893,0,0.0,0.0
2001-05-07,7.551063537597657,7.551063537597657,6.979013269597835,7.551063537597656,1000,0.0,0.0
2001-05-08,7.322243306174207,7.665473461151123,7.322243306174207,7.665473461151123,100,0.0,0.0
2001-05-09,7.322245444020917,7.322245444020917,7.093425273895264,7.093425273895264,500,0.0,0.0
2001-05-10,7.3222434303977275,7.779883644797586,7.3222434303977275,7.551063537597656,700,0.0,0.0
2001-05-11,7.5510654444110825,7.5510654444110825,7.459537029266357,7.459537029266357,700,0.0,0.0
2001-05-14,7.207833965008076,7.779884279691257,7.207833965008076,7.436654090881348,700,0.0,0.0
2001-05-15,7.779883880615235,8.580754280090332,7.779883880615235,8.580754280090332,1000,0.0,0.0
2001-05-16,8.580753932128083,8.695163984556457,8.466343879699707,8.466343879699707,700,0.0,0.0
2001-05-17,8.351934432983398,8.351934432983398,8.351934432983398,8.351934432983398,100,0.0,0.0
2001-05-18,8.008705954397877,8.008705954397877,7.093425273895264,7.093425273895264,2800,0.0,0.0
2001-05-21,7.32224453196806,7.7798848152160645,7.32224453196806,7.7798848152160645,200,0.0,0.0
2001-05-22,8.237521749147227,8.46634179773465,8.008701700559804,8.123111724853516,1400,0.0,0.0
2001-05-23,8.123115027652068,8.123115027652068,7.7798848152160645,7.7798848152160645,300,0.0,0.0
2001-05-24,7.5510634094921505,7.779883512810095,7.5510634094921505,7.665473461151123,300,0.0,0.0
2001-05-25,7.665473461151123,7.665473461151123,7.665473461151123,7.665473461151123,0,0.0,0.0
2001-05-29,7.665473461151123,7.665473461151123,7.665473461151123,7.665473461151123,100,0.0,0.0
2001-05-30,7.4366540908813485,7.4366540908813485,7.4366540908813485,7.436654090881348,100,0.0,0.0
2001-05-31,7.4366540908813485,7.4366540908813485,7.4366540908813485,7.436654090881348,0,0.0,0.0
2001-06-01,7.4366540908813485,7.4366540908813485,7.4366540908813485,7.436654090881348,700,0.0,0.0
2001-06-04,7.665473461151123,7.665473461151123,7.665473461151123,7.665473461151123,0,0.0,0.0
2001-06-05,7.665473461151123,7.665473461151123,7.665473461151123,7.665473461151123,0,0.0,0.0
2001-06-06,7.322245444020917,7.436655529083744,6.86460510376961,7.093425273895264,2300,0.0,0.0
2001-06-07,7.322243690490723,7.322243690490723,7.322243690490723,7.322243690490723,200,0.0,0.0
2001-06-08,7.093424915491801,7.207834994773926,6.979014836209675,7.070542812347412,1600,0.0,0.0
2001-06-11,7.093425273895264,7.093425273895264,7.093425273895264,7.093425273895264,300,0.0,0.0
2001-06-12,7.093425273895264,7.093425273895264,7.093425273895264,7.093425273895264,0,0.0,0.0
2001-06-13,6.864603519439697,6.864603519439697,6.864603519439697,6.864603519439697,0,0.0,0.0
2001-06-14,6.864603519439697,6.864603519439697,6.864603519439697,6.864603519439697,200,0.0,0.0
2001-06-15,6.864603519439697,6.864603519439697,6.864603519439697,6.864603519439697,100,0.0,0.0
2001-06-18,6.86460321599787,8.008703751997515,6.406963001598012,7.551063537597656,2100,0.0,0.0
2001-06-19,7.322244612897029,7.322244612897029,6.9790143966674805,6.9790143966674805,400,0.0,0.0
2001-06-20,7.093424468743996,7.093424468743996,6.9790143966674805,6.9790143966674805,200,0.0,0.0
2001-06-21,6.9790143966674805,6.9790143966674805,6.9790143966674805,6.9790143966674805,0,0.0,0.0
2001-06-22,6.9790143966674805,6.9790143966674805,6.9790143966674805,6.9790143966674805,0,0.0,0.0
2001-06-25,6.9790143966674805,6.9790143966674805,6.9790143966674805,6.9790143966674805,0,0.0,0.0
2001-06-26,7.001895904541016,7.001895904541016,7.001895904541016,7.001895904541016,0,0.0,0.0
2001-06-27,7.001895904541016,7.001895904541016,7.001895904541016,7.001895904541016,0,0.0,0.0
2001-06-28,7.093425273895264,7.093425273895264,7.093425273895264,7.093425273895264,200,0.0,0.0
2001-06-29,7.093425273895264,7.093425273895264,7.093425273895264,7.093425273895264,0,0.0,0.0
2001-07-02,7.093425273895264,7.093425273895264,7.093425273895264,7.093425273895264,0,0.0,0.0
2001-07-03,7.093425273895264,7.093425273895264,7.093425273895264,7.093425273895264,0,0.0,0.0
2001-07-05,7.093425273895264,7.093425273895264,7.093425273895264,7.093425273895264,0,0.0,0.0
2001-07-06,6.979015188832436,7.093425273895264,6.7501950187067825,7.093425273895264,500,0.0,0.0
2001-07-09,7.093425273895264,7.093425273895264,7.093425273895264,7.093425273895264,0,0.0,0.0
2001-07-10,6.864603519439697,6.864603519439697,6.864603519439697,6.864603519439697,100,0.0,0.0
2001-07-11,6.864603519439697,6.864603519439697,6.864603519439697,6.864603519439697,0,0.0,0.0
2001-07-12,6.864603519439697,6.864603519439697,6.864603519439697,6.864603519439697,0,0.0,0.0
2001-07-13,6.864603519439697,6.864603519439697,6.864603519439697,6.864603519439697,0,0.0,0.0
2001-07-16,6.864604324590964,7.207834540820512,6.750194252514448,6.9790143966674805,700,0.0,0.0
2001-07-17,6.9790143966674805,6.9790143966674805,6.9790143966674805,6.9790143966674805,0,0.0,0.0
2001-07-18,6.9790143966674805,6.9790143966674805,6.9790143966674805,6.9790143966674805,0,0.0,0.0
2001-07-19,6.864603519439697,6.864603519439697,6.864603519439697,6.864603519439697,100,0.0,0.0
2001-07-20,6.864603519439697,6.864603519439697,6.750193460782369,6.864603519439697,300,0.0,0.0
2001-07-23,6.864603519439697,6.864603519439697,6.864603519439697,6.864603519439697,0,0.0,0.0
2001-07-24,6.864603519439697,6.864603519439697,6.864603519439697,6.864603519439697,0,0.0,0.0
2001-07-25,6.864603519439697,6.864603519439697,6.864603519439697,6.864603519439697,400,0.0,0.0
2001-07-26,6.864603519439697,6.864603519439697,6.864603519439697,6.864603519439697,0,0.0,0.0
2001-07-27,6.9790135780970255,6.9790135780970255,6.864603519439697,6.864603519439697,100,0.0,0.0
2001-07-30,6.864603519439697,6.864603519439697,6.864603519439697,6.864603519439697,300,0.0,0.0
2001-07-31,7.09342390207144,7.4366540908813485,7.09342390207144,7.436654090881348,600,0.0,0.0
2001-08-01,7.207834540820512,7.207834540820512,6.9790143966674805,6.9790143966674805,200,0.0,0.0
2001-08-02,6.9790143966674805,6.9790143966674805,6.9790143966674805,6.9790143966674805,0,0.0,0.0
2001-08-03,6.9790143966674805,6.9790143966674805,6.9790143966674805,6.9790143966674805,0,0.0,0.0
2001-08-06,7.207833254515235,7.665473461151123,7.207833254515235,7.665473461151123,600,0.0,0.0
2001-08-07,7.4366540908813485,7.4366540908813485,7.4366540908813485,7.436654090881348,100,0.0,0.0
2001-08-08,7.551063537597657,7.551063537597657,7.551063537597657,7.551063537597656,400,0.0,0.0
2001-08-09,7.551063537597657,7.551063537597657,7.551063537597657,7.551063537597656,0,0.0,0.0
2001-08-10,7.665473239407985,7.985821723937988,7.665473239407985,7.985821723937988,1600,0.0,0.0
2001-08-13,8.008703920576307,8.580754200617474,8.008703920576307,8.237524032592773,2500,0.0,0.0
2001-08-14,8.23752430507115,8.23752430507115,8.00870418548584,8.00870418548584,300,0.0,0.0
2001-08-15,8.00870418548584,8.00870418548584,8.00870418548584,8.00870418548584,0,0.0,0.0
2001-08-16,8.23752430507115,8.23752430507115,8.00870418548584,8.00870418548584,500,0.0,0.0
2001-08-17,8.008703751997515,8.008703751997515,7.551063537597657,7.551063537597656,400,0.0,0.0
2001-08-20,7.322245444020917,7.322245444020917,7.093425273895264,7.093425273895264,700,0.0,0.0
2001-08-21,7.3222434303977275,7.551063537597657,7.3222434303977275,7.551063537597656,600,0.0,0.0
2001-08-22,7.7798848152160645,8.008704956840067,7.7798848152160645,7.7798848152160645,700,0.0,0.0
2001-08-23,7.7798848152160645,7.7798848152160645,7.7798848152160645,7.7798848152160645,0,0.0,0.0
2001-08-24,7.7798848152160645,7.7798848152160645,7.7798848152160645,7.7798848152160645,0,0.0,0.0
2001-08-27,8.008703356203826,8.008703356203826,7.894293308258057,7.894293308258057,700,0.0,0.0
2001-08-28,7.894293308258057,7.894293308258057,7.894293308258057,7.894293308258057,0,0.0,0.0
2001-08-29,7.7798848152160645,7.7798848152160645,7.7798848152160645,7.7798848152160645,200,0.0,0.0
2001-08-30,7.665473461151123,7.779883512810095,7.665473461151123,7.665473461151123,300,0.0,0.0
2001-08-31,7.894293308258057,7.894293308258057,7.894293308258057,7.894293308258057,100,0.0,0.0
2001-09-04,7.894293308258057,7.894293308258057,7.894293308258057,7.894293308258057,100,0.0,0.0
2001-09-05,7.894293698397551,7.894293698397551,7.551063537597657,7.551063537597656,400,0.0,0.0
2001-09-06,7.436652787888771,7.436652787888771,7.207832702107578,7.230714797973633,1300,0.0,0.0
2001-09-07,7.093423323197799,7.665473591197621,7.093423323197799,7.551063537597656,600,0.0,0.0
2001-09-10,7.322244027944712,7.4366540908813485,7.322244027944712,7.436654090881348,0,0.0,0.0
2001-09-17,7.207833632826805,7.551063805818558,6.750193402171135,7.322243690490723,900,0.0,0.0
2001-09-18,7.2078328132629395,7.2078328132629395,7.2078328132629395,7.2078328132629395,100,0.0,0.0
2001-09-19,7.43665374815464,7.43665374815464,7.322243690490723,7.322243690490723,600,0.0,0.0
2001-09-20,7.436654719018085,7.436654719018085,6.864604356016693,6.887486457824707,1700,0.0,0.0
2001-09-21,6.864604324590964,6.9790143966674805,6.635784180437932,6.9790143966674805,900,0.0,0.0
2001-09-24,6.864603519439697,6.864603519439697,6.864603519439697,6.864603519439697,200,0.0,0.0
2001-09-25,6.864602679298038,7.2078328132629395,6.864602679298038,7.2078328132629395,300,0.0,0.0
2001-09-26,6.979012723953005,7.2078328132629395,6.864602679298038,7.2078328132629395,600,0.0,0.0
2001-09-27,7.0018959390100814,7.551064153817984,7.0018959390100814,7.436654090881348,400,0.0,0.0
2001-09-28,7.551063696543376,8.237524032592773,7.551063696543376,8.237524032592773,1700,0.0,0.0
2001-10-01,7.894293564469067,7.894293564469067,7.665473461151123,7.665473461151123,200,0.0,0.0
2001-10-02,7.665473461151123,7.665473461151123,7.665473461151123,7.665473461151123,0,0.0,0.0
2001-10-03,6.864603519439697,6.864603519439697,6.658665501144454,6.864603519439697,500,0.0,0.0
2001-10-04,6.841721420420284,6.864603519439697,6.841721420420284,6.864603519439697,400,0.0,0.0
2001-10-05,6.864603519439697,7.207833695411682,6.864603519439697,6.864603519439697,1100,0.0,0.0
2001-10-08,6.635784180437932,6.9790143966674805,6.635784180437932,6.9790143966674805,300,0.0,0.0
2001-10-09,7.207834540820512,7.55106475705006,6.9790143966674805,6.9790143966674805,600,0.0,0.0
2001-10-10,7.093425273895264,7.093425273895264,7.093425273895264,7.093425273895264,0,0.0,0.0
2001-10-11,6.864603519439697,6.864603519439697,6.864603519439697,6.864603519439697,100,0.0,0.0
2001-10-12,6.7501950187067825,7.093425273895264,6.7501950187067825,7.093425273895264,100,0.0,0.0
2001-10-15,6.864603519439697,6.864603519439697,6.635783402125041,6.864603519439697,600,0.0,0.0
2001-10-16,6.9790143966674805,6.9790143966674805,6.9790143966674805,6.9790143966674805,200,0.0,0.0
2001-10-17,6.9790143966674805,6.9790143966674805,6.9790143966674805,6.9790143966674805,300,0.0,0.0
2001-10-18,6.9790143966674805,6.9790143966674805,6.9790143966674805,6.9790143966674805,0,0.0,0.0
2001-10-19,6.9790143966674805,6.9790143966674805,6.9790143966674805,6.9790143966674805,0,0.0,0.0
2001-10-22,6.9790143966674805,6.9790143966674805,6.9790143966674805,6.9790143966674805,0,0.0,0.0
2001-10-23,6.9790143966674805,6.9790143966674805,6.9790143966674805,6.9790143966674805,0,0.0,0.0
2001-10-24,6.9790143966674805,6.9790143966674805,6.9790143966674805,6.9790143966674805,0,0.0,0.0
2001-10-25,7.093425273895264,7.093425273895264,7.093425273895264,7.093425273895264,100,0.0,0.0
2001-10-26,7.322243690490723,7.322243690490723,7.322243690490723,7.322243690490723,0,0.0,0.0
2001-10-29,6.979012723953005,7.2078328132629395,6.979012723953005,7.2078328132629395,100,0.0,0.0
2001-10-30,7.4366540908813485,7.4366540908813485,7.207833965008076,7.436654090881348,200,0.0,0.0
2001-10-31,7.55106394631522,8.00870418548584,7.55106394631522,8.00870418548584,1100,0.0,0.0
2001-11-01,8.008704956840067,8.008704956840067,7.7798848152160645,7.7798848152160645,400,0.0,0.0
2001-11-02,7.7798848152160645,7.7798848152160645,7.7798848152160645,7.7798848152160645,0,0.0,0.0
2001-11-05,7.5510634094921505,7.665473461151123,7.5510634094921505,7.665473461151123,200,0.0,0.0
2001-11-06,7.894293698397551,7.894293698397551,7.551063537597657,7.551063537597656,300,0.0,0.0
2001-11-07,7.779883512810095,8.008703616128038,7.573945070672177,7.665473461151123,1400,0.0,0.0
2001-11-08,7.894293336106731,7.985821723937988,7.894293336106731,7.985821723937988,800,0.0,0.0
2001-11-09,7.6654732123665195,7.894293308258057,7.436653116474981,7.894293308258057,900,0.0,0.0
2001-11-12,7.8942948860280655,7.8942948860280655,7.7798848152160645,7.7798848152160645,100,0.0,0.0
2001-11-13,7.7798848152160645,7.7798848152160645,7.7798848152160645,7.7798848152160645,0,0.0,0.0
2001-11-14,7.7798848152160645,7.7798848152160645,7.7798848152160645,7.7798848152160645,100,0.0,0.0
2001-11-15,7.894293564469067,8.008703616128038,7.322243306174207,7.665473461151123,1600,0.0,0.0
2001-11-16,7.322243306174207,7.665473461151123,7.322243306174207,7.665473461151123,2300,0.0,0.0
2001-11-19,7.322243690490723,7.779883921146393,7.322243690490723,7.322243690490723,200,0.0,0.0
2001-11-20,7.665473591197621,7.665473591197621,7.551063537597657,7.551063537597656,100,0.0,0.0
2001-11-21,7.459537029266357,7.459537029266357,7.459537029266357,7.459537029266357,100,0.0,0.0
2001-11-23,7.459537029266357,7.459537029266357,7.459537029266357,7.459537029266357,0,0.0,0.0
2001-11-26,7.7798848152160645,7.7798848152160645,7.7798848152160645,7.7798848152160645,100,0.0,0.0
2001-11-27,7.551063537597657,7.551063537597657,7.551063537597657,7.551063537597656,200,0.0,0.0
2001-11-28,7.459535754316872,7.459535754316872,7.4366540908813485,7.436654090881348,400,0.0,0.0
2001-11-29,7.665473614916607,7.665473614916607,7.436653507008649,7.642591953277588,400,0.0,0.0
2001-11-30,7.642591929629403,7.871412036829333,7.436653483997692,7.551063537597656,3300,0.0,0.0
2001-12-03,7.4366540908813485,7.4366540908813485,7.4366540908813485,7.436654090881348,0,0.0,0.0
2001-12-04,7.459535754316872,7.459535754316872,7.207833965008076,7.436654090881348,2300,0.0,0.0
2001-12-05,7.2078328132629395,7.2078328132629395,7.2078328132629395,7.2078328132629395,100,0.0,0.0
2001-12-06,7.4366540908813485,7.4366540908813485,7.4366540908813485,7.436654090881348,2000,0.0,0.0
2001-12-07,7.207833965008076,7.4366540908813485,7.207833965008076,7.436654090881348,3300,0.0,0.0
2001-12-10,7.2078328132629395,7.436652902572875,7.2078328132629395,7.2078328132629395,1300,0.0,0.0
2001-12-11,7.4366540908813485,7.4366540908813485,7.276479828194156,7.436654090881348,2200,0.0,0.0
2001-12-12,7.4366540908813485,7.551064153817984,7.4366540908813485,7.436654090881348,1800,0.0,0.0
2001-12-13,7.4366540908813485,7.4366540908813485,7.4366540908813485,7.436654090881348,400,0.0,0.0
2001-12-14,7.551064153817984,7.551064153817984,7.207833965008076,7.436654090881348,1400,0.0,0.0
2001-12-17,7.322243690490723,7.322243690490723,7.322243690490723,7.322243690490723,400,0.0,0.0
2001-12-18,7.43665374815464,7.43665374815464,7.322243690490723,7.322243690490723,1400,0.0,0.0
2001-12-19,7.322243690490723,7.322243690490723,7.322243690490723,7.322243690490723,0,0.0,0.0
2001-12-20,7.207833632826805,7.322243690490723,7.207833632826805,7.322243690490723,1100,0.0,0.0
2001-12-21,6.864603776198168,7.551064153817984,6.864603776198168,7.436654090881348,4600,0.0,0.0
2001-12-24,7.665473461151123,7.665473461151123,7.665473461151123,7.665473461151123,0,0.0,0.0
2001-12-26,7.4366540908813485,7.4366540908813485,7.4366540908813485,7.436654090881348,100,0.0,0.0
2001-12-27,7.207833965008076,7.4366540908813485,7.207833965008076,7.436654090881348,100,0.0,0.0
2001-12-28,7.4366540908813485,7.894294342627893,7.4366540908813485,7.436654090881348,2100,0.0,0.0
2001-12-31,7.436655529083744,7.665475699209398,7.093425273895264,7.093425273895264,2600,0.0,0.0
2002-01-02,7.322243690490723,7.322243690490723,7.322243690490723,7.322243690490723,200,0.0,0.0
2002-01-03,7.093423575162888,7.322243690490723,7.093423575162888,7.322243690490723,1700,0.0,0.0
2002-01-04,7.551064153817984,8.214642868002278,7.4366540908813485,7.436654090881348,800,0.0,0.0
2002-01-07,7.665474006107876,8.00870418548584,7.665474006107876,8.00870418548584,500,0.0,0.0
2002-01-08,8.00870418548584,8.00870418548584,8.00870418548584,8.00870418548584,0,0.0,0.0
2002-01-09,7.665473752551609,8.237524032592773,7.665473752551609,8.237524032592773,300,0.0,0.0
2002-01-10,8.237524108886719,8.580754280090332,8.008703994750977,8.580754280090332,600,0.0,0.0
2002-01-11,8.580754484449114,9.038394723619733,8.00870418548584,8.00870418548584,1000,0.0,0.0
2002-01-14,8.237523452095363,8.237523452095363,7.894293308258057,7.894293308258057,1600,0.0,0.0
2002-01-15,8.008701700559804,8.123111724853516,8.008701700559804,8.123111724853516,300,0.0,0.0
2002-01-16,8.00870418548584,8.00870418548584,8.00870418548584,8.00870418548584,200,0.0,0.0
2002-01-17,8.237523215157646,8.237523215157646,6.864602679298038,7.2078328132629395,2200,0.0,0.0
2002-01-18,7.322243306174207,7.665473461151123,7.322243306174207,7.665473461151123,700,0.0,0.0
2002-01-22,7.5510634094921505,7.779883512810095,7.5510634094921505,7.665473461151123,200,0.0,0.0
2002-01-23,7.665473591197621,7.665473591197621,7.551063537597657,7.551063537597656,500,0.0,0.0
2002-01-24,7.665474744404063,7.7798848152160645,7.665474744404063,7.7798848152160645,100,0.0,0.0
2002-01-25,7.665473461151123,7.779883512810095,7.5510634094921505,7.665473461151123,1400,0.0,0.0
2002-01-28,7.665473461151123,7.665473461151123,7.665473461151123,7.665473461151123,0,0.0,0.0
2002-01-29,7.665473461151123,7.665473461151123,7.665473461151123,7.665473461151123,0,0.0,0.0
2002-01-30,7.551064673592062,7.7798848152160645,7.436654602780061,7.7798848152160645,400,0.0,0.0
2002-01-31,7.688353283385727,8.123111724853516,7.688353283385727,8.123111724853516,2600,0.0,0.0
2002-02-01,8.00870418548584,8.00870418548584,8.00870418548584,8.00870418548584,200,0.0,0.0
2002-02-04,8.123111724853516,8.123111724853516,8.123111724853516,8.123111724853516,700,0.0,0.0
2002-02-05,8.008701700559804,8.123111724853516,8.008701700559804,8.123111724853516,500,0.0,0.0
2002-02-06,8.237521749147227,8.351931773440938,8.123111724853516,8.123111724853516,1200,0.0,0.0
2002-02-07,8.123111724853516,8.123111724853516,8.123111724853516,8.123111724853516,0,0.0,0.0
2002-02-08,8.123111724853516,8.123111724853516,8.123111724853516,8.123111724853516,0,0.0,0.0
2002-02-11,8.123111724853516,8.123111724853516,8.123111724853516,8.123111724853516,0,0.0,0.0
2002-02-12,8.237523859197443,8.237523859197443,7.551063537597657,7.551063537597656,3300,0.0,0.0
2002-02-13,7.665473591197621,7.665473591197621,7.551063537597657,7.551063537597656,100,0.0,0.0
2002-02-14,7.4366540908813485,7.4366540908813485,7.4366540908813485,7.436654090881348,100,0.0,0.0
2002-02-15,7.665473461151123,7.665473461151123,7.665473461151123,7.665473461151123,0,0.0,0.0
2002-02-19,7.665473461151123,7.665473461151123,7.665473461151123,7.665473461151123,0,0.0,0.0
2002-02-20,7.779883512810095,7.894293564469067,7.5510634094921505,7.665473461151123,1000,0.0,0.0
2002-02-21,7.551063537597657,7.551063537597657,7.551063537597657,7.551063537597656,300,0.0,0.0
2002-02-22,7.551063537597657,7.551063537597657,7.551063537597657,7.551063537597656,0,0.0,0.0
2002-02-25,7.551063537597657,7.551063537597657,7.551063537597657,7.551063537597656,500,0.0,0.0
2002-02-26,7.665474744404063,7.7798848152160645,7.665474744404063,7.7798848152160645,500,0.0,0.0
2002-02-27,7.665474744404063,7.7798848152160645,7.665474744404063,7.7798848152160645,800,0.0,0.0
2002-02-28,7.894294125693185,8.00870418548584,7.894294125693185,8.00870418548584,800,0.0,0.0
2002-03-01,7.7798848152160645,8.008704956840067,7.7798848152160645,7.7798848152160645,1200,0.0,0.0
2002-03-04,7.7798848152160645,7.7798848152160645,7.7798848152160645,7.7798848152160645,0,0.0,0.0
2002-03-05,7.894293308258057,7.894293308258057,7.894293308258057,7.894293308258057,100,0.0,0.0
2002-03-06,7.779883252432435,7.779883252432435,7.3222430611128795,7.3451247215271,800,0.0,0.0
2002-03-07,7.3222428579179075,7.3222428579179075,7.2078328132629395,7.2078328132629395,400,0.0,0.0
2002-03-08,7.322243690490723,7.322243690490723,7.322243690490723,7.322243690490723,300,0.0,0.0
2002-03-11,7.322243690490723,7.322243690490723,7.322243690490723,7.322243690490723,0,0.0,0.0
2002-03-12,7.779883512810095,7.779883512810095,7.665473461151123,7.665473461151123,300,0.0,0.0
2002-03-13,7.665473461151123,7.665473461151123,7.665473461151123,7.665473461151123,0,0.0,0.0
2002-03-14,7.665473461151123,7.665473461151123,7.665473461151123,7.665473461151123,0,0.0,0.0
2002-03-15,7.665474744404063,7.7798848152160645,7.665474744404063,7.7798848152160645,400,0.0,0.0
2002-03-18,7.7798848152160645,7.7798848152160645,7.7798848152160645,7.7798848152160645,100,0.0,0.0
2002-03-19,7.665473461151123,7.779883512810095,7.665473461151123,7.665473461151123,300,0.0,0.0
2002-03-20,7.665473591197621,7.665473591197621,7.551063537597657,7.551063537597656,300,0.0,0.0
2002-03-21,7.7798848152160645,7.7798848152160645,7.459536267790634,7.7798848152160645,1200,0.0,0.0
2002-03-22,7.551063537597657,7.665473591197621,7.551063537597657,7.551063537597656,3400,0.0,0.0
2002-03-25,7.551063537597657,7.551063537597657,7.551063537597657,7.551063537597656,0,0.0,0.0
2002-03-26,7.551064153817984,7.551064153817984,7.4366540908813485,7.436654090881348,400,0.0,0.0
2002-03-27,7.459535754316872,7.459535754316872,7.4366540908813485,7.436654090881348,2000,0.0,0.0
2002-03-28,7.322243306174207,7.665473461151123,6.864603099538319,7.665473461151123,2900,0.0,0.0
2002-04-01,7.551063805818558,7.551063805818558,7.322243690490723,7.322243690490723,1000,0.0,0.0
2002-04-02,7.322243306174207,7.665473461151123,7.322243306174207,7.665473461151123,1100,0.0,0.0
2002-04-03,7.551063537597657,7.665473591197621,7.551063537597657,7.551063537597656,1000,0.0,0.0
2002-04-04,7.665473461151123,7.665473461151123,7.665473461151123,7.665473461151123,0,0.0,0.0
2002-04-05,7.551064153817984,7.551064153817984,7.322244027944712,7.436654090881348,2300,0.0,0.0
2002-04-08,7.551064673592062,7.7798848152160645,7.551064673592062,7.7798848152160645,2500,0.0,0.0
2002-04-09,7.77988406590053,8.00870418548584,7.55106394631522,8.00870418548584,8200,0.0,0.0
2002-04-10,8.123114989354061,9.015513886632107,8.123114989354061,8.923985481262207,11100,0.0,0.0
2002-04-11,9.152804118830984,9.381624221801758,8.809573964374822,9.381624221801758,3200,0.0,0.0
2002-04-12,9.381622824557992,9.839262962341309,9.381622824557992,9.839262962341309,14400,0.0,0.0
2002-04-15,9.839265906292459,10.754546455715014,9.839265906292459,10.525726318359375,20300,0.0,0.0
2002-04-16,10.754545366184086,10.86895542327115,10.41131519492289,10.731663703918457,4600,0.0,0.0
2002-04-17,10.640135347173455,10.685899544747945,10.1824951171875,10.1824951171875,2100,0.0,0.0
2002-04-18,10.411313650343153,10.411313650343153,10.296903610229492,10.296903610229492,2600,0.0,0.0
2002-04-19,10.502840995788574,10.502840995788574,10.502840995788574,10.502840995788574,0,0.0,0.0
2002-04-22,10.068083031232966,10.068083031232966,9.747734585632928,9.839262962341309,2400,0.0,0.0
2002-04-23,9.839264609596947,10.296904823996805,9.839264609596947,10.068084716796875,4800,0.0,0.0
2002-04-24,10.045203055228658,10.18249477039684,10.045203055228658,10.068084716796875,2100,0.0,0.0
2002-04-25,10.06808353000217,10.296903610229492,10.06808353000217,10.296903610229492,1600,0.0,0.0
2002-04-26,10.502844370319972,10.868956231056375,10.502844370319972,10.754546165466309,6600,0.0,0.0
2002-04-29,10.960484461162089,11.715590707664138,10.75454599717084,11.66982650756836,3400,0.0,0.0
2002-04-30,11.875764625637428,11.898646288579053,11.326595986243522,11.555416107177734,5900,0.0,0.0
2002-05-01,11.44100570678711,11.44100570678711,11.120657197845285,11.44100570678711,2700,0.0,0.0
2002-05-02,11.21218632159406,11.326596386100123,11.120657920837402,11.120657920837402,1400,0.0,0.0
2002-05-03,10.98336351532297,11.097773551940918,10.98336351532297,11.097773551940918,300,0.0,0.0
2002-05-06,11.326595651619408,11.326595651619408,10.64013530909702,10.731663703918457,1900,0.0,0.0
2002-05-07,10.525726581441944,10.525726581441944,9.610446009142645,9.953676223754883,2400,0.0,0.0
2002-05-08,10.068085059691011,10.1824951171875,10.068085059691011,10.1824951171875,200,0.0,0.0
2002-05-09,10.296903610229492,10.296903610229492,10.296903610229492,10.296903610229492,500,0.0,0.0
2002-05-10,10.1824951171875,10.1824951171875,10.068085059691011,10.1824951171875,900,0.0,0.0
2002-05-13,10.06808353000217,10.296903610229492,10.06808353000217,10.296903610229492,800,0.0,0.0
2002-05-14,10.296903610229492,10.296903610229492,10.182493570115831,10.296903610229492,1200,0.0,0.0
2002-05-15,10.296905174683989,10.296905174683989,10.1824951171875,10.1824951171875,200,0.0,0.0
2002-05-16,10.205376779535012,10.296905174683989,10.068085059691011,10.1824951171875,1000,0.0,0.0
2002-05-17,10.296904909741746,10.411314964294434,10.182494855189061,10.411314964294434,700,0.0,0.0
2002-05-20,10.411314964294434,10.411314964294434,10.411314964294434,10.411314964294434,400,0.0,0.0
2002-05-21,10.296904909741746,10.411314964294434,10.296904909741746,10.411314964294434,1600,0.0,0.0
2002-05-22,10.525723690456815,10.525723690456815,10.296903610229492,10.296903610229492,400,0.0,0.0
2002-05-23,10.388436317443848,10.388436317443848,10.388436317443848,10.388436317443848,0,0.0,0.0
2002-05-24,10.388431991472155,10.388431991472155,10.296903610229492,10.296903610229492,100,0.0,0.0
2002-05-28,10.411316249681557,10.525726318359375,10.068086043648098,10.525726318359375,700,0.0,0.0
2002-05-29,10.525725703085623,10.640135765075684,10.525725703085623,10.640135765075684,2000,0.0,0.0
2002-05-30,10.640135765075684,10.846074225809595,10.640135765075684,10.640135765075684,1400,0.0,0.0
2002-05-31,10.754544609471372,10.8689546585083,10.640134560434442,10.8689546585083,1200,0.0,0.0
2002-06-03,10.868956231056375,10.868956231056375,10.64013609987624,10.754546165466309,1000,0.0,0.0
2002-06-04,10.525723690456815,10.525723690456815,10.296903610229492,10.296903610229492,500,0.0,0.0
2002-06-05,10.525726318359375,10.525726318359375,10.525726318359375,10.525726318359375,500,0.0,0.0
2002-06-06,10.640136387037195,10.640136387037195,10.525726318359375,10.525726318359375,800,0.0,0.0
2002-06-07,10.296903610229492,10.411313650343153,10.06808353000217,10.296903610229492,2000,0.0,0.0
2002-06-10,10.068084800636376,10.525725018847119,10.068084800636376,10.411314964294434,800,0.0,0.0
2002-06-11,10.411313650343153,10.411313650343153,10.06808353000217,10.296903610229492,900,0.0,0.0
2002-06-12,10.18249477039684,10.18249477039684,9.724854555996982,10.068084716796875,4400,0.0,0.0
2002-06-13,10.182496366829707,10.29690643836712,9.953676223754883,9.953676223754883,1400,0.0,0.0
2002-06-14,9.83926598024645,9.83926598024645,9.496035771633201,9.816384315490723,1800,0.0,0.0
2002-06-17,9.724852927895478,9.839262962341309,9.6333245511871,9.839262962341309,300,0.0,0.0
2002-06-18,9.953672996787137,9.953672996787137,9.747734585632928,9.839262962341309,600,0.0,0.0
2002-06-19,9.953672238758632,9.953672238758632,9.610442161560059,9.610442161560059,1000,0.0,0.0
2002-06-20,9.724852187292916,9.724852187292916,9.152802058628627,9.610442161560059,3300,0.0,0.0
2002-06-21,9.152804455125189,9.610444677881448,9.152804455125189,9.496034622192383,3900,0.0,0.0
2002-06-24,9.381625799485194,9.496035870210624,9.267215728759766,9.267215728759766,200,0.0,0.0
2002-06-25,9.381624221801758,9.496034273287146,9.26721417031637,9.381624221801758,500,0.0,0.0
2002-06-26,9.496032135827202,9.724852187292916,9.496032135827202,9.610442161560059,1400,0.0,0.0
2002-06-27,9.839262962341309,9.839262962341309,9.839262962341309,9.839262962341309,0,0.0,0.0
2002-06-28,9.701970531298034,9.724852187292916,9.610442161560059,9.610442161560059,400,0.0,0.0
2002-07-01,9.610442679407276,9.701971054077148,9.610442679407276,9.701971054077148,100,0.0,0.0
2002-07-02,9.701971054077148,9.701971054077148,9.701971054077148,9.701971054077148,0,0.0,0.0
2002-07-03,9.610443805279052,9.610443805279052,9.267213669376229,9.290095329284668,500,0.0,0.0
2002-07-05,9.381624221801758,9.381624221801758,9.381624221801758,9.381624221801758,200,0.0,0.0
2002-07-08,9.267215728759766,9.33586159661911,9.152805658034337,9.267215728759766,4200,0.0,0.0
2002-07-09,9.244334063766507,9.267215728759766,8.80957544585805,9.267215728759766,900,0.0,0.0
2002-07-10,9.267214074919496,9.267214074919496,8.92398392399655,9.0383939743042,600,0.0,0.0
2002-07-11,9.0383947973382,9.0383947973382,8.2375243722576,8.351934432983398,1900,0.0,0.0
2002-07-12,8.46634414460924,8.46634414460924,8.008703920576307,8.237524032592773,4300,0.0,0.0
2002-07-15,8.351934432983398,8.4663444937092,8.008704250806,8.351934432983398,3600,0.0,0.0
2002-07-16,8.351933827271333,8.466343879699707,8.237523774842959,8.466343879699707,2700,0.0,0.0
2002-07-17,8.466343986589173,8.466343986589173,8.260405540466309,8.260405540466309,2700,0.0,0.0
2002-07-18,8.466344223022462,8.695164337158204,8.466344223022462,8.580754280090332,2500,0.0,0.0
2002-07-19,8.466344223022462,8.580754280090332,8.35193416595459,8.580754280090332,400,0.0,0.0
2002-07-22,8.580754280090332,8.580754280090332,8.580754280090332,8.580754280090332,100,0.0,0.0
2002-07-23,8.466344424656459,8.466344424656459,8.00870418548584,8.00870418548584,1000,0.0,0.0
2002-07-24,7.7798848152160645,7.8942948860280655,7.436654602780061,7.7798848152160645,1500,0.0,0.0
2002-07-25,7.5510634094921505,7.779883512810095,7.5510634094921505,7.665473461151123,800,0.0,0.0
2002-07-26,7.734121799468994,7.757004340871505,7.734121799468994,7.734121799468994,600,0.0,0.0
2002-07-29,7.779883644797586,7.779883644797586,7.551063537597657,7.551063537597656,2200,0.0,0.0
2002-07-30,7.665473461151123,7.665473461151123,7.665473461151123,7.665473461151123,100,0.0,0.0
2002-07-31,7.894296097767759,7.894296097767759,7.551065832647422,7.734121799468994,800,0.0,0.0
2002-08-01,7.779886009394313,7.779886009394313,7.734121799468994,7.734121799468994,500,0.0,0.0
2002-08-02,7.75700283050537,7.75700283050537,7.75700283050537,7.757002830505371,100,0.0,0.0
2002-08-05,7.7798848152160645,7.7798848152160645,7.7798848152160645,7.7798848152160645,800,0.0,0.0
2002-08-06,7.7798848152160645,7.7798848152160645,7.551064673592062,7.7798848152160645,1000,0.0,0.0
2002-08-07,7.7798848152160645,7.7798848152160645,7.7798848152160645,7.7798848152160645,1200,0.0,0.0
2002-08-08,7.779882875164708,7.779882875164708,7.6883544921875,7.6883544921875,200,0.0,0.0
2002-08-09,7.551064673592062,7.7798848152160645,7.551064673592062,7.7798848152160645,300,0.0,0.0
2002-08-12,7.5510634094921505,7.665473461151123,7.436653357833179,7.665473461151123,1000,0.0,0.0
2002-08-13,7.779883260312288,7.894293308258057,7.779883260312288,7.894293308258057,200,0.0,0.0
2002-08-14,7.779884494572889,7.779884494572889,7.551064362379569,7.757002830505371,600,0.0,0.0
2002-08-15,7.665473591197621,7.779883644797586,7.551063537597657,7.551063537597656,600,0.0,0.0
2002-08-16,7.5510634094921505,7.665473461151123,7.5510634094921505,7.665473461151123,300,0.0,0.0
2002-08-19,7.619710445404054,7.619710445404054,7.619710445404054,7.619710445404053,0,0.0,0.0
2002-08-20,7.55106394631522,8.00870418548584,7.436653886522565,8.00870418548584,1000,0.0,0.0
2002-08-21,8.008703552513092,8.351933704763653,8.008703552513092,8.306169509887695,1700,0.0,0.0
2002-08-22,8.351931773440938,8.46634179773465,7.894291676266093,8.123111724853516,3800,0.0,0.0
2002-08-23,8.008703356203826,8.008703356203826,7.779883260312288,7.894293308258057,800,0.0,0.0
2002-08-26,7.8942948860280655,8.008704956840067,7.7798848152160645,7.7798848152160645,1600,0.0,0.0
2002-08-27,7.573945817253509,7.573945817253509,7.413772427445824,7.436654090881348,700,0.0,0.0
2002-08-28,7.322244027944712,7.4366540908813485,7.230716064883354,7.436654090881348,300,0.0,0.0
2002-08-29,7.4366540908813485,7.4366540908813485,7.4366540908813485,7.436654090881348,0,0.0,0.0
2002-08-30,7.5510644025875076,7.5510644025875076,7.482418537139892,7.482418537139893,0,0.0,0.0
2002-09-03,7.43665374815464,7.5281821434375615,7.207833632826805,7.322243690490723,400,0.0,0.0
2002-09-04,7.436653483997692,7.665473591197621,7.207833376797764,7.551063537597656,1400,0.0,0.0
2002-09-05,7.665473591197621,7.665473591197621,7.551063537597657,7.551063537597656,100,0.0,0.0
2002-09-06,7.551063537597657,7.551063537597657,7.551063537597657,7.551063537597656,0,0.0,0.0
2002-09-09,7.436653483997692,7.665473591197621,7.436653483997692,7.551063537597656,2000,0.0,0.0
2002-09-10,7.573945070672177,7.894293564469067,7.5510634094921505,7.665473461151123,1000,0.0,0.0
2002-09-11,7.665473461151123,7.665473461151123,7.665473461151123,7.665473461151123,0,0.0,0.0
2002-09-12,7.734119317570622,7.779883512810095,7.5510634094921505,7.665473461151123,1700,0.0,0.0
2002-09-13,7.665473461151123,7.665473461151123,7.665473461151123,7.665473461151123,300,0.0,0.0
2002-09-16,7.665473461151123,7.665473461151123,7.665473461151123,7.665473461151123,300,0.0,0.0
2002-09-17,7.551063537597657,7.551063537597657,7.436653483997692,7.551063537597656,700,0.0,0.0
2002-09-18,7.436653357833179,7.665473461151123,7.436653357833179,7.665473461151123,800,0.0,0.0
2002-09-19,7.55106394631522,8.00870418548584,7.55106394631522,8.00870418548584,700,0.0,0.0
2002-09-20,7.894293864568075,8.237524032592773,7.894293864568075,8.237524032592773,300,0.0,0.0
2002-09-23,8.123114245278495,8.123114245278495,8.00870418548584,8.00870418548584,200,0.0,0.0
2002-09-24,8.00870418548584,8.00870418548584,8.00870418548584,8.00870418548584,100,0.0,0.0
2002-09-25,8.008703356203826,8.008703356203826,7.894293308258057,7.894293308258057,200,0.0,0.0
2002-09-26,7.894293308258057,7.894293308258057,7.894293308258057,7.894293308258057,200,0.0,0.0
2002-09-27,7.894293564469067,7.894293564469067,7.665473461151123,7.665473461151123,300,0.0,0.0
2002-09-30,7.551063537597657,7.551063537597657,7.551063537597657,7.551063537597656,200,0.0,0.0
2002-10-01,7.551064153817984,7.551064153817984,7.4366540908813485,7.436654090881348,300,0.0,0.0
2002-10-02,7.665473461151123,7.665473461151123,7.665473461151123,7.665473461151123,100,0.0,0.0
2002-10-03,7.779883808559842,8.237524032592773,7.779883808559842,8.237524032592773,2000,0.0,0.0
2002-10-04,8.237524032592773,8.237524032592773,8.237524032592773,8.237524032592773,0,0.0,0.0
2002-10-07,8.123113976584541,8.237524032592773,8.123113976584541,8.237524032592773,0,0.0,0.0
2002-10-08,8.237524032592773,8.237524032592773,8.237524032592773,8.237524032592773,100,0.0,0.0
2002-10-09,8.031585848292577,8.23752430507115,8.00870418548584,8.00870418548584,400,0.0,0.0
2002-10-10,7.8942925441911385,7.8942925441911385,7.3222423598294615,7.573944091796875,2100,0.0,0.0
2002-10-11,7.642593079393491,7.7798848152160645,7.642593079393491,7.7798848152160645,400,0.0,0.0
2002-10-14,7.688355122331148,7.688355122331148,7.665473461151123,7.665473461151123,200,0.0,0.0
2002-10-15,7.551061603384959,8.123111724853516,7.551061603384959,8.123111724853516,7100,0.0,0.0
2002-10-16,8.031585582626173,8.237524032592773,7.940058061547259,8.237524032592773,2700,0.0,0.0
2002-10-17,8.306169509887695,8.306169509887695,8.306169509887695,8.306169509887695,500,0.0,0.0
2002-10-18,8.123111724853516,8.123111724853516,8.123111724853516,8.123111724853516,700,0.0,0.0
2002-10-21,8.237524032592773,8.237524032592773,8.237524032592773,8.237524032592773,300,0.0,0.0
2002-10-22,8.008701700559804,8.123111724853516,8.008701700559804,8.123111724853516,200,0.0,0.0
2002-10-23,8.237524032592773,8.237524032592773,8.237524032592773,8.237524032592773,200,0.0,0.0
2002-10-24,8.237523452095363,8.237523452095363,7.779883260312288,7.894293308258057,900,0.0,0.0
2002-10-25,7.985822522679102,8.00870418548584,7.985822522679102,8.00870418548584,200,0.0,0.0
2002-10-28,7.894293308258057,7.894293308258057,7.436653116474981,7.894293308258057,1700,0.0,0.0
2002-10-29,7.779883260312288,7.894293308258057,7.322243068529212,7.894293308258057,2600,0.0,0.0
2002-10-30,7.7798848152160645,7.7798848152160645,7.32224453196806,7.7798848152160645,2700,0.0,0.0
2002-10-31,7.871413316285961,7.940059185028076,7.871413316285961,7.940059185028076,400,0.0,0.0
2002-11-01,7.779883260312288,7.940057502012244,7.779883260312288,7.894293308258057,1100,0.0,0.0
2002-11-04,7.779883260312288,7.894293308258057,7.688354872803916,7.894293308258057,600,0.0,0.0
2002-11-05,8.00870418548584,8.00870418548584,8.00870418548584,8.00870418548584,200,0.0,0.0
2002-11-06,8.00870418548584,8.00870418548584,8.00870418548584,8.00870418548584,0,0.0,0.0
2002-11-07,7.985822522679102,8.00870418548584,7.985822522679102,8.00870418548584,400,0.0,0.0
2002-11-08,7.894293564469067,7.894293564469067,7.665473461151123,7.665473461151123,600,0.0,0.0
2002-11-11,7.55106316442075,8.008703356203826,7.55106316442075,7.894293308258057,1100,0.0,0.0
2002-11-12,7.94005586055942,8.123111724853516,7.94005586055942,8.123111724853516,700,0.0,0.0
2002-11-13,8.237524328922635,8.580754509294412,8.237524328922635,8.534990310668945,3300,0.0,0.0
2002-11-14,8.580754509294412,8.672282906545348,8.443462786297497,8.534990310668945,2900,0.0,0.0
2002-11-15,8.374817532659524,8.443464279174805,8.306171659023882,8.443464279174805,2700,0.0,0.0
2002-11-18,8.443462786297497,8.580754509294412,8.237524328922635,8.534990310668945,700,0.0,0.0
2002-11-19,8.557872270794178,8.557872270794178,8.351933827271333,8.466343879699707,1000,0.0,0.0
2002-11-20,8.466343879699707,8.466343879699707,8.260405436176862,8.466343879699707,500,0.0,0.0
2002-11-21,8.35193416595459,8.580754280090332,8.35193416595459,8.580754280090332,700,0.0,0.0
2002-11-22,8.46634375551384,8.46634375551384,8.191759459137508,8.306169509887695,1700,0.0,0.0
2002-11-25,8.4663444937092,8.4663444937092,8.260406035250963,8.351934432983398,200,0.0,0.0
2002-11-26,8.237524032592773,8.351934088601007,8.077349779605356,8.237524032592773,2900,0.0,0.0
2002-11-27,8.237524032592773,8.237524032592773,8.237524032592773,8.237524032592773,2000,0.0,0.0
2002-11-29,8.12311609360074,8.237526179426101,8.031587675788575,8.19176197052002,200,0.0,0.0
2002-12-02,8.237524032592773,8.237524032592773,8.237524032592773,8.237524032592773,1000,0.0,0.0
2002-12-03,8.2375243722576,8.351934432983398,8.2375243722576,8.351934432983398,500,0.0,0.0
2002-12-04,8.283288192829216,8.42057991027832,8.237523996053032,8.42057991027832,400,0.0,0.0
2002-12-05,8.306169891621822,8.306169891621822,8.237524032592773,8.237524032592773,1300,0.0,0.0
2002-12-06,8.237524032592773,8.237524032592773,8.237524032592773,8.237524032592773,100,0.0,0.0
2002-12-09,8.123114311531799,8.351934432983398,8.123114311531799,8.351934432983398,1000,0.0,0.0
2002-12-10,8.351934432983398,8.351934432983398,8.123114311531799,8.351934432983398,800,0.0,0.0
2002-12-11,7.894293864568075,8.351934088601007,7.894293864568075,8.237524032592773,1900,0.0,0.0
2002-12-12,8.35193405155377,8.42057991027832,8.35193405155377,8.42057991027832,300,0.0,0.0
2002-12-13,8.351934088601007,8.351934088601007,8.237524032592773,8.237524032592773,600,0.0,0.0
2002-12-16,8.2375243722576,8.351934432983398,8.2375243722576,8.351934432983398,800,0.0,0.0
2002-12-17,8.443462218365804,8.466343879699707,8.443462218365804,8.466343879699707,1100,0.0,0.0
2002-12-18,8.4663444937092,8.4663444937092,8.2375243722576,8.351934432983398,300,0.0,0.0
2002-12-19,8.306169968551549,8.580754280090332,8.008703994750977,8.580754280090332,3300,0.0,0.0
2002-12-20,8.580754948900893,8.809575080871582,8.580754948900893,8.809575080871582,1600,0.0,0.0
2002-12-23,8.740928180103692,8.740928180103692,8.466343879699707,8.466343879699707,400,0.0,0.0
2002-12-24,8.534990310668945,8.534990310668945,8.534990310668945,8.534990310668945,0,0.0,0.0
2002-12-26,8.4663444937092,8.580754554435,8.351934432983398,8.351934432983398,600,0.0,0.0
2002-12-27,8.443462384807754,9.152804374694824,8.443462384807754,9.152804374694824,2300,0.0,0.0
2002-12-30,9.381622110094343,9.724852187292916,9.152802058628627,9.610442161560059,2700,0.0,0.0
2002-12-31,9.724855628051214,10.045204162597656,9.633327225929508,10.045204162597656,1400,0.0,0.0
2003-01-02,9.83926615221747,10.068086295292295,9.610446009142645,9.953676223754883,1900,0.0,0.0
2003-01-03,9.839262962341309,9.862144620078757,9.839262962341309,9.839262962341309,500,0.0,0.0
2003-01-06,9.839264531930286,11.212185164292652,9.839264531930286,10.983365058898926,7900,0.0,0.0
2003-01-07,11.212187140879005,11.395243082888866,10.98336699514678,11.326597213745117,3700,0.0,0.0
2003-01-08,11.441005746469177,11.441005746469177,11.0977755740751,11.257949829101562,7300,0.0,0.0
2003-01-09,11.212183740720393,11.257947930564503,10.868953626208544,11.074892044067383,11600,0.0,0.0
2003-01-10,11.074892044067381,11.074892044067381,10.89183528469094,11.074892044067383,10900,0.0,0.0
2003-01-13,11.257949942276893,11.441005861484754,11.235067406826238,11.418124198913574,1300,0.0,0.0
2003-01-14,11.44100637996898,11.66982650756836,11.44100637996898,11.66982650756836,1600,0.0,0.0
2003-01-15,11.669825820922853,11.669825820922853,11.235067254913156,11.44100570678711,3000,0.0,0.0
2003-01-16,11.555415763854981,12.127466049194336,10.983365478515626,11.44100570678711,6400,0.0,0.0
2003-01-17,11.235066566866353,11.555415056189712,11.097774855944575,11.21218490600586,1500,0.0,0.0
2003-01-21,11.097774855944575,11.326594956067144,10.868954755822006,11.21218490600586,2400,0.0,0.0
2003-01-22,11.326597006058286,11.326597006058286,10.846075057983398,10.846075057983398,900,0.0,0.0
2003-01-23,10.754543770684135,10.754543770684135,10.182493570115831,10.296903610229492,1900,0.0,0.0
2003-01-24,10.4113126235725,10.525722652402969,10.296902594742035,10.502840995788574,900,0.0,0.0
2003-01-27,10.502842031585816,10.525723690456815,10.296903610229492,10.296903610229492,700,0.0,0.0
2003-01-28,10.182496188859698,10.296906258397447,9.61044584117095,9.816384315490723,3000,0.0,0.0
2003-01-29,9.816381085974854,9.816381085974854,9.496032647509569,9.701971054077148,1400,0.0,0.0
2003-01-30,9.724852711304981,9.724852711304981,9.541796834844506,9.701971054077148,900,0.0,0.0
2003-01-31,9.63332381755494,9.724852187292916,9.496032135827202,9.610442161560059,1400,0.0,0.0
2003-02-03,9.5417988190439,9.679090536718997,9.381624566503318,9.496034622192383,1900,0.0,0.0
2003-02-04,9.518913791822083,9.610442161560059,9.518913791822083,9.610442161560059,100,0.0,0.0
2003-02-05,9.518914304737402,9.701971054077148,9.381622615611864,9.701971054077148,1900,0.0,0.0
2003-02-06,9.701973576350971,9.701973576350971,9.404506717779473,9.587563514709473,1500,0.0,0.0
2003-02-07,9.587562663627223,9.610444324772532,9.152804118830984,9.381624221801758,2400,0.0,0.0
2003-02-10,9.267212084361486,9.610442161560059,9.267212084361486,9.610442161560059,500,0.0,0.0
2003-02-11,9.381625054602972,9.587563514709473,9.381625054602972,9.587563514709473,400,0.0,0.0
2003-02-12,9.496037083877438,9.564682960510254,9.496037083877438,9.564682960510254,200,0.0,0.0
2003-02-13,9.518917008680967,9.541799545288086,9.518917008680967,9.541799545288086,100,0.0,0.0
2003-02-14,9.518915934432455,9.518915934432455,9.152804118830984,9.381624221801758,1500,0.0,0.0
2003-02-18,9.290096930288279,9.427389532037274,9.26721526643654,9.358743667602539,400,0.0,0.0
2003-02-19,9.152803821993091,9.152803821993091,8.80957367866835,8.901102066040039,2300,0.0,0.0
2003-02-20,8.878219729297609,9.0383939743042,8.878219729297609,9.0383939743042,1000,0.0,0.0
2003-02-21,8.923984300380155,8.969748497009277,8.695164190113998,8.969748497009277,1500,0.0,0.0
2003-02-24,9.152804374694824,9.26721442937851,9.152804374694824,9.152804374694824,600,0.0,0.0
2003-02-25,9.221449049289827,9.221449049289827,9.198567390441895,9.198567390441895,800,0.0,0.0
2003-02-26,9.221450232929147,9.221450232929147,9.152804374694824,9.152804374694824,300,0.0,0.0
2003-02-27,9.152805561330316,9.152805561330316,9.038395491813688,9.107041358947754,200,0.0,0.0
2003-02-28,9.129922712909865,9.152804374694824,8.946865927112412,9.152804374694824,1100,0.0,0.0
2003-03-03,9.152804374694824,9.152804374694824,9.03839432001114,9.152804374694824,700,0.0,0.0
2003-03-04,9.244333966095443,9.244333966095443,9.107041358947754,9.107041358947754,200,0.0,0.0
2003-03-05,8.946865143384926,9.152803572927544,8.923983483604355,9.129921913146973,3600,0.0,0.0
2003-03-06,9.152805561330316,9.152805561330316,8.946867087048561,9.107041358947754,400,0.0,0.0
2003-03-07,9.038393159868361,9.221449049289827,8.923983119870027,9.198567390441895,1700,0.0,0.0
2003-03-10,9.152803572927544,9.152803572927544,8.946865143384926,9.129921913146973,1100,0.0,0.0
2003-03-11,9.244333864927203,9.244333864927203,8.923985324634652,8.946866989135742,700,0.0,0.0
2003-03-12,9.015513827062184,9.107041358947754,9.015513827062184,9.107041358947754,200,0.0,0.0
2003-03-13,9.107039829912905,9.129922363702082,9.0383939743042,9.0383939743042,200,0.0,0.0
2003-03-14,8.969747657555247,9.381623642912102,8.969747657555247,9.31297779083252,2600,0.0,0.0
2003-03-17,9.244332767593551,9.26721442937851,9.084158516460503,9.152804374694824,1800,0.0,0.0
2003-03-18,9.381624125227143,9.61044422584244,9.0383939743042,9.0383939743042,3400,0.0,0.0
2003-03-19,9.129920402633745,9.724852187292916,9.061273688890651,9.610442161560059,7300,0.0,0.0
2003-03-20,9.839265301168972,9.88502950040147,9.404506717779473,9.587563514709473,1400,0.0,0.0
2003-03-21,9.267213598486343,9.358741983178696,9.221449406140167,9.31297779083252,1100,0.0,0.0
2003-03-24,9.152804374694824,9.152804374694824,9.01551265822618,9.152804374694824,3400,0.0,0.0
2003-03-25,8.946865143384926,9.129921913146973,8.946865143384926,9.129921913146973,600,0.0,0.0
2003-03-26,8.923984265327453,9.152804374694824,8.923984265327453,9.152804374694824,600,0.0,0.0
2003-03-27,9.175685968555664,9.610444522287093,9.175685968555664,9.518916130065918,1000,0.0,0.0
2003-03-28,9.541799315476972,9.587563514709473,9.381625054602972,9.587563514709473,900,0.0,0.0
2003-03-31,9.587560505565177,9.610442161560059,9.587560505565177,9.610442161560059,3200,0.0,0.0
2003-04-01,9.610444829705058,10.411315232180478,9.31297885479008,10.1824951171875,4400,0.0,0.0
2003-04-02,10.296903610229492,10.754543770684135,10.182493570115831,10.296903610229492,3800,0.0,0.0
2003-04-03,10.18249284254641,10.319784531721169,10.090964467843722,10.251138687133789,2000,0.0,0.0
2003-04-04,10.090966378365094,10.296904823996805,9.862146271165164,10.068084716796875,1700,0.0,0.0
2003-04-07,9.953673489888509,10.525723690456815,9.953673489888509,10.296903610229492,4900,0.0,0.0
2003-04-08,10.411314964294434,10.685899269796769,10.274023247982988,10.411314964294434,6700,0.0,0.0
2003-04-09,10.296902874485134,10.342667061836478,10.159611185310373,10.251138687133789,1800,0.0,0.0
2003-04-10,10.159613193430301,10.411314964294434,10.090966462395134,10.411314964294434,3200,0.0,0.0
2003-04-11,10.296903390008312,10.41131342767507,10.251139200365746,10.342667579650879,600,0.0,0.0
2003-04-14,10.18249284254641,10.457077093775201,10.068082810607686,10.251138687133789,1500,0.0,0.0
2003-04-15,10.136728655195066,10.274021217249098,9.953672778668963,10.251138687133789,2700,0.0,0.0
2003-04-16,10.251138131088217,10.251138131088217,9.152802058628627,9.610442161560059,3800,0.0,0.0
2003-04-17,9.496035128534949,9.54179932782668,9.061276544582753,9.221450805664062,1900,0.0,0.0
2003-04-21,9.152803554060586,9.427387835258278,8.923983465209071,9.31297779083252,4400,0.0,0.0
2003-04-22,9.381625774982949,9.793501853942871,9.381625774982949,9.793501853942871,1300,0.0,0.0
2003-04-23,9.793501130211796,9.793501130211796,9.610445205632786,9.747736930847168,700,0.0,0.0
2003-04-24,9.633327298424497,10.045204238192198,9.610445634161643,10.022321701049805,3400,0.0,0.0
2003-04-25,10.113849257265501,10.205376779535012,9.976556664542034,10.1824951171875,600,0.0,0.0
2003-04-28,10.182493570115831,10.296903610229492,9.839263449774847,10.296903610229492,3100,0.0,0.0
2003-04-29,10.411313650343153,10.411313650343153,10.182493570115831,10.296903610229492,500,0.0,0.0
2003-04-30,10.0680867303611,10.640137112767981,10.0680867303611,10.571491241455078,1600,0.0,0.0
2003-05-01,10.640134560434442,10.8689546585083,10.571488705588164,10.8689546585083,1800,0.0,0.0
2003-05-02,10.868956231056375,10.983366296646443,10.754546165466309,10.754546165466309,1100,0.0,0.0
2003-05-05,10.75454884715711,10.960487365722656,10.640138753038418,10.960487365722656,2100,0.0,0.0
2003-05-06,10.77743051682895,10.960487365722656,10.708784634933684,10.960487365722656,1300,0.0,0.0
2003-05-07,10.800313059380537,10.960487365722656,10.800313059380537,10.960487365722656,700,0.0,0.0
2003-05-08,10.983363967852988,11.418122474065573,10.754543885189385,10.823189735412598,6200,0.0,0.0
2003-05-09,11.052012661638535,11.1664227324068,10.525726510680427,10.846075057983398,3700,0.0,0.0
2003-05-12,10.8689546585083,10.8689546585083,10.640134560434442,10.8689546585083,2100,0.0,0.0
2003-05-13,10.983365629261176,11.052011489868164,10.640135453346765,11.052011489868164,2200,0.0,0.0
2003-05-14,10.8689546585083,10.914718852698954,10.09096597590542,10.8689546585083,4400,0.0,0.0
2003-05-15,10.754545366184086,10.800309563594803,10.708781168773367,10.731663703918457,1300,0.0,0.0
2003-05-16,10.640134932386513,10.84607337700383,10.640134932386513,10.800309181213379,800,0.0,0.0
2003-05-19,10.86895833686935,10.86895833686935,10.159616141930808,10.388436317443848,3900,0.0,0.0
2003-05-20,10.296905137835827,10.754545366184086,10.296905137835827,10.731663703918457,1500,0.0,0.0
2003-05-21,10.800309563594803,10.800309563594803,10.663016971362648,10.731663703918457,2400,0.0,0.0
2003-05-22,10.617254916446868,10.98336679375349,10.617254916446868,10.846075057983398,3500,0.0,0.0
2003-05-23,10.868955730682366,10.914719929387452,10.548607212626248,10.663017272949219,1800,0.0,0.0
2003-05-27,10.80030865216381,10.960482893144594,10.754544458615102,10.891836166381836,2000,0.0,0.0
2003-05-28,10.82319046431765,11.166420611428437,10.82319046431765,10.8689546585083,4300,0.0,0.0
2003-05-29,10.983365629261176,11.097775687899313,10.846073908047202,11.052011489868164,2900,0.0,0.0
2003-05-30,11.074893195084082,11.21218490600586,10.868954755822006,11.21218490600586,3500,0.0,0.0
2003-06-02,11.326595201898144,11.532533645629881,11.212185149353719,11.532533645629883,14300,0.0,0.0
2003-06-03,11.555416598279415,11.784236728938414,11.326596467620417,11.646944999694824,9300,0.0,0.0
2003-06-04,11.784235281603678,13.157155896936144,11.646943569222199,12.813925743103027,15600,0.0,0.0
2003-06-05,12.58510805622191,13.958028935082483,12.356287909745149,13.752090454101562,32600,0.0,0.0
2003-06-06,14.072437562233159,14.392786083533355,13.271567131862167,13.84361743927002,12400,0.0,0.0
2003-06-09,14.072436519998517,14.186846573006635,12.951217651367188,12.951217651367188,14800,0.0,0.0
2003-06-10,12.928336713392456,13.271566891624113,12.585106535160797,12.99698257446289,10900,0.0,0.0
2003-06-11,13.225802693283997,13.271566891624113,12.516460674090363,12.99698257446289,8400,0.0,0.0
2003-06-12,12.813925743103027,13.385975999491556,12.699515691825322,12.813925743103027,9400,0.0,0.0
2003-06-13,13.0427478292714,13.385978035304857,12.699517623237941,13.157157897949219,14300,0.0,0.0
2003-06-16,13.042748216722831,14.072438865411476,13.042748216722831,13.958028793334961,7300,0.0,0.0
2003-06-17,13.843617719762465,13.935146119954023,13.157157336964326,13.614797592163086,10100,0.0,0.0
2003-06-18,13.614797592163086,13.820736056154333,13.500387528363396,13.614797592163086,11800,0.0,0.0
2003-06-19,13.385975739489322,13.729205886655713,13.385975739489322,13.591914176940918,11900,0.0,0.0
2003-06-20,13.729207038879395,13.980908818773727,13.385976862907409,13.729207038879395,6900,0.0,0.0
2003-06-23,13.843616906208032,13.843616906208032,12.013055992990441,12.516460418701172,15400,0.0,0.0
2003-06-24,12.42493133802977,13.340211744114901,12.42493133802977,13.180037498474121,11000,0.0,0.0
2003-06-25,13.22580376458,13.500388103982678,12.92833776059358,13.157157897949219,4900,0.0,0.0
2003-06-26,13.180040191041419,13.271568599500155,12.585108154698423,13.04274845123291,5100,0.0,0.0
2003-06-27,13.042746466559333,13.340212439466374,12.653752099121146,12.699516296386719,5100,0.0,0.0
2003-06-30,12.699514339095417,13.958024769095864,12.10458248497421,12.150345802307129,76800,0.0,0.0
2003-07-01,12.585108307230481,13.019866943359375,11.78423777858854,13.019866943359375,31300,0.0,0.0
2003-07-02,13.157155896936144,13.157155896936144,12.356285537992205,12.813925743103027,12900,0.0,0.0
2003-07-03,12.928336297614555,12.996982156477326,12.813926241883452,12.905454635620117,4000,0.0,0.0
2003-07-07,12.928336988515232,13.0427470503605,12.585106802979428,12.768162727355957,4600,0.0,0.0
2003-07-08,12.813922119140624,12.813922119140624,12.287636206680327,12.585102081298828,7900,0.0,0.0
2003-07-09,12.585104300004469,12.585104300004469,12.127464143640669,12.150345802307129,13800,0.0,0.0
2003-07-10,12.241876025292331,12.470696137914617,11.715589940836963,11.807117462158203,11400,0.0,0.0
2003-07-11,12.03593836257556,12.03593836257556,11.60118064386445,11.66982650756836,5100,0.0,0.0
2003-07-14,11.784237140844946,11.875765545459641,11.532535337473867,11.738472938537598,5100,0.0,0.0
2003-07-15,11.784236228111947,11.898646288579053,11.441006046710628,11.555416107177734,7500,0.0,0.0
2003-07-16,11.555415763854981,11.692707483184641,11.212185592651368,11.44100570678711,12700,0.0,0.0
2003-07-17,11.326595831442122,12.539342281242858,11.166421574401388,11.94441032409668,24400,0.0,0.0
2003-07-18,12.127464018505787,12.539339980407478,11.441003791043196,11.624059677124023,13900,0.0,0.0
2003-07-21,11.555414903511123,12.104583485701033,11.30371314585373,11.784235000610352,5500,0.0,0.0
2003-07-22,12.013058341466465,12.058822547819407,11.555418023696314,11.898648262023926,3100,0.0,0.0
2003-07-23,11.898648262023928,11.94441246837687,11.326597864811237,11.898648262023926,4500,0.0,0.0
2003-07-24,11.8986458563589,11.921527518469347,11.784235800047759,11.807117462158203,4100,0.0,0.0
2003-07-25,11.89864945722675,12.013059548161623,11.669829275357005,11.852885246276855,2900,0.0,0.0
2003-07-28,11.62406506440711,11.875767788191665,11.578300853457218,11.852885246276855,2700,0.0,0.0
2003-07-29,11.852884055670986,11.898648262023928,11.555418023696314,11.898648262023926,3200,0.0,0.0
2003-07-30,11.898646794267913,11.898646794267913,11.326596467620417,11.646944999694824,5700,0.0,0.0
2003-07-31,11.441004854961507,11.829999194606078,11.441004854961507,11.784235000610352,2600,0.0,0.0
2003-08-01,11.784235453274885,11.829999649028537,11.441005294441636,11.692707061767578,3400,0.0,0.0
2003-08-04,11.60118079898712,11.738472528230709,11.555416598279415,11.646944999694824,1500,0.0,0.0
2003-08-05,11.555417002187761,11.76135547613105,11.555417002187761,11.738472938537598,4700,0.0,0.0
2003-08-06,11.624062307472581,11.761354907759918,11.463888043577112,11.66982650756836,2200,0.0,0.0
2003-08-07,11.441006532949915,11.669826663608914,10.640136075643422,11.646944999694824,12000,0.0,0.0
2003-08-08,11.646947220291258,11.78423897571077,11.4410087142823,11.761357307434082,2700,0.0,0.0
2003-08-11,11.441003213172419,11.761351652292955,11.34947483831533,11.372357368469238,3400,0.0,0.0
2003-08-12,11.349477979777422,11.66982650756836,11.28083211607351,11.66982650756836,2600,0.0,0.0
2003-08-13,11.441006046710628,11.66982616764484,11.212185925776415,11.555416107177734,6100,0.0,0.0
2003-08-14,11.624061623519811,11.624061623519811,11.235067254913156,11.44100570678711,1900,0.0,0.0
2003-08-15,11.418124198913574,11.418124198913574,11.418124198913574,11.418124198913574,300,0.0,0.0
2003-08-18,11.555415763854981,11.715590018325894,11.212185592651368,11.44100570678711,4100,0.0,0.0
2003-08-19,11.326595802869907,11.509651722077768,10.754545509795669,11.418124198913574,4400,0.0,0.0
2003-08-20,11.326595802869907,11.555415920099602,10.754545509795669,11.418124198913574,4300,0.0,0.0
2003-08-21,11.441005205062288,11.669825309163533,11.212185100961042,11.34947681427002,2800,0.0,0.0
2003-08-22,11.235068089845413,11.326596491453415,11.235068089845413,11.280832290649414,2100,0.0,0.0
2003-08-25,11.212183588558867,11.235065246730732,11.097773551940918,11.097773551940918,2500,0.0,0.0
2003-08-26,11.097774855944575,11.21218490600586,10.98336480588329,11.21218490600586,2500,0.0,0.0
2003-08-27,11.212187140879005,11.326597213745115,10.98336699514678,11.326597213745117,3200,0.0,0.0
2003-08-28,11.212184878616409,11.418123317375413,11.14353902332321,11.395240783691406,7400,0.0,0.0
2003-08-29,11.212188546167562,11.669828894990728,11.212188546167562,11.578300476074219,3800,0.0,0.0
2003-09-02,11.646944843960227,11.78423657136805,11.32659631616929,11.66982650756836,3400,0.0,0.0
2003-09-03,11.784235000610352,11.784235000610352,11.372359000407618,11.784235000610352,3100,0.0,0.0
2003-09-04,11.83000023535113,11.85288189792231,11.39524166346292,11.418124198913574,3600,0.0,0.0
2003-09-05,11.441005205062288,11.532533595854556,11.212185100961042,11.34947681427002,2500,0.0,0.0
2003-09-08,11.326595986243522,11.555416107177734,11.23506758871804,11.555416107177734,3800,0.0,0.0
2003-09-09,11.66982597871445,11.66982597871445,11.39524166346292,11.418124198913574,4000,0.0,0.0
2003-09-10,11.418121555897784,11.555413245304143,11.326593181040694,11.372357368469238,7000,0.0,0.0
2003-09-11,11.441005861484754,11.441005861484754,11.326595802869907,11.418124198913574,2100,0.0,0.0
2003-09-12,11.44100570678711,11.44100570678711,11.349477311981028,11.44100570678711,1700,0.0,0.0
2003-09-15,11.78423898219652,12.333407749936196,11.555418807784937,11.578300476074219,7600,0.0,0.0
2003-09-16,11.784236728938414,11.898646794267913,11.441006532949915,11.646944999694824,2800,0.0,0.0
2003-09-17,11.646943291502573,12.013055097709582,11.646943291502573,11.784235000610352,5700,0.0,0.0
2003-09-18,11.555414903511123,11.784235000610352,11.509650709515396,11.784235000610352,8600,0.0,0.0
2003-09-19,11.784236728938414,11.852882593560208,11.48677073365762,11.646944999694824,4900,0.0,0.0
2003-09-22,11.555415306986996,11.898645464620273,11.441005254442569,11.532533645629883,3100,0.0,0.0
2003-09-23,11.532537133148436,11.898649062853591,11.486772923715368,11.761357307434082,9700,0.0,0.0
2003-09-24,11.532537133148436,11.78423897571077,11.326598627139477,11.761357307434082,9300,0.0,0.0
2003-09-25,11.898646525671511,11.898646525671511,11.46388793808171,11.509652137756348,4600,0.0,0.0
2003-09-26,11.44100570678711,11.624061623519811,11.280831452316198,11.44100570678711,6400,0.0,0.0
2003-09-29,11.39524150938407,11.555415763854981,11.212185592651368,11.44100570678711,2000,0.0,0.0
2003-09-30,11.32659832721669,11.44100841132999,11.166424034882136,11.303716659545898,2800,0.0,0.0
2003-10-01,11.486772923715368,11.78423897571077,11.4410087142823,11.761357307434082,8500,0.0,0.0
2003-10-02,11.60118079898712,11.852882593560208,11.60118079898712,11.646944999694824,11700,0.0,0.0
2003-10-03,11.646943291502573,11.784235000610352,11.555414903511123,11.784235000610352,3800,0.0,0.0
2003-10-06,11.898645049159967,11.898645049159967,11.441004854961507,11.784235000610352,7900,0.0,0.0
2003-10-07,11.78423928654432,11.898649376704945,11.669829196383695,11.875767707824707,3800,0.0,0.0
2003-10-08,11.784235726889815,11.852881585674448,11.532533953719678,11.829999923706055,3500,0.0,0.0
2003-10-09,11.784234547715164,12.013054636020312,11.120655942478486,11.143538475036621,6000,0.0,0.0
2003-10-10,11.143537741163959,11.326593625176814,11.052009362717879,11.097773551940918,10600,0.0,0.0
2003-10-13,11.166420953760062,11.669825359531421,11.166420953760062,11.532533645629883,13000,0.0,0.0
2003-10-14,11.32659457070487,12.013054847717285,11.32659457070487,12.013054847717285,6700,0.0,0.0
2003-10-15,11.8986461259594,12.241876302669768,11.830000265193222,11.94441032409668,4800,0.0,0.0
2003-10-16,11.99017318763529,12.013054847717285,11.829998948423183,12.013054847717285,3100,0.0,0.0
2003-10-17,11.8986458563589,12.013055912670044,11.784235800047759,11.807117462158203,6300,0.0,0.0
2003-10-20,11.669824952060736,11.784235000610352,11.669824952060736,11.784235000610352,2800,0.0,0.0
2003-10-21,11.761354907759918,11.78423657136805,11.44100637996898,11.66982650756836,3600,0.0,0.0
2003-10-22,11.646943569222199,12.928335794380734,11.532533517944493,12.813925743103027,19600,0.0,0.0
2003-10-23,12.699516296386719,12.813926353110924,12.356286126214105,12.699516296386719,8600,0.0,0.0
2003-10-24,12.699513873590483,12.722395531418208,12.516457992330803,12.607985496520996,1800,0.0,0.0
2003-10-27,12.630870436928088,12.813926353110924,12.585106239662514,12.699516296386719,3100,0.0,0.0
2003-10-28,12.699517177271677,13.24868583679199,12.699517177271677,13.248685836791992,4100,0.0,0.0
2003-10-29,13.019865402098619,13.340213051905637,12.813926941388784,13.294448852539062,6200,0.0,0.0
2003-10-30,13.294449631210782,13.317332168674076,13.019866164687658,13.157157897949219,4300,0.0,0.0
2003-10-31,13.13427636850186,13.683444180077958,13.042747963466063,13.660562515258789,9100,0.0,0.0
2003-11-03,13.7292072240548,14.301257525057084,13.614797163854345,13.866498947143555,8900,0.0,0.0
2003-11-04,13.637681790337087,14.186850547790527,13.408861620211432,14.186850547790527,12100,0.0,0.0
2003-11-05,14.30125900956451,14.30125900956451,13.157158288799348,13.958028793334961,29500,0.0,0.0
2003-11-06,13.729208149110207,13.95802828492871,13.523269677721736,13.706326484680176,8400,0.0,0.0
2003-11-07,13.729207655962776,13.729207655962776,13.523269191971528,13.614797592163086,3800,0.0,0.0
2003-11-10,13.61479557793716,13.706323964587652,13.271565437316895,13.271565437316895,3700,0.0,0.0
2003-11-11,13.29444873291566,13.500387191772461,13.271567069878012,13.500387191772461,2400,0.0,0.0
2003-11-12,13.500388013291705,13.95802828492871,13.500388013291705,13.706326484680176,9000,0.0,0.0
2003-11-13,13.546152445403823,13.706326717776687,13.454624040368026,13.660562515258789,1400,0.0,0.0
2003-11-14,13.66056036254951,13.683442023762856,13.317330207072786,13.340211868286133,3600,0.0,0.0
2003-11-17,13.157158525366532,13.157158525366532,12.699518228832044,13.04274845123291,3600,0.0,0.0
2003-11-18,13.065627506762212,13.271565948213851,12.813925743103027,12.813925743103027,2300,0.0,0.0
2003-11-19,12.813927466143902,13.225803531551191,12.722399063662488,13.202921867370605,1400,0.0,0.0
2003-11-20,13.225804328918457,13.27156853291823,12.951219977799402,13.225804328918457,1800,0.0,0.0
2003-11-21,13.225803037239462,13.3630956358303,13.111392974853516,13.111392974853516,2100,0.0,0.0
2003-11-24,13.0427478292714,13.271567966627039,12.974101962640619,13.157157897949219,3900,0.0,0.0
2003-11-25,13.27156996616783,13.38598005208307,13.248688298136656,13.317334175109863,900,0.0,0.0
2003-11-26,13.340212931870447,13.500387191772461,13.157157008930787,13.500387191772461,6200,0.0,0.0
2003-11-28,13.591914176940918,13.61479583760025,13.408857400148653,13.591914176940918,3100,0.0,0.0
2003-12-01,13.614798081200956,13.706326484680176,13.317332079212811,13.706326484680176,4400,0.0,0.0
2003-12-02,13.706325262039348,13.729206924428274,13.500386809021137,13.569032669067383,8400,0.0,0.0
2003-12-03,13.61479557793716,13.706323964587652,13.271565437316895,13.271565437316895,8500,0.0,0.0
2003-12-04,13.27156484228933,13.385974884033203,12.996980567528164,13.385974884033203,5900,0.0,0.0
2003-12-05,13.431738923724884,13.523266432359456,13.271564692515213,13.408856391906738,11800,0.0,0.0
2003-12-08,13.38597817303096,13.660562515258789,13.271568103175994,13.660562515258789,6600,0.0,0.0
2003-12-09,13.660560031798315,13.843615935711178,13.408857400148653,13.591914176940918,7600,0.0,0.0
2003-12-10,13.454624115496747,13.729208459257817,13.454624115496747,13.637680053710938,10200,0.0,0.0
2003-12-11,13.50038856683283,13.843618784633666,13.454624363216803,13.774972915649414,6500,0.0,0.0
2003-12-12,13.95802828492871,13.980909949358743,13.660562282940566,13.706326484680176,3100,0.0,0.0
2003-12-15,13.70632679431088,13.70632679431088,13.614798388764003,13.637680053710938,5800,0.0,0.0
2003-12-16,13.637679255771218,13.683443455866996,13.454623328267617,13.614797592163086,900,0.0,0.0
2003-12-17,13.614796519958038,13.7292065747476,13.363094748572776,13.454622268676758,1000,0.0,0.0
2003-12-18,13.38597473296793,13.614794813873365,13.271564692515213,13.408856391906738,6300,0.0,0.0
2003-12-19,13.431741664659485,13.614797592163086,13.317331600859795,13.614797592163086,4500,0.0,0.0
2003-12-22,13.614797316306877,13.843617439270018,13.385977193343736,13.84361743927002,9400,0.0,0.0
2003-12-23,13.843614133423406,14.598720184307007,13.797849945183339,14.484310150146484,20200,0.0,0.0
2003-12-24,14.186844022255245,14.530074119567873,14.163962364919447,14.530074119567871,4300,0.0,0.0
2003-12-26,14.69025174053272,14.69025174053272,13.958028018208987,14.095319747924805,5900,0.0,0.0
2003-12-29,14.186848271528044,14.987718738469143,14.186848271528044,14.964837074279785,17200,0.0,0.0
2003-12-30,16.017407232256076,16.017407232256076,13.729206199076637,15.330946922302246,12700,0.0,0.0
2003-12-31,15.422478081269285,16.017410107540382,14.644489241179777,15.880118370056152,23500,0.0,0.0
2004-01-02,14.987717944259048,16.360638671977433,14.987717944259048,15.811470031738281,18100,0.0,0.0
2004-01-05,16.314875569199096,17.161509331236495,15.445358398112845,16.131818771362305,55000,0.0,0.0
2004-01-06,16.131818737454463,16.131818737454463,15.605531754099156,15.948761940002441,10600,0.0,0.0
2004-01-07,16.131814215680677,16.131814215680677,15.674174096086901,15.902994155883789,11300,0.0,0.0
2004-01-08,16.13181666330675,18.191197513941656,15.81146818183401,15.994524955749512,9900,0.0,0.0
2004-01-09,16.017406413314998,16.086053139104134,15.605529550097682,15.857233047485352,4500,0.0,0.0
2004-01-12,15.605531389593278,15.902998242064985,15.170774560877808,15.674178123474121,11600,0.0,0.0
2004-01-13,15.147890483359676,15.88011587796489,14.964835444027536,15.445357322692871,13800,0.0,0.0
2004-01-14,15.628413764919763,17.733558018488395,15.44535698384473,17.138626098632812,60400,0.0,0.0
2004-01-15,15.880120261712191,17.024221119965816,15.376714836624977,16.38352394104004,22900,0.0,0.0
2004-01-16,16.497929727235412,16.703868177202015,15.44535756111145,16.475048065185547,29900,0.0,0.0
2004-01-20,16.086054874971868,16.680986828228864,15.468239513476611,16.429285049438477,11800,0.0,0.0
2004-01-21,16.818277048028033,16.818277048028033,15.674176568570346,15.788586616516113,13600,0.0,0.0
2004-01-22,15.719943031265275,15.925881507878705,15.308067823797554,15.559769630432129,9700,0.0,0.0
2004-01-23,16.017407593903716,16.017407593903716,14.644486942997684,15.445357322692871,12200,0.0,0.0
2004-01-26,15.44535497776527,15.651293393287197,14.62160306143618,15.14788818359375,7200,0.0,0.0
2004-01-27,14.62160306143618,15.559765014637605,14.62160306143618,15.14788818359375,23700,0.0,0.0
2004-01-28,15.079247635773513,15.330949441633582,12.813927891514636,14.347023010253906,24300,0.0,0.0
2004-01-29,12.951218550073987,14.73601619915428,12.951218550073987,13.500387191772461,21200,0.0,0.0
2004-01-30,12.996980602231773,14.141081022725404,12.996980602231773,13.93514347076416,4600,0.0,0.0
2004-02-02,14.163968879929833,14.530080802979008,13.52327170527426,14.186850547790527,12200,0.0,0.0
2004-02-03,14.163964422218239,14.598722084901361,13.591914176940918,13.591914176940918,4000,0.0,0.0
2004-02-04,13.225799939387366,13.546148388185253,12.470693879082972,12.79104232788086,19200,0.0,0.0
2004-02-05,12.356286018959043,13.614796632001168,12.356286018959043,12.905454635620117,4400,0.0,0.0
2004-02-06,13.180039698140197,13.820736787631652,12.699517753901167,13.660562515258789,7100,0.0,0.0
2004-02-09,13.477505864755264,14.118202047457624,13.157157336964326,13.614797592163086,9400,0.0,0.0
2004-02-10,13.706325597004598,14.186847501951148,13.637678862401243,14.049555778503418,6300,0.0,0.0
2004-02-11,14.186847501951148,14.186847501951148,13.84361732045233,14.049555778503418,3500,0.0,0.0
2004-02-12,13.958024935231517,14.00378912598847,13.408856391906738,13.408856391906738,9200,0.0,0.0
2004-02-13,13.52326976856642,13.569033970613457,13.157157897949219,13.157157897949219,9000,0.0,0.0
2004-02-17,13.157157897949219,13.614798172660496,13.019866164687658,13.157157897949219,5500,0.0,0.0
2004-02-18,13.180040191041419,13.61479882190102,12.928338377099289,13.04274845123291,9000,0.0,0.0
2004-02-19,13.04274845123291,13.36309700795889,12.676636563157157,13.04274845123291,6700,0.0,0.0
2004-02-20,13.157157810456162,13.935146621443648,12.127467199203071,12.470697402954102,9000,0.0,0.0
2004-02-23,11.990175979104722,12.69951808134323,11.441007280489396,12.196113586425781,17400,0.0,0.0
2004-02-24,12.69951645098479,12.996982427513045,12.104584497928283,12.676634788513184,3800,0.0,0.0
2004-02-25,12.607988893525485,14.62160674855434,12.607988893525485,14.095319747924805,23900,0.0,0.0
2004-02-26,14.530076772494748,14.964835324288098,13.340212043320866,14.02667236328125,14300,0.0,0.0
2004-02-27,13.729207655962776,14.003791983657933,13.042747273164636,13.614797592163086,8200,0.0,0.0
2004-03-01,13.065628672043541,14.026673363064631,12.928336947417455,13.84361743927002,9900,0.0,0.0
2004-03-02,13.660562515258789,14.301258731870684,13.317332305693892,13.660562515258789,19300,0.0,0.0
2004-03-03,13.569032669067385,13.797852784474522,12.99698238054954,13.569032669067383,12400,0.0,0.0
2004-03-04,12.813926542120312,13.500386892591042,12.813926542120312,12.836808204650879,7300,0.0,0.0
2004-03-05,13.157156523283538,13.225802382742168,12.699516296386719,12.699516296386719,7800,0.0,0.0
2004-03-08,12.69951621691386,13.134274778896927,12.013055880864462,12.35628604888916,17600,0.0,0.0
2004-03-09,12.310520793180123,12.539340885517595,12.013054847717285,12.013054847717285,15400,0.0,0.0
2004-03-10,11.807117891053572,12.562224988440065,11.555416107177734,11.555416107177734,9700,0.0,0.0
2004-03-11,12.196111000813087,12.241875194808813,11.441004854961507,11.784235000610352,10100,0.0,0.0
2004-03-12,11.898646525671511,12.287640913586673,11.41812461128658,11.509652137756348,6400,0.0,0.0
2004-03-15,12.60799126092634,12.768165557590388,11.418127052289865,11.578300476074219,8000,0.0,0.0
2004-03-16,11.395239601303158,12.150345676936146,10.93759944966143,11.624059677124023,10200,0.0,0.0
2004-03-17,11.624061204576815,12.104583950671023,11.624061204576815,11.692707061767578,5800,0.0,0.0
2004-03-18,12.562224988440065,12.562224988440065,11.326595986243522,11.555416107177734,2600,0.0,0.0
2004-03-19,11.990174925020787,12.356286776658877,11.326596211937304,11.509652137756348,4200,0.0,0.0
2004-03-22,11.967292751237705,11.967292751237705,9.93079409638529,10.045204162597656,21200,0.0,0.0
2004-03-23,10.502845038260942,11.532535694055952,10.411316630816218,11.326597213745117,25600,0.0,0.0
2004-03-24,11.830000237759288,11.830000237759288,10.96048396668534,11.052011489868164,5500,0.0,0.0
2004-03-25,11.09777618856991,11.85288243507196,11.09777618856991,11.66982650756836,8000,0.0,0.0
2004-03-26,11.372360205347789,12.08170223236084,11.372360205347789,12.08170223236084,3600,0.0,0.0
2004-03-29,12.104582786560059,12.104582786560059,11.372358343558734,12.104582786560059,4300,0.0,0.0
2004-03-30,12.104585436294606,12.928337569443624,12.058821234924208,12.31052303314209,9200,0.0,0.0
2004-03-31,12.173232627261944,12.264760167088195,11.509653817343372,11.898648262023926,2000,0.0,0.0
2004-04-01,11.898648351427926,12.813928993845458,11.669828190823543,12.402052879333496,6000,0.0,0.0
2004-04-02,12.356285243358428,12.493576952466206,11.6927066126189,11.784235000610352,2800,0.0,0.0
2004-04-05,11.94441327228666,12.333407743148197,11.669828888567945,11.761357307434082,5400,0.0,0.0
2004-04-06,11.715589050977215,12.264756755830891,11.669824857352893,11.99017333984375,5500,0.0,0.0
2004-04-07,12.035936732703988,12.264756829317216,11.578296539477535,11.967290878295898,5600,0.0,0.0
2004-04-08,11.715592060963255,12.013058086627636,11.578299444816883,11.601181983947754,5200,0.0,0.0
2004-04-12,13.065628531822387,13.134275266278205,11.669826145878867,12.264758110046387,6700,0.0,0.0
2004-04-13,13.408853868377628,13.454618050521821,11.852877785629243,12.585102081298828,14100,0.0,0.0
2004-04-14,12.676634788513182,12.676634788513182,11.898646044165929,12.676634788513184,5300,0.0,0.0
2004-04-15,12.85969344748446,14.072440147399902,12.264760494760898,14.072440147399902,7700,0.0,0.0
2004-04-16,12.859691186756237,13.86649921202486,12.7223985881654,13.111392974853516,4900,0.0,0.0
2004-04-19,12.92833688703634,13.729207313666908,12.150348123443417,13.500387191772461,17000,0.0,0.0
2004-04-20,13.729205886655713,14.049554373162774,13.157155641378392,13.591914176940918,19800,0.0,0.0
2004-04-21,13.72921030982879,13.72921030982879,13.15715988025259,13.317334175109863,3700,0.0,0.0
2004-04-22,13.614797359586838,13.614797359586838,12.585106802979428,12.768162727355957,8600,0.0,0.0
2004-04-23,12.928338377099289,13.706327230359756,12.699518228832044,13.04274845123291,6200,0.0,0.0
2004-04-26,12.287640720307781,13.500387191772461,12.173230659360557,13.500387191772461,4300,0.0,0.0
2004-04-27,13.500386465168473,13.500386465168473,12.768161939939379,13.454622268676758,3500,0.0,0.0
2004-04-28,13.202920032353898,13.454621794875543,13.088509981593257,13.180037498474121,6000,0.0,0.0
2004-04-29,13.54614831030237,13.54614831030237,12.356283772453235,12.42492961883545,4500,0.0,0.0
2004-04-30,12.5622270719425,12.5622270719425,11.898648262023928,11.898648262023926,3900,0.0,0.0
2004-05-03,12.585105806867652,12.768161716755296,11.78423543733971,12.241875648498535,4100,0.0,0.0
2004-05-04,12.127465936872694,12.630870357884811,12.127465936872694,12.35628604888916,3100,0.0,0.0
2004-05-05,12.81392554517062,13.157155693701977,12.127465248107908,12.12746524810791,9300,0.0,0.0
2004-05-06,12.127468420909002,12.150350087645656,11.761356515844735,11.898648262023926,9900,0.0,0.0
2004-05-07,12.470695396639265,13.546150036613394,12.104583587357581,12.12746524810791,3400,0.0,0.0
2004-05-10,13.134274032951648,13.134274032951648,12.127465248107908,12.12746524810791,6900,0.0,0.0
2004-05-11,12.150349382727907,12.516462139431317,12.12746771731876,12.196113586425781,5200,0.0,0.0
2004-05-12,12.127469243813895,12.17323345327215,11.555418807784937,11.578300476074219,17400,0.0,0.0
2004-05-13,11.578298107376801,11.807118234976182,11.555416443768669,11.66982650756836,6300,0.0,0.0
2004-05-14,11.555416107177734,11.66982616764484,11.441006046710628,11.555416107177734,4700,0.0,0.0
2004-05-17,11.463884869575535,11.463884869575535,11.052008928508496,11.189301490783691,5300,0.0,0.0
2004-05-18,11.16642099279915,11.784235453274885,11.16642099279915,11.692707061767578,5900,0.0,0.0
2004-05-19,11.441007076826551,11.669827218363082,10.777428317218783,10.846075057983398,25100,0.0,0.0
2004-05-20,10.868954755822006,11.555415056189712,10.868954755822006,11.21218490600586,7500,0.0,0.0
2004-05-21,11.21218490600586,11.326594956067144,11.189303245145366,11.21218490600586,4400,0.0,0.0
2004-05-24,11.212188243103391,11.921530415453981,11.189306575432598,11.303716659545898,2700,0.0,0.0
2004-05-25,11.66982616764484,11.66982616764484,11.097775865309309,11.555416107177734,4000,0.0,0.0
2004-05-26,11.21218371522233,11.624059677124022,11.21218371522233,11.624059677124023,3500,0.0,0.0
2004-05-27,11.555414898840596,11.715589141321196,11.189303092781564,11.235066413879395,9600,0.0,0.0
2004-05-28,11.23507056297953,11.280834773857435,10.983368712470634,11.006250381469727,9300,0.0,0.0
2004-06-01,11.006250381469727,11.441009075490243,11.006250381469727,11.006250381469727,4300,0.0,0.0
2004-06-02,11.669824947343969,11.669824947343969,11.074893044278191,11.235066413879395,1200,0.0,0.0
2004-06-03,11.555414459410015,11.555414459410015,10.983364238647143,11.143538475036621,12500,0.0,0.0
2004-06-04,11.143538475036621,11.16642013471539,11.097774282799717,11.143538475036621,4700,0.0,0.0
2004-06-07,11.18930408168388,11.532534257528422,11.18930408168388,11.418124198913574,1100,0.0,0.0
2004-06-08,11.418123317375413,11.418123317375413,11.120656489639206,11.395240783691406,1200,0.0,0.0
2004-06-09,11.418124893061416,11.418124893061416,11.257950626687178,11.280832290649414,2100,0.0,0.0
2004-06-10,11.646943286795054,11.646943286795054,11.16642055935325,11.235066413879395,6300,0.0,0.0
2004-06-14,11.21218490600586,11.280830761466747,11.074893195084082,11.21218490600586,6100,0.0,0.0
2004-06-15,11.212184326952292,11.532532799731246,11.006245898325911,11.143538475036621,11200,0.0,0.0
2004-06-16,11.166420611428437,11.280830660465368,10.548606172053137,10.8689546585083,6300,0.0,0.0
2004-06-17,10.434197152303275,10.983365791005337,10.434197152303275,10.663017272949219,3900,0.0,0.0
2004-06-18,10.434198011018488,11.486771176342353,10.434198011018488,10.685900688171387,8700,0.0,0.0
2004-06-21,10.960483818092587,10.960483818092587,10.68589950650774,10.731663703918457,9100,0.0,0.0
2004-06-22,10.685900956631995,10.708782622002767,9.51891769225144,10.113850593566895,27800,0.0,0.0
2004-06-23,10.045203774276722,10.045203774276722,9.17568660637233,9.221450805664062,20800,0.0,0.0
2004-06-24,9.679090694181756,9.953675006878434,9.152804604026146,9.473153114318848,9800,0.0,0.0
2004-06-25,9.541797992551,10.708780110345847,9.427387946771923,9.656208038330078,74400,0.0,0.0
2004-06-28,9.450269514471815,9.976555545339275,9.03839352826595,9.129921913146973,42800,0.0,0.0
2004-06-29,8.557873284855637,8.969749347826973,8.351934816930202,8.809575080871582,473200,0.0,0.0
2004-06-30,8.809576189145686,8.992632143175381,8.512110154737472,8.6036376953125,97500,0.0,0.0
2004-07-01,8.60363594235212,8.695164337158204,8.580754280090332,8.580754280090332,33600,0.0,0.0
2004-07-02,8.580755716157546,8.786694202497172,8.580755716157546,8.672284126281738,19100,0.0,0.0
2004-07-06,8.626519921219643,8.809575868588414,8.580755716157546,8.672284126281738,88300,0.0,0.0
2004-07-07,8.649398218769242,8.923982469324306,8.649398218769242,8.763808250427246,32800,0.0,0.0
2004-07-08,8.718047536501693,8.786694281149115,8.649401664733887,8.649401664733887,18200,0.0,0.0
2004-07-09,8.85534007365051,8.969750149865943,8.649401587310885,8.672284126281738,67800,0.0,0.0
2004-07-12,8.946865485536124,8.946865485536124,8.672282066151016,8.69516372680664,25100,0.0,0.0
2004-07-13,8.672284203909568,8.718047536501693,8.466345715726534,8.649401664733887,32800,0.0,0.0
2004-07-14,8.718045999419992,8.718045999419992,8.48922588528425,8.580754280090332,23600,0.0,0.0
2004-07-15,8.55787181854248,8.695163525049402,8.466343432284944,8.55787181854248,24500,0.0,0.0
2004-07-16,8.512108647795955,8.672282906545348,8.466344449170487,8.534990310668945,20600,0.0,0.0
2004-07-19,8.580753478667173,8.695163525049402,8.351933385902715,8.55787181854248,23000,0.0,0.0
2004-07-20,8.512109504221012,8.512109504221012,7.91717660799119,8.37481689453125,50400,0.0,0.0
2004-07-21,8.283288571123817,8.397698631849618,8.283288571123817,8.351934432983398,15400,0.0,0.0
2004-07-22,8.420579560637881,8.46634375551384,8.237523654013465,8.306169509887695,21700,0.0,0.0
2004-07-23,8.283288229571959,8.489225806659103,8.237524032592773,8.237524032592773,10600,0.0,0.0
2004-07-26,8.283289360950983,8.672283779085948,7.91717660799119,8.37481689453125,17600,0.0,0.0
2004-07-27,8.42058285528717,9.084161758422852,8.05447089879285,9.084161758422852,88500,0.0,0.0
2004-07-28,8.786693012893236,8.923984736612399,8.2375243722576,8.351934432983398,23200,0.0,0.0
2004-07-29,8.145995821571287,8.786692847909267,7.894294041852421,8.740928649902344,22700,0.0,0.0
2004-07-30,8.809575868588414,8.992631815957187,8.44346397385087,8.672284126281738,11200,0.0,0.0
2004-08-02,8.168877486267025,8.809573571431631,8.168877486267025,8.55787181854248,6200,0.0,0.0
2004-08-03,8.512108195467478,8.672282445705305,8.420579803080308,8.626518249511719,5800,0.0,0.0
2004-08-04,8.71804564589036,8.71804564589036,8.306169631724098,8.466343879699707,5500,0.0,0.0
2004-08-05,8.397700074358958,8.69516610876717,8.260407454176955,8.6036376953125,6200,0.0,0.0
2004-08-06,8.809574604034424,8.855338802527383,7.9171757884999225,8.00870418548584,27700,0.0,0.0
2004-08-09,8.145995638634405,8.237524032592773,7.779883808559842,8.237524032592773,11300,0.0,0.0
2004-08-10,8.466346271932066,8.466346271932066,7.80276743119633,8.031587600708008,9900,0.0,0.0
2004-08-11,7.91717751595217,8.237526102420388,7.848531639674602,8.031587600708008,3700,0.0,0.0
2004-08-12,7.985821723937988,8.145995093323593,7.802764948275474,7.985821723937988,4700,0.0,0.0
2004-08-13,7.802764948275474,8.054467578371733,7.802764948275474,7.985821723937988,2800,0.0,0.0
2004-08-16,8.008703776778544,8.008703776778544,7.551063560962628,7.642591953277588,11100,0.0,0.0
2004-08-17,6.910368706113365,8.512109756469727,6.4069642014254455,8.512109756469727,31800,0.0,0.0
2004-08-18,8.351933771104955,8.351933771104955,7.665473461151123,7.665473461151123,8100,0.0,0.0
2004-08-19,7.871411746612424,7.962939262390137,7.802765018679882,7.962939262390137,5300,0.0,0.0
2004-08-20,7.848529521100021,8.466343986589173,7.825647859477232,8.260405540466309,13800,0.0,0.0
2004-08-23,8.237526179426101,8.351936265251464,7.848531713043933,8.19176197052002,6300,0.0,0.0
2004-08-24,8.123115937859017,8.123115937859017,7.940059978624043,8.05447006225586,2300,0.0,0.0
2004-08-25,8.008705932908711,8.031587600708008,7.985824265109413,8.031587600708008,4700,0.0,0.0
2004-08-26,8.008703384456103,8.03158504497422,7.962939190540475,7.985821723937988,20100,0.0,0.0
2004-08-27,7.8256489194202,8.214643329850944,7.619710445404054,7.619710445404053,11000,0.0,0.0
2004-08-30,8.32905360507283,8.32905360507283,7.596828968437925,7.940059185028076,9200,0.0,0.0
2004-08-31,8.351934389046562,8.809574629542263,7.871412485677869,8.534990310668945,37600,0.0,0.0
2004-09-01,8.580751666304842,8.580751666304842,7.894291533000455,8.14599323272705,5500,0.0,0.0
2004-09-02,8.031585331320114,8.466343879699707,8.00870366998621,8.466343879699707,2200,0.0,0.0
2004-09-03,8.12311577725323,8.466346021362522,8.054469903007302,8.077351570129395,2000,0.0,0.0
2004-09-07,8.123113407848509,8.466343551842108,8.100231747400693,8.168877601623535,1100,0.0,0.0
2004-09-08,8.466343551842108,8.466343551842108,8.168877601623535,8.168877601623535,7000,0.0,0.0
2004-09-09,8.260405315011736,8.329052043765381,8.168877798139237,8.306169509887695,6500,0.0,0.0
2004-09-10,8.329052582874773,8.329052582874773,8.145995791522338,8.214642524719238,11400,0.0,0.0
2004-09-13,8.466341644087445,8.466341644087445,8.14599323272705,8.14599323272705,3900,0.0,0.0
2004-09-14,8.306169509887695,8.39769789963961,8.168877798139237,8.306169509887695,10100,0.0,0.0
2004-09-15,8.19176010657819,8.23752430507115,7.894294125693185,8.00870418548584,26700,0.0,0.0
2004-09-16,7.917173188292256,8.351931621870046,7.917173188292256,8.14599323272705,11900,0.0,0.0
2004-09-17,8.054467553625669,8.351933503844242,8.031585020298458,8.168877601623535,11100,0.0,0.0
2004-09-20,8.329054519376928,8.329054519376928,8.031587600708008,8.031587600708008,3000,0.0,0.0
2004-09-21,8.031587675788575,8.351936265251464,8.031587675788575,8.19176197052002,7700,0.0,0.0
2004-09-22,8.443463635815919,8.443463635815919,8.031586679626205,8.37481689453125,5700,0.0,0.0
2004-09-23,8.03158736300556,8.28329006574683,8.03158736300556,8.077351570129395,3900,0.0,0.0
2004-09-24,8.031583210509654,8.283285783115447,8.031583210509654,8.14599323272705,23800,0.0,0.0
2004-09-27,8.237526102420388,8.237526102420388,8.008705932908711,8.031587600708008,5900,0.0,0.0
2004-09-28,8.031587600708008,8.123116017664548,8.008705932908711,8.031587600708008,12500,0.0,0.0
2004-09-29,8.031585361983128,8.351933859157375,8.008703700561867,8.28328800201416,12700,0.0,0.0
2004-09-30,8.237525059626654,9.152805621807392,8.100233324451368,8.923985481262207,21300,0.0,0.0
2004-10-01,9.107041077857573,9.22145114384292,8.283288951914901,8.809575080871582,10300,0.0,0.0
2004-10-04,8.695163525049402,8.695163525049402,8.443461772160251,8.55787181854248,4200,0.0,0.0
2004-10-05,8.443462284293732,8.534989803223437,7.962939536614903,8.100232124328613,29800,0.0,0.0
2004-10-06,8.466344424656459,8.466344424656459,7.985822522679102,8.00870418548584,37700,0.0,0.0
2004-10-07,7.985821723937988,8.03158504497422,7.894293336106731,7.985821723937988,14400,0.0,0.0
2004-10-08,8.054468383978799,8.329052702057067,7.894294125693185,8.00870418548584,15300,0.0,0.0
2004-10-11,8.054468117555492,8.306169891621822,8.054468117555492,8.237524032592773,8500,0.0,0.0
2004-10-12,8.16887798174575,8.237523839162886,8.03158539403204,8.100232124328613,5100,0.0,0.0
2004-10-13,8.145995093323593,8.145995093323593,7.871411675588615,7.985821723937988,30500,0.0,0.0
2004-10-14,7.985820883011927,8.054466730217099,7.8027641266257275,7.871410846710205,10800,0.0,0.0
2004-10-15,8.008704306133385,8.008704306133385,7.802765846252442,7.802765846252441,3400,0.0,0.0
2004-10-18,7.802764948275474,8.03158504497422,7.802764948275474,7.985821723937988,5500,0.0,0.0
2004-10-19,8.145995166824969,8.145995166824969,7.962939262390137,7.962939262390137,5000,0.0,0.0
2004-10-20,8.008706007775377,8.19176197052002,7.802767504137851,8.19176197052002,11800,0.0,0.0
2004-10-21,8.100233460679396,8.100233460679396,7.802766574664268,7.940059185028076,2600,0.0,0.0
2004-10-22,8.100233539070185,8.100233539070185,7.9171767234802255,7.917176723480225,6500,0.0,0.0
2004-10-25,7.80276743119633,8.031587600708008,7.80276743119633,8.031587600708008,11900,0.0,0.0
2004-10-26,8.077351000681647,8.214643612374118,7.802766650176294,7.917176723480225,16600,0.0,0.0
2004-10-27,7.8485291421911025,8.077349238889848,7.825647481672987,7.985821723937988,6900,0.0,0.0
2004-10-28,8.35193424535409,8.718046082300017,7.985822408408167,8.214642524719238,51600,0.0,0.0
2004-10-29,8.374815046027408,8.809573571431631,8.237523339520486,8.55787181854248,32300,0.0,0.0
2004-11-01,8.90110418613219,8.90110418613219,8.512109756469727,8.512109756469727,9100,0.0,0.0
2004-11-02,8.008703771097867,8.695164094334826,8.008703771097867,8.260405540466309,11900,0.0,0.0
2004-11-03,8.35193547685817,8.58075562690908,8.168879531393364,8.512109756469727,18200,0.0,0.0
2004-11-04,8.557872209512498,8.92398402550985,8.260405377025297,8.8324556350708,27800,0.0,0.0
2004-11-05,9.015512213261804,9.107039728763707,8.69516372680664,8.69516372680664,26200,0.0,0.0
2004-11-08,9.152804686205705,9.152804686205705,8.603636055881573,8.740928649902344,18300,0.0,0.0
2004-11-09,8.786693416826326,8.809575080871582,8.603636612946149,8.809575080871582,8700,0.0,0.0
2004-11-10,8.923986935638137,8.923986935638137,8.23752640212751,8.489228248596191,23600,0.0,0.0
2004-11-11,9.107042903331696,9.107042903331696,8.23752640212751,8.489228248596191,18600,0.0,0.0
2004-11-12,8.191761580525773,8.740930315494504,8.191761580525773,8.6036376953125,32000,0.0,0.0
2004-11-15,8.580754393317848,8.832456173036714,8.580754393317848,8.740928649902344,15600,0.0,0.0
2004-11-16,8.672283504979216,8.992631171704215,8.603636765864279,8.786693572998047,23200,0.0,0.0
2004-11-17,8.946865124942477,9.381623642912102,8.832455080516718,9.31297779083252,67300,0.0,0.0
2004-11-18,9.290097393753024,9.518917535203883,9.267215728759766,9.267215728759766,17900,0.0,0.0
2004-11-19,9.221447899492498,9.724852187292916,9.175683714623508,9.610442161560059,35300,0.0,0.0
2004-11-22,9.404505505762097,9.610443939328023,9.404505505762097,9.45026969909668,11700,0.0,0.0
2004-11-23,9.587563514709473,9.610445177885973,9.473153453067972,9.587563514709473,13000,0.0,0.0
2004-11-24,9.473154379022308,9.564681913554175,9.404507637023926,9.404507637023926,11900,0.0,0.0
2004-11-26,9.496035396472012,9.518917060323748,9.038395136401071,9.358743667602539,6300,0.0,0.0
2004-11-29,9.175685283983727,9.473152100069672,9.175685283983727,9.290095329284668,8600,0.0,0.0
2004-11-30,9.312980102492059,9.724856190084424,9.267215898786333,9.404507637023926,19500,0.0,0.0
2004-12-01,9.31297946701954,9.427389532037274,9.290096930288279,9.358743667602539,6900,0.0,0.0
2004-12-02,9.747734368532813,9.953672775100392,9.35874095838403,9.701971054077148,15000,0.0,0.0
2004-12-03,9.816381085974854,9.839262743202687,9.610442679407276,9.701971054077148,11400,0.0,0.0
2004-12-06,10.06808545352006,10.06808545352006,9.564681006268158,9.747736930847168,10600,0.0,0.0
2004-12-07,9.633324336635107,9.86214440043052,9.610442679407276,9.701971054077148,9900,0.0,0.0
2004-12-08,9.862146992818987,9.862146992818987,9.724855267604605,9.747736930847168,10000,0.0,0.0
2004-12-09,9.724853618002005,9.74773527736321,9.221449256141325,9.335859298706055,13200,0.0,0.0
2004-12-10,9.33586002663172,9.63332598591784,9.33586002663172,9.381624221801758,6600,0.0,0.0
2004-12-13,9.747737842330476,9.747737842330476,9.152805813598414,9.24433422088623,14700,0.0,0.0
2004-12-14,9.221451682624485,9.473154366226192,9.198570017242321,9.24433422088623,9800,0.0,0.0
2004-12-15,9.793501879520827,9.793501879520827,9.244334063766507,9.267215728759766,9600,0.0,0.0
2004-12-16,9.244334063766507,9.496035870210624,9.244334063766507,9.267215728759766,7000,0.0,0.0
2004-12-17,9.244332767593551,9.290096091163468,9.03839432001114,9.152804374694824,15400,0.0,0.0
2004-12-20,9.061275635213963,9.427388319926084,8.969748118695492,9.0383939743042,12200,0.0,0.0
2004-12-21,9.06127601738807,9.244332803904555,8.969748497009277,8.969748497009277,14700,0.0,0.0
2004-12-22,8.969746373288263,9.152802243584096,8.969746373288263,9.015510559082031,6900,0.0,0.0
2004-12-23,9.01551265822618,9.290096091163468,9.01551265822618,9.152804374694824,11800,0.0,0.0
2004-12-27,9.038394772920503,9.267214893753934,9.038394772920503,9.06127643585205,5900,0.0,0.0
2004-12-28,9.221451015824597,9.541799545288086,9.038395087365256,9.541799545288086,10500,0.0,0.0
2004-12-29,9.24433213841014,9.51891555265886,9.221449605303155,9.45026969909668,5500,0.0,0.0
2004-12-30,9.541797879684035,9.587562072030211,9.31297779083252,9.31297779083252,12900,0.0,0.0
2004-12-31,9.312976978466352,10.296903100124625,9.221448601757972,9.839262962341309,35000,0.0,0.0
2005-01-03,9.907909748485624,9.907909748485624,9.152803624075288,9.290095329284668,8800,0.0,0.0
2005-01-04,9.290094898712962,9.381623279863362,8.923983119870027,9.198567390441895,7800,0.0,0.0
2005-01-05,8.969748911246372,9.267214893753934,8.969748911246372,9.06127643585205,3900,0.0,0.0
2005-01-06,9.03839352826595,9.221449425148627,9.03839352826595,9.129921913146973,4800,0.0,0.0
2005-01-07,9.129923279960101,9.33586086745364,9.129923279960101,9.221450805664062,6600,0.0,0.0
2005-01-10,9.427389902746137,9.427389902746137,8.969749624679622,9.107041358947754,6400,0.0,0.0
2005-01-11,9.564683810431616,9.564683810431616,8.946869120077663,9.084161758422852,7600,0.0,0.0
2005-01-12,8.992629779605258,9.312978269618437,8.969748118695492,9.0383939743042,5100,0.0,0.0
2005-01-13,9.038397545641121,9.107043428373837,8.969751662908406,9.084161758422852,6500,0.0,0.0
2005-01-14,9.03839432001114,9.152804374694824,9.03839432001114,9.152804374694824,2600,0.0,0.0
2005-01-18,9.152804118830984,9.404505882947067,8.969748211030248,9.381624221801758,16800,0.0,0.0
2005-01-19,9.381625958938374,9.381625958938374,9.084159944572342,9.24433422088623,7300,0.0,0.0
2005-01-20,9.129922559766069,9.358742665295248,9.129922559766069,9.17568588256836,6200,0.0,0.0
2005-01-21,9.175685685521612,9.24433241400973,9.015512313394433,9.0383939743042,9300,0.0,0.0
2005-01-24,9.084159575271098,9.24433384507337,8.420580831610058,8.786693572998047,17500,0.0,0.0
2005-01-25,8.695161978252678,8.85533618927002,8.695161978252678,8.85533618927002,6000,0.0,0.0
2005-01-26,8.85533618927002,8.85533618927002,8.695161978252678,8.85533618927002,6100,0.0,0.0
2005-01-27,8.763810312466067,8.809574510472991,8.740928649902344,8.740928649902344,2700,0.0,0.0
2005-01-28,8.695165014886237,8.923985146856928,8.695165014886237,8.809575080871582,4200,0.0,0.0
2005-01-31,8.718046298206078,8.969748956109461,8.695164635160085,8.878220558166504,16500,0.0,0.0
2005-02-01,8.923983726443264,9.038393774218177,8.832455339071576,8.901102066040039,10200,0.0,0.0
2005-02-02,9.061277216437492,9.061277216437492,8.901103816359514,8.923985481262207,15600,0.0,0.0
2005-02-03,9.015512693638398,9.038394355513235,8.923984300380155,8.969748497009277,5300,0.0,0.0
2005-02-04,9.175685232708116,9.175685232708116,8.946865143384926,9.129921913146973,30400,0.0,0.0
2005-02-07,9.244332767593551,9.244332767593551,9.03839432001114,9.152804374694824,12300,0.0,0.0
2005-02-08,9.244332767593551,9.244332767593551,9.10704017824546,9.152804374694824,5800,0.0,0.0
2005-02-09,9.175686036479783,9.175686036479783,9.03839432001114,9.152804374694824,3600,0.0,0.0
2005-02-10,9.038392056341598,9.061273712395836,8.809572004282318,8.85533618927002,7800,0.0,0.0
2005-02-11,8.80957367866835,8.94686538684649,8.80957367866835,8.901102066040039,5000,0.0,0.0
2005-02-14,9.084161758422852,9.335863619402726,9.038397545641121,9.084161758422852,2200,0.0,0.0
2005-02-15,9.061275635213963,9.107039829912905,8.969748118695492,9.0383939743042,10000,0.0,0.0
2005-02-16,9.152803572927544,9.152803572927544,8.946865143384926,9.129921913146973,27200,0.0,0.0
2005-02-17,9.129922592419002,9.152804253901984,8.923984147554433,8.992630004882812,9900,0.0,0.0
2005-02-18,9.08415816900314,9.129922363702082,8.92398392399655,9.0383939743042,12400,0.0,0.0
2005-02-22,9.061275981796099,9.198568571144188,8.740928352409446,9.152804374694824,34900,0.0,0.0
2005-02-23,9.221453523888282,9.221453523888282,9.038397545641121,9.084161758422852,23000,0.0,0.0
2005-02-24,8.946869120077663,9.084161758422852,8.946869120077663,9.084161758422852,18200,0.0,0.0
2005-02-25,8.969748461776817,9.175686036479783,8.969748461776817,9.152804374694824,21900,0.0,0.0
2005-02-28,9.221450232929147,9.26721442937851,9.10704017824546,9.152804374694824,29000,0.0,0.0
2005-03-01,9.129923279960101,9.381625066745372,8.946866482793176,9.221450805664062,170700,0.0,0.0
2005-03-02,9.358741983178696,9.564679539417439,9.267213598486343,9.31297779083252,34600,0.0,0.0
2005-03-03,9.839264033121548,9.839264033121548,9.335859652199918,9.45026969909668,93500,0.0,0.0
2005-03-04,9.63332381755494,9.656206346429046,9.450267950958212,9.610442161560059,23600,0.0,0.0
2005-03-07,9.701973862655745,9.701973862655745,9.358743667602539,9.358743667602539,14700,0.0,0.0
2005-03-08,9.358742904517287,9.496034622192383,9.358742904517287,9.496034622192383,15600,0.0,0.0
2005-03-09,9.427388763354834,9.496034622192383,9.358742904517287,9.496034622192383,10000,0.0,0.0
2005-03-10,9.496034622192383,9.5417988190439,9.198568651976705,9.496034622192383,11900,0.0,0.0
2005-03-11,9.381623490307817,9.541797724474309,9.31297763934485,9.335859298706055,20400,0.0,0.0
2005-03-14,9.56467955913341,9.56467955913341,8.832455098723333,9.129921913146973,15000,0.0,0.0
2005-03-15,9.152804221167214,9.267214273931804,9.084158364084345,9.17568588256836,4500,0.0,0.0
2005-03-16,9.152805461163746,9.244333864927203,8.878221122752924,8.946866989135742,6700,0.0,0.0
2005-03-17,8.923984300380155,9.084158552142355,8.832455907121913,8.969748497009277,7500,0.0,0.0
2005-03-18,8.946867181576737,9.267215728759766,8.946867181576737,9.267215728759766,12400,0.0,0.0
2005-03-21,9.084159944572342,9.267215886268394,9.038395740928433,9.24433422088623,8200,0.0,0.0
2005-03-22,9.31297836548641,9.381624221801758,9.221449975146331,9.381624221801758,6400,0.0,0.0
2005-03-23,9.381625066745372,9.381625066745372,9.107040743874485,9.221450805664062,1900,0.0,0.0
2005-03-24,9.221448085835128,9.267212271628898,9.015510559082031,9.015510559082031,2000,0.0,0.0
2005-03-28,9.12992597120458,9.12992597120458,8.763813141830504,9.084161758422852,8300,0.0,0.0
2005-03-29,8.83245631501862,9.129923170405672,8.145995952518328,9.06127643585205,37500,0.0,0.0
2005-03-30,8.969749683947157,9.015513886632107,8.923985481262207,8.923985481262207,7400,0.0,0.0
2005-03-31,8.923984689666188,9.038394749790115,8.489226112043477,8.534990310668945,26100,0.0,0.0
2005-04-01,8.512109235176943,8.809575237449994,7.413772756772073,8.786693572998047,37400,0.0,0.0
2005-04-04,8.83245582306369,9.152804323539344,8.53498985712455,8.626518249511719,7600,0.0,0.0
2005-04-05,8.878219424685092,8.878219424685092,8.260404999645178,8.55787181854248,22500,0.0,0.0
2005-04-06,8.718045999419992,8.809574394226075,8.557872617828544,8.580754280090332,7700,0.0,0.0
2005-04-07,8.78669224676613,8.78669224676613,7.9171751627611755,8.306169509887695,9000,0.0,0.0
2005-04-08,8.100232124328613,8.329052230972026,8.03158539403204,8.100232124328613,9900,0.0,0.0
2005-04-11,7.871411651404961,8.21464179539856,7.688354876304859,8.168877601623535,14100,0.0,0.0
2005-04-12,8.718045679174145,8.718045679174145,7.802765256252789,8.28328800201416,4900,0.0,0.0
2005-04-13,8.466341644087445,8.466341644087445,8.10022992214345,8.14599323272705,2000,0.0,0.0
2005-04-14,8.237526021490833,8.237526021490833,7.96294164619854,8.05447006225586,2800,0.0,0.0
2005-04-15,7.8027661586404085,8.30617062404162,7.551064362379569,7.757002830505371,12300,0.0,0.0
2005-04-18,7.5968287806820625,8.329053399220014,7.5968287806820625,7.619710445404053,5600,0.0,0.0
2005-04-19,7.688356648503015,8.466345503369928,7.688356648503015,7.825649261474609,37700,0.0,0.0
2005-04-20,8.214641820636734,8.28328767507048,7.917174996624847,7.985821723937988,12100,0.0,0.0
2005-04-21,8.351935939992758,8.512110228486357,8.077351570129395,8.077351570129395,9900,0.0,0.0
2005-04-22,8.077349210395408,8.077349210395408,7.894293308258057,7.894293308258057,2300,0.0,0.0
2005-04-25,8.214643433453496,8.214643433453496,7.757003150205492,7.7798848152160645,1900,0.0,0.0
2005-04-26,7.779884183101003,7.871412581465755,7.779884183101003,7.802765846252441,4100,0.0,0.0
2005-04-27,7.757001215860081,7.779882875164708,7.665472832882873,7.6883544921875,3300,0.0,0.0
2005-04-28,7.573945817253509,7.573945817253509,7.4366540908813485,7.436654090881348,7100,0.0,0.0
2005-04-29,7.41377074523423,7.665472477430987,6.8874843132781605,7.390888214111328,12600,0.0,0.0
2005-05-02,7.573945199165875,8.123113805597479,7.482417680013565,7.551063537597656,7100,0.0,0.0
2005-05-03,7.368008641943925,7.642592983005602,7.276480237296847,7.619710445404053,6500,0.0,0.0
2005-05-04,7.619711319329797,7.757003942046884,7.230717300724033,7.459537029266357,6300,0.0,0.0
2005-05-05,7.871414201474357,7.871414201474357,6.910369312370676,7.093425273895264,16100,0.0,0.0
2005-05-06,6.979013690475968,7.322243871974786,6.979013690475968,7.024777889251709,6300,0.0,0.0
2005-05-09,7.047661491901302,7.390891767866102,6.9332513999130345,7.184953689575195,5700,0.0,0.0
2005-05-10,7.093425273895264,7.2535995675591565,7.00189729313297,7.093425273895264,6300,0.0,0.0
2005-05-11,7.276480005408451,7.413772608003798,7.0476598739624015,7.047659873962402,14700,0.0,0.0
2005-05-12,6.933249380058199,7.3680079521078365,6.086615207857813,6.864603519439697,24300,0.0,0.0
2005-05-13,6.864604019173605,7.139188354516457,6.132379415885846,6.155261516571045,67700,0.0,0.0
2005-05-16,6.31543482026489,6.338316917454921,5.834912525033051,6.063732624053955,16800,0.0,0.0
2005-05-17,6.223907006129769,6.223907006129769,5.606092550480521,5.67473840713501,20400,0.0,0.0
2005-05-18,5.72050318998449,6.24678930888716,5.651857326280579,5.83491325378418,25500,0.0,0.0
2005-05-19,5.972205417631759,6.063733381383559,5.651857326280579,5.83491325378418,21300,0.0,0.0
2005-05-20,5.766268569747828,5.972206639430283,5.720504360289572,5.789150238037109,13600,0.0,0.0
2005-05-23,5.812030905007606,6.109497320020434,5.789148805938967,5.97220516204834,14100,0.0,0.0
2005-05-24,6.132380083544097,6.132380083544097,5.8349140515694256,5.949324131011963,19000,0.0,0.0
2005-05-25,5.72050435714115,5.949324531426796,5.72050435714115,5.880678653717041,7300,0.0,0.0
2005-05-26,5.972204671733533,6.178142673564406,5.880676719413112,6.063732624053955,25800,0.0,0.0
2005-05-27,6.155260474727607,6.178142571539767,5.72050238105534,5.995086669921875,61200,0.0,0.0
2005-05-31,5.789149845216484,5.949324131011964,5.789149845216484,5.949324131011963,10400,0.0,0.0
2005-06-01,6.040851281335669,6.178143445183249,5.72050318998449,5.83491325378418,23900,0.0,0.0
2005-06-02,6.017970409136551,6.063734618569619,5.766268566574218,5.880678653717041,11800,0.0,0.0
2005-06-03,5.880678653717041,5.97220663614333,5.72050435714115,5.880678653717041,14400,0.0,0.0
2005-06-06,6.017968589260906,6.017968589260906,5.720502627221284,5.766266822814941,11000,0.0,0.0
2005-06-07,5.857794650425697,5.857794650425697,5.60609245300293,5.60609245300293,11900,0.0,0.0
2005-06-08,5.74338470022921,5.926440608934322,5.628974648178588,5.67473840713501,17300,0.0,0.0
2005-06-09,5.7433849520950755,5.766267050796596,5.6518569937287255,5.720502853393555,24400,0.0,0.0
2005-06-10,5.606092698102699,5.720502753166019,5.148452477849417,5.4688005447387695,41800,0.0,0.0
2005-06-13,5.491683396876745,5.537447599759965,5.354391224666869,5.423037528991699,30400,0.0,0.0
2005-06-14,5.560328753230641,5.560328753230641,5.354390732081311,5.5145649909973145,12900,0.0,0.0
2005-06-15,5.697620274829424,5.697620274829424,5.400154326081905,5.445918083190918,11500,0.0,0.0
2005-06-16,5.44591844643816,5.537446839640596,5.400154686276666,5.4688005447387695,5600,0.0,0.0
2005-06-17,5.423036784577276,5.4688005447387695,5.194216674450635,5.4688005447387695,13300,0.0,0.0
2005-06-20,5.331509123225259,5.65185767052823,5.262863255340213,5.423037528991699,5500,0.0,0.0
2005-06-21,5.491683148323221,5.491683148323221,5.354390982327188,5.377273082733154,16500,0.0,0.0
2005-06-22,5.537447498582364,5.560329163166108,5.2628631591796875,5.2628631591796875,7900,0.0,0.0
2005-06-23,5.308626512895392,5.423036563290209,5.217098123427774,5.239980220794678,13900,0.0,0.0
2005-06-24,5.148451805114746,5.377271885342068,5.148451805114746,5.148451805114746,23400,0.0,0.0
2005-06-27,5.354389790031402,5.354389790031402,5.148451805114746,5.148451805114746,13900,0.0,0.0
2005-06-28,5.262864036799896,5.331509914877867,5.148453949043376,5.194218158721924,22400,0.0,0.0
2005-06-29,5.148452714533752,5.5145649948552125,4.850986732269922,5.331508636474609,23200,0.0,0.0
2005-06-30,5.239979749917741,5.377271885342068,5.034041765001085,5.148451805114746,18800,0.0,0.0
2005-07-01,5.285745012778378,5.445918839565749,5.102688649598838,5.217098712921143,10500,0.0,0.0
2005-07-05,5.308626375424184,5.491682276739627,5.262862181875476,5.445918083190918,13900,0.0,0.0
2005-07-06,5.491682276739627,5.491682276739627,5.423036422856259,5.445918083190918,17400,0.0,0.0
2005-07-07,5.445917522675542,6.109496078635205,5.400153770276715,6.017967700958252,59800,0.0,0.0
2005-07-08,6.2925531964339045,6.498491213756522,6.0637330801999445,6.338317394256592,49200,0.0,0.0
2005-07-11,6.384081037971454,6.384081037971454,6.109497165415531,6.17814302444458,11200,0.0,0.0
2005-07-12,6.178142837398988,6.178142837398988,5.720502627221284,5.766266822814941,20500,0.0,0.0
2005-07-13,5.720503214794277,5.90355914309179,5.628975250645521,5.743385314941406,11700,0.0,0.0
2005-07-14,5.8120304558253,5.903558408586386,5.491682402941645,5.60609245300293,15000,0.0,0.0
2005-07-15,5.514565248729188,5.606093213913288,5.331508881921222,5.377273082733154,14600,0.0,0.0
2005-07-18,5.491682643039378,5.5603285015014805,5.423036784577276,5.4688005447387695,15100,0.0,0.0
2005-07-19,5.377272229307551,5.491682276739627,5.28574427864983,5.445918083190918,9800,0.0,0.0
2005-07-20,5.468801047917255,5.491683148323221,5.2857451175490535,5.377273082733154,6200,0.0,0.0
2005-07-21,5.491682895502668,5.491682895502668,5.148452714533752,5.331508636474609,7100,0.0,0.0
2005-07-22,5.491682545747877,5.491682545747877,5.171334484533861,5.4001545906066895,4200,0.0,0.0
2005-07-25,5.171335191525388,5.514565397558846,5.171335191525388,5.2628631591796875,14200,0.0,0.0
2005-07-26,5.262863599546768,5.44591955017247,5.262863599546768,5.354391574859619,8300,0.0,0.0
2005-07-27,5.377272976148269,5.491683039470574,5.194217049408486,5.217098712921143,19600,0.0,0.0
2005-07-28,5.285745012778378,5.468800939518162,5.1713349494560745,5.217098712921143,14000,0.0,0.0
2005-07-29,5.468801195511807,5.491683296535326,5.171335191525388,5.2628631591796875,6900,0.0,0.0
2005-08-01,5.354391492040443,5.354391492040443,5.171335544246163,5.285745620727539,9800,0.0,0.0
2005-08-02,5.354389699096909,5.5374460220336905,5.239979660926293,5.537446022033691,16400,0.0,0.0
2005-08-03,5.537446725104094,5.537446725104094,5.445918333794831,5.491682529449463,8200,0.0,0.0
2005-08-04,5.537447090333849,5.7205030121466445,5.445918692987708,5.5145649909973145,11000,0.0,0.0
2005-08-05,5.491683396876745,5.60609346764501,5.400155427550089,5.423037528991699,5800,0.0,0.0
2005-08-08,5.423036650457276,5.857794761657715,5.423036650457276,5.857794761657715,25600,0.0,0.0
2005-08-09,5.949323150709849,6.338317531293699,5.949323150709849,6.223907470703125,28200,0.0,0.0
2005-08-10,6.338317535790815,6.475609259445118,5.972205254353269,6.04085111618042,57200,0.0,0.0
2005-08-11,6.315435195663055,6.315435195663055,5.0340424776903046,5.903558731079102,36700,0.0,0.0
2005-08-12,5.880677453879959,6.269671408935049,5.6976210899366,5.83491325378418,26200,0.0,0.0
2005-08-15,5.9493230629797,6.063733121883156,5.674738747035511,5.97220516204834,8900,0.0,0.0
2005-08-16,6.109498828002686,6.109498828002686,5.72050435714115,5.880678653717041,14300,0.0,0.0
2005-08-17,6.109497320020434,6.1323789826493345,5.857795103144883,5.97220516204834,11800,0.0,0.0
2005-08-18,5.857795516982764,6.178143617256245,5.697621248626138,6.155261516571045,11000,0.0,0.0
2005-08-19,6.132379415885846,6.223907818626643,5.99508768465419,6.155261516571045,7400,0.0,0.0
2005-08-22,6.040852513853085,6.109498828002686,5.72050435714115,5.880678653717041,15400,0.0,0.0
2005-08-23,5.88067613654554,5.88067613654554,5.44591764234547,5.537446022033691,11400,0.0,0.0
2005-08-24,5.583212017441068,5.766268413886249,5.445919829217141,5.651858329772949,12500,0.0,0.0
2005-08-25,5.766266797927278,5.834912654581767,5.377272446379275,5.67473840713501,12500,0.0,0.0
2005-08-26,5.674738655990514,5.720502853393555,5.491682739257813,5.720502853393555,4700,0.0,0.0
2005-08-29,5.743384586334305,5.766266683578606,5.560328244819603,5.697620391845703,7900,0.0,0.0
2005-08-30,5.583211898803712,5.651858209676931,5.5374481279947245,5.583211898803711,7900,0.0,0.0
2005-08-31,5.583210484319011,5.789148491885422,5.400154574579915,5.491682529449463,5100,0.0,0.0
2005-09-01,5.5145657736902916,5.537447876274528,5.285745620727539,5.285745620727539,11400,0.0,0.0
2005-09-02,5.583210484319011,5.583210484319011,5.400154574579915,5.491682529449463,7700,0.0,0.0
2005-09-06,5.400154465923305,5.537446613685026,5.171334365133671,5.239980220794678,20900,0.0,0.0
2005-09-07,5.377272229307551,5.491682276739627,5.262862181875476,5.445918083190918,22500,0.0,0.0
2005-09-08,5.468801047917255,5.491683148323221,5.262863017143087,5.377273082733154,15300,0.0,0.0
2005-09-09,5.537447296669297,5.766267425681421,5.23998086708968,5.560328960418701,93600,0.0,0.0
2005-09-12,5.8120308117599055,5.8120308117599055,5.400154780891462,5.720502853393555,17200,0.0,0.0
2005-09-13,5.720502489090005,5.834912538871804,5.491682389526404,5.697620391845703,8600,0.0,0.0
2005-09-14,5.583211060607866,5.720503225303092,5.423037232163235,5.560328960418701,6200,0.0,0.0
2005-09-15,5.6518571545307275,5.6518571545307275,5.308626973561811,5.331508636474609,7000,0.0,0.0
2005-09-16,5.423036784577276,5.628974796403307,5.377272587976058,5.4688005447387695,21800,0.0,0.0
2005-09-19,5.491682529449463,5.491682529449463,5.308626619710367,5.491682529449463,8400,0.0,0.0
2005-09-20,5.491682529449463,5.72050263484319,5.308626619710367,5.491682529449463,7100,0.0,0.0
2005-09-21,5.445918224217407,5.491682418951217,5.239980220794679,5.239980220794678,10400,0.0,0.0
2005-09-22,5.21709931297483,5.445919465937583,5.21709931297483,5.285745620727539,313600,0.0,0.0
2005-09-23,5.377272976148269,5.445918839565749,5.217098712921143,5.217098712921143,10300,0.0,0.0
2005-09-26,5.308626512895392,5.445918224217407,5.217098123427774,5.239980220794678,4200,0.0,0.0
2005-09-27,5.262861732670915,5.308625922313482,5.0569237521586805,5.1713337898254395,17400,0.0,0.0
2005-09-28,5.171335250186693,5.217099016313078,5.034043078927974,5.079807281494141,4800,0.0,0.0
2005-09-29,5.079806729810405,5.125570490966695,4.4619922444627464,4.736576557159424,24000,0.0,0.0
2005-09-30,4.736575495140869,4.942513465268812,4.736575495140869,4.850985527038574,17700,0.0,0.0
2005-10-03,4.873867292816464,5.1026873617081225,4.850985635079015,4.919631481170654,16600,0.0,0.0
2005-10-04,4.94251440280641,5.194216608014275,4.873868108782601,5.0340423583984375,10900,0.0,0.0
2005-10-05,5.011160850524902,5.034042951227526,4.919632884154174,5.011160850524902,6800,0.0,0.0
2005-10-06,4.919631371601343,5.011159309831581,4.850985527038574,4.850985527038574,12400,0.0,0.0
2005-10-07,4.850986802181021,4.919632664788212,4.850986802181021,4.873868465423584,4000,0.0,0.0
2005-10-10,4.805222957918096,4.988278896024776,4.805222957918096,4.8967509269714355,2800,0.0,0.0
2005-10-11,4.850985527038574,4.942513465268812,4.850985527038574,4.850985527038574,8100,0.0,0.0
2005-10-12,4.850985265649017,4.919631106512887,4.6450468701781835,4.805221080780029,10300,0.0,0.0
2005-10-13,4.782341480255127,4.873869461245496,4.576403413916837,4.782341480255127,12400,0.0,0.0
2005-10-14,4.805221561224084,4.805221561224084,4.66792942932975,4.713693618774414,12000,0.0,0.0
2005-10-17,4.759457152368701,4.896749277933875,4.759457152368701,4.850985527038574,10600,0.0,0.0
2005-10-18,4.9882774461234245,4.9882774461234245,4.66792942932975,4.713693618774414,2600,0.0,0.0
2005-10-19,4.690811857338585,4.828103998987652,4.59928390838577,4.645047664642334,4800,0.0,0.0
2005-10-20,4.553520317297317,4.622166615411193,4.530638217926025,4.530638217926025,10400,0.0,0.0
2005-10-21,4.530638217926025,4.622166615411193,4.530638217926025,4.530638217926025,4200,0.0,0.0
2005-10-24,4.530637990898049,4.576402187347412,4.484874230888408,4.576402187347412,5700,0.0,0.0
2005-10-25,4.507756554994478,4.553520317297317,4.439110256880602,4.530638217926025,5800,0.0,0.0
2005-10-26,4.530636935998279,4.622165307585817,4.484873186644132,4.507755279541016,5200,0.0,0.0
2005-10-27,4.484874812339811,4.690812850181787,4.461992711148529,4.553520679473877,7600,0.0,0.0
2005-10-28,4.576401121792048,4.599283214688932,4.461991093747247,4.507755279541016,1700,0.0,0.0
2005-10-31,4.713694951373069,4.713694951373069,4.461992711148529,4.553520679473877,5700,0.0,0.0
2005-11-01,4.576401121792048,4.622165307585817,4.484873186644132,4.507755279541016,7300,0.0,0.0
2005-11-02,4.461993012342362,4.530638884110168,4.027234806120043,4.324700832366943,12600,0.0,0.0
2005-11-03,4.347582109027989,4.347582109027989,4.050116139301965,4.21028995513916,27500,0.0,0.0
2005-11-04,4.324700951019918,4.324700951019918,4.072998686899219,4.30181884765625,10300,0.0,0.0
2005-11-07,4.347583054383585,4.416228928034766,4.278937180732404,4.30181884765625,6100,0.0,0.0
2005-11-08,4.141644883359591,4.347582935102815,4.095880677887848,4.324700832366943,18000,0.0,0.0
2005-11-09,4.439109946932985,4.439109946932985,4.095879789647862,4.2331719398498535,20700,0.0,0.0
2005-11-10,4.233171814366391,4.34758186340332,4.004351716292532,4.34758186340332,37100,0.0,0.0
2005-11-11,4.256054721494392,4.256054721494392,3.66112226598403,3.8899424076080322,79500,0.0,0.0
2005-11-14,4.0043530038876884,4.09588098526001,3.798414936690004,4.09588098526001,18100,0.0,0.0
2005-11-15,4.004353093070602,4.004353093070602,3.775532916323711,3.867060899734497,13800,0.0,0.0
2005-11-16,3.775532156130371,4.050116487515758,3.6840041911484964,3.7068862915039062,16600,0.0,0.0
2005-11-17,3.6611218452453613,3.7526498040885485,3.4323017299175262,3.6611218452453613,31900,0.0,0.0
2005-11-18,3.6611223798356445,3.9814705007833036,3.6611223798356445,3.9128246307373047,17500,0.0,0.0
2005-11-21,3.958587288375584,4.004351479864187,3.77553139530052,3.84417724609375,8500,0.0,0.0
2005-11-22,3.889941437582354,4.02723357560849,3.77553139530052,3.84417724609375,9200,0.0,0.0
2005-11-23,3.7984142692923655,3.8212963697249234,3.5238299369812007,3.523829936981201,16900,0.0,0.0
2005-11-25,3.6611217151988638,3.8212959648147016,3.5467116615988994,3.775531768798828,5800,0.0,0.0
2005-11-28,3.6840047435006453,3.7755327222055413,3.5695946610095683,3.7297685146331787,8300,0.0,0.0
2005-11-29,3.775532518990261,3.79841462154483,3.5467123663241846,3.684004545211792,15700,0.0,0.0
2005-11-30,3.775533035612811,3.775533035612811,3.546712851636277,3.5924768447875977,15400,0.0,0.0
2005-12-01,3.5467121905090084,3.706886464011135,3.4323021198474275,3.4551842212677,10100,0.0,0.0
2005-12-02,3.4551848653336363,3.592476844787597,3.4323027596480102,3.5924768447875977,19300,0.0,0.0
2005-12-05,3.5238298338132656,3.5695940333385328,3.4551839709651166,3.500947952270508,11000,0.0,0.0
2005-12-06,3.500947952270508,3.546711933575899,3.363655790134458,3.500947952270508,12500,0.0,0.0
2005-12-07,3.500947952270508,3.5238298338132656,3.432301871202483,3.500947952270508,9500,0.0,0.0
2005-12-08,3.5238292337424357,3.6382392766330325,3.478065260230165,3.6153573989868164,14200,0.0,0.0
2005-12-09,3.5695949573219035,3.661122943624544,3.4323027596480102,3.5924768447875977,13100,0.0,0.0
2005-12-12,3.661122442657223,3.7297683138811237,3.5695944688787535,3.684004545211792,36500,0.0,0.0
2005-12-13,3.6840045452117915,3.7297683138811237,3.638240340102654,3.684004545211792,8500,0.0,0.0
2005-12-14,3.7068866477663605,3.7068866477663605,3.5695944688787535,3.684004545211792,6900,0.0,0.0
2005-12-15,3.6840039440660917,3.729767705267818,3.50094780815985,3.6611218452453613,9200,0.0,0.0
2005-12-16,3.638240814208984,3.661122919745365,3.43230273726128,3.6382408142089844,14200,0.0,0.0
2005-12-19,3.615358851981495,3.6382407388238276,3.5238306499523873,3.5695948600769043,47300,0.0,0.0
2005-12-20,3.7068861954745826,3.7068861954745826,3.478065852507874,3.500947952270508,93300,0.0,0.0
2005-12-21,3.6153576159539647,4.23317184099588,3.6153576159539647,4.164525985717773,73000,0.0,0.0
2005-12-22,4.118763181444048,4.118763181444048,3.7984150212863703,3.867060899734497,20700,0.0,0.0
2005-12-23,3.821295823924516,4.050115922687907,3.821295823924516,3.9814696311950684,28500,0.0,0.0
2005-12-27,4.027235198033262,4.050117302995921,3.775532916323711,3.867060899734497,16400,0.0,0.0
2005-12-28,3.775531780481314,3.889941834435293,3.7526496824025743,3.821295976638794,27200,0.0,0.0
2005-12-29,3.7526508113610513,3.981470988107943,3.7526508113610513,3.867060899734497,17900,0.0,0.0
2005-12-30,3.7984138007100836,4.4162278175354,3.7297675078807964,4.4162278175354,33900,0.0,0.0
2006-01-03,4.439109946932985,4.439109946932985,4.004351834993105,4.2331719398498535,9100,0.0,0.0
2006-01-04,4.23317207230462,4.23317207230462,3.9357061012591052,4.118762016296387,19500,0.0,0.0
2006-01-05,4.187406638580923,4.187406638580923,3.912822847122928,4.072996616363525,5400,0.0,0.0
2006-01-06,4.095880906731087,4.1187630107454165,3.9128249474961128,4.02723503112793,17200,0.0,0.0
2006-01-09,4.072997723676874,4.072997723676874,3.84417761703346,4.050116062164307,21500,0.0,0.0
2006-01-10,4.095879680576764,4.095879680576764,3.7755316295959567,3.9814696311950684,13600,0.0,0.0
2006-01-11,4.0729975834124845,4.095879680576764,3.844177484649093,3.9814696311950684,12900,0.0,0.0
2006-01-12,3.9357066105087464,4.02723457987039,3.775532336796031,3.8899424076080322,56900,0.0,0.0
2006-01-13,3.79841282490553,4.210288730312323,3.7755307331741306,4.072996616363525,23600,0.0,0.0
2006-01-17,4.095879917806795,4.23317207230462,3.889941904279921,4.118762016296387,56100,0.0,0.0
2006-01-18,4.324699779340155,4.324699779340155,3.935705873306212,3.9814696311950684,18700,0.0,0.0
2006-01-19,4.0501172127937695,4.324701156910735,3.9128250225153667,4.09588098526001,19500,0.0,0.0
2006-01-20,4.05011713514226,4.164527218774077,3.9128249474961128,4.02723503112793,14800,0.0,0.0
2006-01-23,4.095880536992789,4.141644740890279,3.9585883617401127,3.9585883617401123,7800,0.0,0.0
2006-01-24,4.3246999282725715,4.3246999282725715,3.8899418129380297,4.050116062164307,15700,0.0,0.0
2006-01-25,4.0729975834124845,4.18740763279418,3.912823776141932,3.9814696311950684,7800,0.0,0.0
2006-01-26,4.027234667586348,4.141644740890279,3.9357066962311613,3.9585883617401123,26200,0.0,0.0
2006-01-27,3.9585870814637247,4.118761306861997,3.9357054233551025,3.9357054233551025,9900,0.0,0.0
2006-01-30,4.004352602945236,4.004352602945236,3.9128246307373042,3.9128246307373047,13300,0.0,0.0
2006-01-31,3.8899430046971566,3.912825109659816,3.775532916323711,3.867060899734497,8500,0.0,0.0
2006-02-01,3.9814696311950684,3.9814696311950684,3.844177484649093,3.9814696311950684,21700,0.0,0.0
2006-02-02,3.9585876703551666,4.301817830320287,3.9585876703551666,4.050116062164307,19400,0.0,0.0
2006-02-03,4.095879917806795,4.210289973815028,4.050116157267338,4.118762016296387,11600,0.0,0.0
2006-02-06,4.072998802716757,4.187408886348574,4.0043529271136,4.02723503112793,10500,0.0,0.0
2006-02-07,4.118761919581443,4.141644017533729,4.004351866259737,4.050116062164307,10000,0.0,0.0
2006-02-08,4.095880053289095,4.095880053289095,3.9814699934964404,4.00435209274292,5500,0.0,0.0
2006-02-09,4.072996616363525,4.118760799826324,3.9814686858775272,4.072996616363525,7900,0.0,0.0
2006-02-10,4.050116291235879,4.164526351028534,3.9814699934964404,4.00435209274292,6900,0.0,0.0
2006-02-13,4.141645114759747,4.141645114759747,3.95858871908494,4.02723503112793,14700,0.0,0.0
2006-02-14,4.072998802716757,4.072998802716757,3.95858871908494,4.02723503112793,6000,0.0,0.0
2006-02-15,3.9128241321967443,4.050116291235879,3.9128241321967443,4.00435209274292,11000,0.0,0.0
2006-02-16,3.9357060088425997,4.0958798216291585,3.9357060088425997,4.050116062164307,6500,0.0,0.0
2006-02-17,4.095880906731087,4.095880906731087,4.0043529271136,4.02723503112793,6800,0.0,0.0
2006-02-21,4.118762638941535,4.118762638941535,3.9128245942824162,3.9585883617401123,19900,0.0,0.0
2006-02-22,4.027233948141911,4.14164400100708,3.912823895276741,4.14164400100708,14800,0.0,0.0
2006-02-23,4.141644114785979,4.141644114785979,4.004351960288154,4.118762016296387,12600,0.0,0.0
2006-02-24,4.0729978193172025,4.187407875325436,4.050116157267338,4.118762016296387,8600,0.0,0.0
2006-02-27,4.141642891557724,4.278935005506521,4.004350777608926,4.072996616363525,12600,0.0,0.0
2006-02-28,4.027233932766722,4.2331719398498535,4.027233932766722,4.2331719398498535,4000,0.0,0.0
2006-03-01,4.2560540538722496,4.2560540538722496,4.072997707424149,4.14164400100708,6400,0.0,0.0
2006-03-02,4.27893616880772,4.27893616880772,4.004351866259737,4.050116062164307,12200,0.0,0.0
2006-03-03,4.141644207796029,4.576402343102853,4.072997910785643,4.370464324951172,69600,0.0,0.0
2006-03-06,4.393346965103155,4.667930877647232,4.3704648632812,4.622167110443115,48800,0.0,0.0
2006-03-07,4.667929913418783,4.667929913418783,4.278936008557043,4.34758186340332,25700,0.0,0.0
2006-03-08,4.347583054383585,4.5306390084132815,4.278937180732404,4.30181884765625,18300,0.0,0.0
2006-03-09,4.393346494577763,4.553520317297317,4.324700196463887,4.530638217926025,29500,0.0,0.0
2006-03-10,4.576402720753244,4.576402720753244,4.256054617588472,4.393346786499023,13400,0.0,0.0
2006-03-13,4.347581762524701,4.347581762524701,4.233171716142472,4.27893590927124,11900,0.0,0.0
2006-03-14,4.3018177659263,4.461992012754925,4.3018177659263,4.4162278175354,15400,0.0,0.0
2006-03-15,4.461991093747247,4.530636935998279,4.461991093747247,4.507755279541016,14700,0.0,0.0
2006-03-16,4.55352008912273,4.599284285572094,4.50775632911309,4.576402187347412,23000,0.0,0.0
2006-03-17,4.530637990898049,4.599284285572094,4.484874230888408,4.576402187347412,17900,0.0,0.0
2006-03-20,4.645047553552145,4.759457596116875,4.5764017025891786,4.667929649353027,14700,0.0,0.0
2006-03-21,4.645047664642334,4.713693953686711,4.461991766736703,4.645047664642334,11200,0.0,0.0
2006-03-22,4.576402187347412,4.645048045581734,4.461992132663727,4.576402187347412,10900,0.0,0.0
2006-03-23,4.576401599933347,4.599283695220947,4.461991559935013,4.599283695220947,11400,0.0,0.0
2006-03-24,4.667929056939965,4.713693242733734,4.484873186644132,4.507755279541016,11800,0.0,0.0
2006-03-27,4.553519715689518,4.690811857338585,4.507755959432954,4.645047664642334,7700,0.0,0.0
2006-03-28,4.599284329029596,5.148452509412296,4.599284329029596,5.102688312530518,23300,0.0,0.0
2006-03-29,5.034042375457863,5.102688233274582,4.919632321470185,4.942514419555664,21800,0.0,0.0
2006-03-30,5.011159039811251,5.011159039811251,4.805221080780029,4.805221080780029,8300,0.0,0.0
2006-03-31,4.850986352891001,4.965396404266357,4.850986352891001,4.965396404266357,15800,0.0,0.0
2006-04-03,4.965396500814347,5.0340423583984375,4.805222251198509,5.0340423583984375,39000,0.0,0.0
2006-04-04,5.056923498979515,5.217097281829947,4.942513467040791,5.1255693435668945,101100,0.0,0.0
2006-04-05,5.720502602531144,6.292552862784258,5.377272446379275,5.67473840713501,345800,0.0,0.0
2006-04-06,5.583210852567176,5.606092951903712,5.400154930754381,5.5145649909973145,53100,0.0,0.0
2006-04-07,5.560328535589389,5.674738591354107,5.034042453647578,5.102688312530518,50900,0.0,0.0
2006-04-10,5.102689739364829,5.285746141639169,5.102689739364829,5.194218158721924,15600,0.0,0.0
2006-04-11,5.26286118371146,5.308625368580449,4.7594568959110415,4.805221080780029,24400,0.0,0.0
2006-04-12,4.782340950317213,4.896751022987193,4.576402906799207,4.622167110443115,35900,0.0,0.0
2006-04-13,4.599284516039901,4.80522253750204,4.41622815750931,4.530638217926025,29300,0.0,0.0
2006-04-17,4.59928379839006,4.782339691917756,4.46199166002445,4.667929649353027,22900,0.0,0.0
2006-04-18,4.736576438480461,4.805222296714783,4.55352008912273,4.576402187347412,20600,0.0,0.0
2006-04-19,4.645048548602219,5.056925051930151,4.461992615860763,5.011160850524902,43400,0.0,0.0
2006-04-20,5.011159309831581,5.011159309831581,4.736575495140869,4.850985527038574,21300,0.0,0.0
2006-04-21,4.85098701848607,5.011160850524902,4.667930649304844,5.011160850524902,17000,0.0,0.0
2006-04-24,4.94251440280641,5.0340423583984375,4.736576393614418,5.0340423583984375,17900,0.0,0.0
2006-04-25,4.919631481170654,4.919631481170654,4.599283472010262,4.919631481170654,31500,0.0,0.0
2006-04-26,4.942514306703344,5.034042260515687,4.690812106389617,4.965396404266357,18600,0.0,0.0
2006-04-27,5.011160277372384,5.034042375457863,4.805222267482506,4.942514419555664,20700,0.0,0.0
2006-04-28,4.919632321470185,4.988278179286904,4.736576409665787,4.942514419555664,17100,0.0,0.0
2006-05-01,4.9425151297179974,4.9425151297179974,4.736577090238035,4.8967509269714355,16900,0.0,0.0
2006-05-02,4.850985265649017,4.965395291381875,4.690811055047171,4.805221080780029,7800,0.0,0.0
2006-05-03,4.759458118960193,4.759458118960193,4.39334629168612,4.484874248504639,28900,0.0,0.0
2006-05-04,4.461991449708078,4.713693618774413,4.370463507258408,4.713693618774414,18400,0.0,0.0
2006-05-05,4.622166349580633,4.8052222611435464,4.599284251525339,4.759458065032959,11900,0.0,0.0
2006-05-08,4.576402439557939,4.64504830157541,4.416228179597513,4.439110279083252,21100,0.0,0.0
2006-05-09,4.690812010514109,4.690812010514109,4.233171814366391,4.34758186340332,17000,0.0,0.0
2006-05-10,4.34758186340332,4.576401961477179,4.324699766307995,4.34758186340332,13600,0.0,0.0
2006-05-11,4.439109000850363,4.736575335630618,4.393345251496214,4.507755279541016,22000,0.0,0.0
2006-05-12,4.553520709561221,4.553520709561221,4.347582670358511,4.4619927406311035,6300,0.0,0.0
2006-05-15,4.39334629168612,4.530638008694035,4.347582095056999,4.484874248504639,10800,0.0,0.0
2006-05-16,4.4391099151451625,4.530637869144501,4.347581961145824,4.4162278175354,10300,0.0,0.0
2006-05-17,4.347582095056999,4.484874248504639,4.347582095056999,4.484874248504639,8600,0.0,0.0
2006-05-18,4.484874110364688,4.484874110364688,4.347581961145824,4.4162278175354,20700,0.0,0.0
2006-05-19,4.347582584715582,4.439110551842692,4.347582584715582,4.393346786499023,18000,0.0,0.0
2006-05-22,4.393346786499023,4.393346786499023,4.23317251669675,4.393346786499023,14500,0.0,0.0
2006-05-23,4.34758186340332,4.3933460575939725,4.278936008557043,4.34758186340332,4900,0.0,0.0
2006-05-24,4.324700010639897,4.324700010639897,4.118761998026516,4.21028995513916,10900,0.0,0.0
2006-05-25,4.187407760289318,4.210289858150295,4.118761903146103,4.14164400100708,16700,0.0,0.0
2006-05-26,4.118762700916358,4.256054878234863,4.118762700916358,4.256054878234863,7400,0.0,0.0
2006-05-30,4.187408767277735,4.324700951019918,4.118762893626554,4.30181884765625,6100,0.0,0.0
2006-05-31,4.256053812706856,4.27893590927124,4.118761669760243,4.27893590927124,3800,0.0,0.0
2006-06-01,4.347582584715582,4.416228450950971,4.187408314913308,4.393346786499023,5500,0.0,0.0
2006-06-02,4.4848747536261335,4.4848747536261335,4.2789367184801925,4.393346786499023,2700,0.0,0.0
2006-06-05,4.393346786499023,4.393346786499023,4.370464685607303,4.393346786499023,5300,0.0,0.0
2006-06-06,4.576402439557939,4.576402439557939,4.370464417065782,4.439110279083252,10200,0.0,0.0
2006-06-07,4.461993012342362,4.461993012342362,4.324700832366943,4.324700832366943,16400,0.0,0.0
2006-06-08,4.27893706333501,4.393347140574558,4.233172857863267,4.324700832366943,15000,0.0,0.0
2006-06-09,4.393347140574558,4.439110909606492,4.11876278062372,4.324700832366943,10600,0.0,0.0
2006-06-12,4.576401961477179,4.576401961477179,4.118761765329461,4.34758186340332,19900,0.0,0.0
2006-06-13,4.301817830320287,4.301817830320287,4.004351866259737,4.050116062164307,21700,0.0,0.0
2006-06-14,3.889942528575372,4.004352602945236,3.684004481997577,3.9128246307373047,28600,0.0,0.0
2006-06-15,3.9128245090583893,4.004352478420033,3.775532336796031,3.8899424076080322,12900,0.0,0.0
2006-06-16,4.324701156910735,4.324701156910735,3.935707126968407,4.09588098526001,7700,0.0,0.0
2006-06-19,4.095880447781677,4.095880447781677,3.844178204707318,3.8899424076080322,19700,0.0,0.0
2006-06-20,3.912824002769513,4.118762016296387,3.889941904279921,4.118762016296387,12800,0.0,0.0
2006-06-21,4.118762578860531,4.30181851890064,3.958588303995595,4.187408447265625,6900,0.0,0.0
2006-06-22,4.141643888478503,4.278936035474419,3.9357058862044827,4.164525985717773,11800,0.0,0.0
2006-06-23,4.118761919581443,4.141644017533729,4.004351866259737,4.050116062164307,6100,0.0,0.0
2006-06-26,4.00435209274292,4.0272341919893995,3.9814699934964404,4.00435209274292,11100,0.0,0.0
2006-06-27,4.0272341919893995,4.118762152535575,3.9814699934964404,4.00435209274292,14100,0.0,0.0
2006-06-28,4.004351270560274,4.0272333651085495,3.8212953870533806,3.9357054233551025,7100,0.0,0.0
2006-06-29,3.889942528575372,3.9128246307373042,3.8441783242515073,3.9128246307373047,10000,0.0,0.0
2006-06-30,3.8670597363565533,3.889941834435293,3.8212959766387935,3.821295976638794,23400,0.0,0.0
2006-07-03,3.9128245090583893,3.9128245090583893,3.8212965396967453,3.8899424076080322,8900,0.0,0.0
2006-07-05,3.8899412342585524,3.9585870814637247,3.8899412342585524,3.9357054233551025,6500,0.0,0.0
2006-07-06,3.8899430046971566,3.935707214622475,3.8212971262490294,3.867060899734497,4000,0.0,0.0
2006-07-07,3.844178204707318,4.07299834633132,3.8212965396967453,3.8899424076080322,12000,0.0,0.0
2006-07-10,3.8212959766387935,3.8670597363565533,3.7297675843238345,3.821295976638794,8600,0.0,0.0
2006-07-11,3.8212959766387935,3.8441776382778134,3.8212959766387935,3.821295976638794,2900,0.0,0.0
2006-07-12,3.8212955867891236,3.84417724609375,3.77553139530052,3.84417724609375,12400,0.0,0.0
2006-07-13,3.867059139710278,4.1645254959585465,3.8212953870533806,3.9357054233551025,12600,0.0,0.0
2006-07-14,3.889941822398793,4.141644027606659,3.569593759606836,3.775531768798828,19500,0.0,0.0
2006-07-17,3.7068870378755836,4.004353093070602,3.4780666429087668,3.867060899734497,16400,0.0,0.0
2006-07-18,3.8212967240993985,3.8670604927687307,3.5467123663241846,3.684004545211792,2600,0.0,0.0
2006-07-19,3.6382392803065104,3.798413515090942,3.5467113331895543,3.7984135150909424,11100,0.0,0.0
2006-07-20,3.706885564231197,3.752649319523629,3.478065260230165,3.6153573989868164,15700,0.0,0.0
2006-07-21,3.6611216243405242,3.7755316751011656,3.2950093746185303,3.2950093746185303,18100,0.0,0.0
2006-07-24,3.3178920443206392,3.5009482007547215,3.3178920443206392,3.4094200134277344,8900,0.0,0.0
2006-07-25,3.455183858739262,3.5238297193577637,3.4323017597198486,3.4323017597198486,4700,0.0,0.0
2006-07-26,3.5009478385582193,3.546711818377177,3.3178917010625204,3.4323017597198486,16300,0.0,0.0
2006-07-27,3.432301871202483,3.546711933575899,3.432301871202483,3.500947952270508,4400,0.0,0.0
2006-07-28,3.4780666580477964,3.615358851981495,3.432302666143206,3.5695948600769043,3500,0.0,0.0
2006-07-31,3.5009478385582193,3.546711818377177,3.386537779900891,3.4323017597198486,6100,0.0,0.0
2006-08-01,3.4323015286174785,3.455183626096203,3.386537551879883,3.386537551879883,2700,0.0,0.0
2006-08-02,3.363655790134458,3.500947952270508,3.363655790134458,3.500947952270508,6200,0.0,0.0
2006-08-03,3.4323017299175262,3.6611218452453613,3.409419631096796,3.6611218452453613,25600,0.0,0.0
2006-08-04,3.6611222558020846,3.6611222558020846,3.409420013427735,3.4094200134277344,14400,0.0,0.0
2006-08-07,3.409420013427735,3.455184216201174,3.3865381302609063,3.4094200134277344,16800,0.0,0.0
2006-08-08,3.40941965050808,3.5009478280922433,3.3865377697769405,3.4780657291412354,12400,0.0,0.0
2006-08-09,3.5467121853082695,3.569594286694989,3.363656028874187,3.4094200134277344,10600,0.0,0.0
2006-08-10,3.43230273726128,3.638240814208984,3.43230273726128,3.6382408142089844,7500,0.0,0.0
2006-08-11,3.5924760200589922,3.6611221031367833,3.4094198712581765,3.523829936981201,8600,0.0,0.0
2006-08-14,3.592475787456538,3.6153578864075464,3.40941965050808,3.4780657291412354,9400,0.0,0.0
2006-08-15,3.5238298338132656,3.661121995949315,3.432301871202483,3.500947952270508,11600,0.0,0.0
2006-08-16,3.5238296887607135,3.8212961005507395,3.3178916722536087,3.6611218452453613,21800,0.0,0.0
2006-08-17,3.6153589504732238,3.6382408379389175,3.4551848653336363,3.5924768447875977,8300,0.0,0.0
2006-08-18,3.5695943209542196,4.118762577307225,3.455184249362352,3.752650260925293,14500,0.0,0.0
2006-08-21,3.8212959648147016,3.8212959648147016,3.61535773740285,3.775531768798828,5900,0.0,0.0
2006-08-22,3.7755327222055413,3.8212969297779034,3.5009485678709393,3.7297685146331787,13900,0.0,0.0
2006-08-23,3.821295823924516,4.004351728359348,3.752649532431677,3.9814696311950684,8700,0.0,0.0
2006-08-24,4.004352602945236,4.004352602945236,3.7984145563674403,3.9128246307373047,5500,0.0,0.0
2006-08-25,3.798413866806765,3.798413866806765,3.6611217151988638,3.775531768798828,3400,0.0,0.0
2006-08-28,3.7297675843238345,3.9814697903105327,3.7297675843238345,3.821295976638794,6300,0.0,0.0
2006-08-29,3.775532454205508,3.9128246307373042,3.7297682498816433,3.9128246307373047,900,0.0,0.0
2006-08-30,3.867060306157675,3.8899424076080322,3.7984144382463882,3.8899424076080322,2400,0.0,0.0
2006-08-31,3.889942528575372,3.9128246307373042,3.821296658529373,3.9128246307373047,7300,0.0,0.0
2006-09-01,3.8441783242515073,3.9128246307373042,3.7984145563674403,3.9128246307373047,3500,0.0,0.0
2006-09-05,3.775532336796031,3.8899424076080322,3.775532336796031,3.8899424076080322,4300,0.0,0.0
2006-09-06,3.981470463688858,3.981470463688858,3.889942492333671,3.9585883617401123,700,0.0,0.0
2006-09-07,3.9128233288068275,3.9585870814637247,3.9128233288068275,3.9357054233551025,1000,0.0,0.0
2006-09-08,3.9585878942499613,4.095880053289095,3.9585878942499613,4.00435209274292,8200,0.0,0.0
2006-09-11,4.004350777608926,4.233170822043722,4.004350777608926,4.072996616363525,20200,0.0,0.0
2006-09-12,4.050116157267338,4.118762016296387,3.912824002769513,4.118762016296387,8900,0.0,0.0
2006-09-13,4.05011603054034,4.278936135397089,4.05011603054034,4.2331719398498535,7200,0.0,0.0
2006-09-14,4.256054878234863,4.3475828509672665,4.18740857135571,4.256054878234863,7300,0.0,0.0
2006-09-15,4.256054170794212,4.256054170794212,4.118762016296387,4.118762016296387,5700,0.0,0.0
2006-09-18,4.118761903146103,4.370464106737419,4.118761903146103,4.14164400100708,9300,0.0,0.0
2006-09-19,4.1645267820904515,4.30181851890064,4.1645267820904515,4.187408447265625,5900,0.0,0.0
2006-09-20,4.118762016296387,4.23317207230462,4.004351960288154,4.118762016296387,15400,0.0,0.0
2006-09-21,4.164526115486013,4.1874077769985805,4.027233964212021,4.050116062164307,6700,0.0,0.0
2006-09-22,4.050116157267338,4.118762016296387,4.050116157267338,4.118762016296387,2700,0.0,0.0
2006-09-25,4.118760799826324,4.324698752529721,4.050114961071725,4.072996616363525,15800,0.0,0.0
2006-09-26,4.050116062164307,4.072997723676874,3.9128239108903147,4.050116062164307,6900,0.0,0.0
2006-09-27,3.889942032950265,4.118762152535575,3.889942032950265,4.00435209274292,4300,0.0,0.0
2006-09-28,4.0043529271136,4.1187630107454165,4.0043529271136,4.02723503112793,5000,0.0,0.0
2006-09-29,3.9814699934964404,4.050116291235879,3.9814699934964404,4.00435209274292,1900,0.0,0.0
2006-10-02,4.00435209274292,4.0272341919893995,4.00435209274292,4.00435209274292,3000,0.0,0.0
2006-10-03,4.027233964212021,4.050116062164307,4.027233964212021,4.050116062164307,1800,0.0,0.0
2006-10-04,4.072998802716757,4.072998802716757,4.02723503112793,4.02723503112793,1100,0.0,0.0
2006-10-05,3.9814708994346475,4.09588098526001,3.9814708994346475,4.09588098526001,1200,0.0,0.0
2006-10-06,4.072997723676874,4.141644017533729,4.004351866259737,4.050116062164307,8700,0.0,0.0
2006-10-09,4.0043529271136,4.05011713514226,4.0043529271136,4.02723503112793,3000,0.0,0.0
2006-10-10,4.0043529271136,4.05011713514226,4.0043529271136,4.02723503112793,3000,0.0,0.0
2006-10-11,4.0272341919893995,4.095880053289095,4.00435209274292,4.00435209274292,11100,0.0,0.0
2006-10-12,4.00435209274292,4.050116291235879,3.935706231443224,4.00435209274292,3200,0.0,0.0
2006-10-13,4.05011713514226,4.164527218774077,3.95858871908494,4.02723503112793,9000,0.0,0.0
2006-10-16,3.8441787091562443,4.187408966632332,3.4551846792139163,4.09588098526001,10200,0.0,0.0
2006-10-17,3.9128250225153667,4.118763089713051,3.8899429180623257,4.09588098526001,5800,0.0,0.0
2006-10-18,4.118761919581443,4.118761919581443,4.004351866259737,4.050116062164307,7100,0.0,0.0
2006-10-19,3.9585888831452833,4.095881076481389,3.8441787947718375,3.867060899734497,6300,0.0,0.0
2006-10-20,4.118762152535575,4.118762152535575,3.9128241321967443,4.00435209274292,5100,0.0,0.0
2006-10-23,3.958588275519319,3.981470376969676,3.8899424076080322,3.8899424076080322,2000,0.0,0.0
2006-10-24,3.84417724609375,3.9357056290709576,3.84417724609375,3.84417724609375,5000,0.0,0.0
2006-10-25,3.5009482104912073,3.8899424076080322,3.5009482104912073,3.8899424076080322,2000,0.0,0.0
2006-10-26,3.8899424076080322,3.981470376969676,3.8899424076080322,3.8899424076080322,3700,0.0,0.0
2006-10-27,3.9814704056105557,4.187408447265625,3.958588303995595,4.187408447265625,7700,0.0,0.0
2006-10-30,4.118761791239234,4.21028974375661,4.027233838721858,4.164525985717773,5000,0.0,0.0
2006-10-31,4.118762016296387,4.141644114785979,4.095879917806795,4.118762016296387,4400,0.0,0.0
2006-11-01,4.00435194252578,4.21028995513916,4.00435194252578,4.21028995513916,11400,0.0,0.0
2006-11-02,4.072998880806969,4.164527298619133,4.0501172127937695,4.09588098526001,3800,0.0,0.0
2006-11-03,4.050116710455437,4.187408447265625,4.050116710455437,4.187408447265625,2200,0.0,0.0
2006-11-06,4.072997596760694,4.164525985717773,4.072997596760694,4.164525985717773,1400,0.0,0.0
2006-11-07,4.095879917806795,4.118762016296387,3.9585877633089694,4.118762016296387,1500,0.0,0.0
2006-11-08,4.004351960288154,4.141644114785979,4.004351960288154,4.118762016296387,6700,0.0,0.0
2006-11-09,4.050116291235879,4.118762152535575,3.77553197315761,4.00435209274292,16800,0.0,0.0
2006-11-10,3.8212959555208927,4.072997723676874,3.8212959555208927,4.050116062164307,17200,0.0,0.0
2006-11-13,3.8670608136092848,4.118763089713051,3.7526507277839225,4.09588098526001,10100,0.0,0.0
2006-11-14,4.09588098526001,4.118763089713051,4.09588098526001,4.09588098526001,4100,0.0,0.0
2006-11-15,4.118762893626554,4.30181884765625,4.118762893626554,4.30181884765625,7200,0.0,0.0
2006-11-16,4.30181851890064,4.30181851890064,4.1645267820904515,4.187408447265625,1900,0.0,0.0
2006-11-17,4.1187618874214795,4.256054037623471,4.095879789647862,4.2331719398498535,7200,0.0,0.0
2006-11-20,4.118762578860531,4.233172650495546,4.09588047724557,4.187408447265625,4300,0.0,0.0
2006-11-21,4.095880790262886,4.30181884765625,4.095880790262886,4.30181884765625,4900,0.0,0.0
2006-11-22,4.370463859089085,4.370463859089085,4.118761669760243,4.27893590927124,4100,0.0,0.0
2006-11-24,4.256054037623471,4.301817796730993,4.210289842076236,4.2331719398498535,2800,0.0,0.0
2006-11-27,4.164526650461361,4.461992652734413,4.164526650461361,4.393346786499023,18700,0.0,0.0
2006-11-28,4.3933474519360995,5.102689631941337,4.3475832432209955,4.782341480255127,22600,0.0,0.0
2006-11-29,4.667930109251501,4.759458065032959,4.256054090015086,4.759458065032959,11200,0.0,0.0
2006-11-30,4.667930877647232,4.690812979469187,4.553520804977253,4.622167110443115,2200,0.0,0.0
2006-12-01,4.736575830506881,4.736575830506881,4.416227369359813,4.599283695220947,18400,0.0,0.0
2006-12-04,4.484874230888408,4.667930143806416,4.484874230888408,4.576402187347412,14200,0.0,0.0
2006-12-05,4.576401599933347,4.645047449356481,4.484873655222613,4.599283695220947,4600,0.0,0.0
2006-12-06,4.484874230888408,4.599284285572094,4.484874230888408,4.576402187347412,8200,0.0,0.0
2006-12-07,4.5535196067882975,5.102687723811064,4.530637510987416,4.667929649353027,12100,0.0,0.0
2006-12-08,4.622166004733895,4.645047664642334,4.530637619341393,4.645047664642334,2000,0.0,0.0
2006-12-11,4.599284303637718,4.622166401952278,4.484874248504639,4.484874248504639,15000,0.0,0.0
2006-12-12,4.530637990898049,4.9196323513984686,4.530637990898049,4.576402187347412,8700,0.0,0.0
2006-12-13,4.576402780665158,4.896750888023764,4.553520679473877,4.553520679473877,4600,0.0,0.0
2006-12-14,4.530637990898049,4.645048045581734,4.50775632911309,4.576402187347412,3600,0.0,0.0
2006-12-15,4.576402205323157,4.576402205323157,4.484874248504639,4.484874248504639,3000,0.0,0.0
2006-12-18,4.507756913531092,4.553520679473877,4.393346844014464,4.553520679473877,6000,0.0,0.0
2006-12-19,4.484875115078234,4.576403089581911,4.27893706333501,4.324700832366943,5100,0.0,0.0
2006-12-20,4.278936434161047,4.576402416668609,4.278936434161047,4.530638217926025,6600,0.0,0.0
2006-12-21,4.55352024409939,4.55352024409939,4.370464324951172,4.370464324951172,12900,0.0,0.0
2006-12-22,4.439110551842692,4.530638518969802,4.393346786499023,4.393346786499023,7400,0.0,0.0
2006-12-26,4.4619927937655754,4.57640286540059,4.118762578860531,4.187408447265625,18800,0.0,0.0
2006-12-27,4.141643985195097,4.393346187825464,4.141643985195097,4.2331719398498535,3200,0.0,0.0
2006-12-28,4.278936326958116,5.194216787360731,4.233172129362092,4.736576557159424,24700,0.0,0.0
2006-12-29,4.690812850181787,4.690812850181787,4.484874812339811,4.553520679473877,4100,0.0,0.0
2007-01-03,4.622166383796776,4.782340198490101,4.50775632911309,4.576402187347412,1900,0.0,0.0
2007-01-04,4.553520055414751,4.759458065032959,4.553520055414751,4.759458065032959,3200,0.0,0.0
2007-01-05,4.759457967216227,4.759457967216227,4.690812110900879,4.690812110900879,1200,0.0,0.0
2007-01-08,4.576402780665158,4.7594587173158525,4.484874812339811,4.553520679473877,14000,0.0,0.0
2007-01-09,4.553520804977253,4.645048775825278,4.553520804977253,4.622167110443115,3600,0.0,0.0
2007-01-10,4.553520679473877,4.645048647799224,4.553520679473877,4.553520679473877,1700,0.0,0.0
2007-01-11,4.553519504645747,4.690811639931681,4.324699424649079,4.599283695220947,7000,0.0,0.0
2007-01-12,4.690812979469187,4.690812979469187,4.576402906799207,4.622167110443115,1900,0.0,0.0
2007-01-16,4.667929544644081,4.690811639931681,4.553519504645747,4.599283695220947,3600,0.0,0.0
2007-01-17,4.645048647799224,4.645048647799224,4.553520679473877,4.553520679473877,1700,0.0,0.0
2007-01-18,4.576402780665158,4.576402780665158,4.553520679473877,4.553520679473877,6300,0.0,0.0
2007-01-19,4.553520679473877,4.576402780665158,4.553520679473877,4.553520679473877,7900,0.0,0.0
2007-01-22,4.55352008912273,4.599284285572094,4.55352008912273,4.576402187347412,8900,0.0,0.0
2007-01-23,4.484873186644132,4.576401121792048,4.461991093747247,4.507755279541016,7900,0.0,0.0
2007-01-24,4.461992284525281,4.576402343102853,4.278936365377062,4.370464324951172,15900,0.0,0.0
2007-01-25,4.32469997975536,4.690812242031098,4.3018178815306785,4.576402187347412,16500,0.0,0.0
2007-01-26,4.46199156443278,5.148451805114746,4.46199156443278,5.148451805114746,28900,0.0,0.0
2007-01-29,5.239979660926293,5.5374460220336905,4.919631641336499,5.537446022033691,19300,0.0,0.0
2007-01-30,5.53744768904609,5.53744768904609,4.690812977133825,5.056925296783447,10500,0.0,0.0
2007-01-31,5.056923224680239,5.056923224680239,4.805221080780029,4.805221080780029,3100,0.0,0.0
2007-02-01,4.66793044116226,5.079806926124658,4.622166678237383,4.873868465423584,15200,0.0,0.0
2007-02-02,4.919631106512887,5.056923224680239,4.690811055047171,4.805221080780029,34100,0.0,0.0
2007-02-05,4.850986463653466,5.034042375457863,4.805222267482506,4.942514419555664,4500,0.0,0.0
2007-02-06,5.079806529392673,5.4001545906066895,4.896750182670581,5.4001545906066895,12000,0.0,0.0
2007-02-07,5.468800939518162,5.468800939518162,5.217098712921143,5.217098712921143,3100,0.0,0.0
2007-02-08,5.262861983106482,5.583210016529375,4.873867661953175,5.308626174926758,13300,0.0,0.0
2007-02-09,5.3772723397446045,6.063732638435405,5.3772723397446045,5.697620391845703,71900,0.0,0.0
2007-02-12,5.74338470942393,5.9264406184221,5.720502611689231,5.857794761657715,7100,0.0,0.0
2007-02-13,5.8120311537362905,5.880677453879959,5.6060931261848,5.83491325378418,8000,0.0,0.0
2007-02-14,5.834912525033051,6.155260576374375,5.697620378332568,6.063732624053955,23300,0.0,0.0
2007-02-15,6.10949619899293,6.178142047163325,5.7433839903916155,5.812029838562012,10700,0.0,0.0
2007-02-16,5.949324373891595,6.040852353894268,5.651858329772949,5.651858329772949,3700,0.0,0.0
2007-02-20,5.606092574676859,5.7662668228149405,5.514564619929262,5.766266822814941,5600,0.0,0.0
2007-02-21,5.8120304558253,6.086614750548264,4.988278008096112,5.60609245300293,29600,0.0,0.0
2007-02-22,5.560328355084387,6.109496954079146,5.560328355084387,5.67473840713501,6100,0.0,0.0
2007-02-23,5.995086783142206,6.063732638435405,5.514564486770705,5.697620391845703,5900,0.0,0.0
2007-02-26,5.834912538871804,5.834912538871804,5.537446584015006,5.697620391845703,19500,0.0,0.0
2007-02-27,5.743386309775622,5.903560165670341,5.491684037438395,5.651858329772949,5500,0.0,0.0
2007-02-28,5.628976225662322,5.766268413886249,5.583212017441068,5.651858329772949,5900,0.0,0.0
2007-03-01,5.628974895027205,5.720502853393555,5.606092796325684,5.720502853393555,700,0.0,0.0
2007-03-02,5.537446955866975,5.628974914550781,5.51456485708609,5.628974914550781,6400,0.0,0.0
2007-03-05,5.6060941215516955,5.697622101554368,5.491684037438395,5.651858329772949,4300,0.0,0.0
2007-03-06,5.651856777800958,5.812030589712738,5.468800431622147,5.491682529449463,4500,0.0,0.0
2007-03-07,5.766266098374923,5.789147756857319,5.3315076041748535,5.537446022033691,8700,0.0,0.0
2007-03-08,5.697620529424457,5.7662668228149405,5.491682522132433,5.766266822814941,7100,0.0,0.0
2007-03-09,5.720504084110324,5.720504084110324,5.560329795179305,5.583211898803711,3400,0.0,0.0
2007-03-12,5.5145649909973145,5.606092951903712,5.491682891660779,5.5145649909973145,3500,0.0,0.0
2007-03-13,5.560329795179305,5.606094002428118,5.400155942688111,5.583211898803711,2900,0.0,0.0
2007-03-14,5.583210599802089,5.583210599802089,5.44591844643816,5.4688005447387695,3200,0.0,0.0
2007-03-15,5.21709931297483,5.400155697208915,5.194217646830399,5.285745620727539,1100,0.0,0.0
2007-03-16,5.217098168140374,5.217098168140374,4.965396404266357,4.965396404266357,2000,0.0,0.0
2007-03-19,4.850986732269922,5.33150863647461,4.850986732269922,5.331508636474609,5700,0.0,0.0
2007-03-20,4.942514920778852,5.445918947511289,4.942514920778852,5.377273082733154,3600,0.0,0.0
2007-03-21,5.28574427864983,5.65185651772041,5.28574427864983,5.445918083190918,11400,0.0,0.0
2007-03-22,5.308627860709679,5.949324131011964,5.262863654356737,5.949324131011963,26800,0.0,0.0
2007-03-23,5.583209469320109,5.583209469320109,4.690811307805932,4.850985527038574,60000,0.0,0.0
2007-03-26,4.805221679930014,4.850985870505214,4.461991559935013,4.599283695220947,39200,0.0,0.0
2007-03-27,4.622166499609097,4.805222417113726,4.576402302013073,4.736576557159424,19500,0.0,0.0
2007-03-28,4.713695081291141,4.713695081291141,4.622167110443115,4.622167110443115,6300,0.0,0.0
2007-03-29,4.667930877647232,4.667930877647232,4.576402906799207,4.622167110443115,11200,0.0,0.0
2007-03-30,4.622166004733895,4.667929760990459,4.576401812037644,4.645047664642334,17700,0.0,0.0
2007-04-02,4.622166499609097,4.805222417113726,4.553520203215061,4.736576557159424,16000,0.0,0.0
2007-04-03,4.690811857338585,4.736576050034836,4.576401812037644,4.645047664642334,3300,0.0,0.0
2007-04-04,4.59928379839006,4.7136938409547895,4.59928379839006,4.667929649353027,7600,0.0,0.0
2007-04-05,4.622166004733895,4.690811857338585,4.59928390838577,4.645047664642334,4800,0.0,0.0
2007-04-09,4.622166549978166,5.03404258707178,4.622166549978166,4.988278388977051,63400,0.0,0.0
2007-04-10,4.9882769473767565,4.9882769473767565,4.805221080780029,4.805221080780029,8100,0.0,0.0
2007-04-11,4.805221679930014,4.873867529353148,4.599283695220947,4.599283695220947,9300,0.0,0.0
2007-04-12,4.576402416668609,4.690812477085324,4.461992356251894,4.530638217926025,13700,0.0,0.0
2007-04-13,4.599283581602411,4.873867408951423,4.57640148688008,4.713693618774414,9200,0.0,0.0
2007-04-16,4.622165790508547,4.988277569351482,4.599283695220947,4.599283695220947,8800,0.0,0.0
2007-04-17,4.59928379839006,4.667929649353027,4.5764017025891786,4.667929649353027,2700,0.0,0.0
2007-04-18,4.599285008621161,4.667930877647232,4.576402906799207,4.622167110443115,2200,0.0,0.0
2007-04-19,4.690812242031098,4.690812242031098,4.55352008912273,4.576402187347412,6100,0.0,0.0
2007-04-20,4.622165790508547,4.622165790508547,4.576401599933347,4.599283695220947,400,0.0,0.0
2007-04-23,4.599285008621161,4.8509872557830755,4.599285008621161,4.622167110443115,6100,0.0,0.0
2007-04-24,4.667930143806416,4.667930143806416,4.576402187347412,4.576402187347412,2300,0.0,0.0
2007-04-25,4.599285008621161,4.622167110443115,4.484874935951181,4.622167110443115,6200,0.0,0.0
2007-04-26,4.576402906799207,4.690812979469187,4.484874935951181,4.622167110443115,4800,0.0,0.0
2007-04-27,4.553520317297317,4.667930377714033,4.530638217926025,4.530638217926025,700,0.0,0.0
2007-04-30,4.576401599933347,4.828103775217614,4.530637409358147,4.599283695220947,3900,0.0,0.0
2007-05-01,4.599283695220947,4.759457489354815,4.439109464647413,4.599283695220947,13400,0.0,0.0
2007-05-02,4.576402187347412,4.645048045581734,4.461992132663727,4.576402187347412,7900,0.0,0.0
2007-05-03,4.530638217926025,4.576402416668609,4.18740803667588,4.530638217926025,1700,0.0,0.0
2007-05-04,4.736576438480461,4.736576438480461,4.530637990898049,4.576402187347412,4000,0.0,0.0
2007-05-07,4.530638217926025,4.553520317297317,4.530638217926025,4.530638217926025,2100,0.0,0.0
2007-05-08,4.530638608218746,4.553520709561221,4.370464771700986,4.4619927406311035,4600,0.0,0.0
2007-05-09,4.530638578282595,4.7594587173158525,4.530638578282595,4.553520679473877,20000,0.0,0.0
2007-05-10,4.4619927406311035,4.576402810903696,4.347582670358511,4.4619927406311035,28500,0.0,0.0
2007-05-11,4.461992284525281,4.484874383528743,4.210290068366676,4.370464324951172,10100,0.0,0.0
2007-05-14,4.370464324951172,4.43911018552182,4.3475822259477095,4.370464324951172,6000,0.0,0.0
2007-05-15,4.370464058755587,4.576402064364026,4.347581961145824,4.4162278175354,5900,0.0,0.0
2007-05-16,4.4162278175354,4.484874110364688,4.347581961145824,4.4162278175354,6600,0.0,0.0
2007-05-17,4.43911018552182,4.576402343102853,4.233172167370139,4.370464324951172,13100,0.0,0.0
2007-05-18,4.34758186340332,4.507756106630902,4.34758186340332,4.34758186340332,4900,0.0,0.0
2007-05-21,4.393346873043461,4.4619927406311035,4.233172600085919,4.4619927406311035,17900,0.0,0.0
2007-05-22,4.416227718249598,4.484874009535576,4.301817669212668,4.34758186340332,2100,0.0,0.0
2007-05-23,4.34758186340332,4.34758186340332,4.34758186340332,4.34758186340332,2900,0.0,0.0
2007-05-24,4.3475828509672665,4.3475828509672665,4.256054878234863,4.256054878234863,2700,0.0,0.0
2007-05-25,4.256054878234863,4.256054878234863,4.256054878234863,4.256054878234863,500,0.0,0.0
2007-05-29,4.233171814366391,4.34758186340332,4.233171814366391,4.34758186340332,19800,0.0,0.0
2007-05-30,4.370464771700986,4.4619927406311035,4.301818467673561,4.4619927406311035,1400,0.0,0.0
2007-05-31,4.4848747536261335,4.4848747536261335,4.347582584715582,4.393346786499023,10500,0.0,0.0
2007-06-01,4.46199191244025,4.46199191244025,4.34758186340332,4.34758186340332,6900,0.0,0.0
2007-06-04,4.32470048382386,4.4848747536261335,4.301818382932139,4.393346786499023,4500,0.0,0.0
2007-06-05,4.3018180279407865,4.416228086518357,4.3018180279407865,4.370464324951172,3200,0.0,0.0
2007-06-06,4.347583054383585,4.393347261110919,4.30181884765625,4.30181884765625,2500,0.0,0.0
2007-06-07,4.30181884765625,4.347583054383585,4.30181884765625,4.30181884765625,1800,0.0,0.0
2007-06-08,4.301818729631072,4.324700832366943,4.301818729631072,4.324700832366943,5500,0.0,0.0
2007-06-11,4.27893590927124,4.27893590927124,4.256053812706856,4.27893590927124,8200,0.0,0.0
2007-06-12,4.256054960599139,4.324700832366943,4.233172857863267,4.324700832366943,12200,0.0,0.0
2007-06-13,4.347581992278228,4.347581992278228,4.164526082968715,4.2331719398498535,5600,0.0,0.0
2007-06-14,4.187407969363215,4.393346423954633,4.141644207796029,4.370464324951172,20400,0.0,0.0
2007-06-15,4.393346423954633,4.393346423954633,4.3475822259477095,4.370464324951172,4100,0.0,0.0
2007-06-18,4.256054617588472,4.393346786499023,4.256054617588472,4.393346786499023,1900,0.0,0.0
2007-06-19,4.370463960498647,4.416227718249598,4.34758186340332,4.34758186340332,1400,0.0,0.0
2007-06-20,4.3475822259477095,4.393346423954633,4.3475822259477095,4.370464324951172,3700,0.0,0.0
2007-06-21,4.370464742823182,4.553520679473877,4.256054673306553,4.553520679473877,3000,0.0,0.0
2007-06-22,4.576402780665158,4.576402780665158,4.347582641631901,4.553520679473877,2400,0.0,0.0
2007-06-25,4.370464058755587,5.239980276408867,4.370464058755587,4.4162278175354,11700,0.0,0.0
2007-06-26,4.48487414248022,4.48487414248022,4.2331719398498535,4.2331719398498535,7100,0.0,0.0
2007-06-27,4.256054878234863,4.3475828509672665,4.256054878234863,4.256054878234863,1100,0.0,0.0
2007-06-28,4.256054037623471,4.278936135397089,4.2331719398498535,4.2331719398498535,2000,0.0,0.0
2007-06-29,4.278936008557043,4.46199191244025,4.233171814366391,4.34758186340332,1300,0.0,0.0
2007-07-02,4.39334629168612,4.576402205323157,4.256054138238481,4.484874248504639,7000,0.0,0.0
2007-07-03,4.439110279083252,4.439110279083252,4.439110279083252,4.439110279083252,0,0.0,0.0
2007-07-05,4.347583054383585,4.4619931347621,4.30181884765625,4.30181884765625,1000,0.0,0.0
2007-07-06,4.34758186340332,4.370463960498647,4.301817669212668,4.34758186340332,600,0.0,0.0
2007-07-09,4.347581961145824,4.599284161973788,4.347581961145824,4.4162278175354,4900,0.0,0.0
2007-07-10,4.439109815344924,4.439109815344924,4.34758186340332,4.34758186340332,500,0.0,0.0
2007-07-11,4.439110639288629,4.484874841973578,4.439110639288629,4.4619927406311035,800,0.0,0.0
2007-07-12,4.461992378568991,4.461992378568991,4.347582317580042,4.439110279083252,1300,0.0,0.0
2007-07-13,4.43911018552182,4.530638145095929,4.370464324951172,4.370464324951172,600,0.0,0.0
2007-07-16,4.393346786499023,4.393346786499023,4.2789367184801925,4.393346786499023,5400,0.0,0.0
2007-07-17,4.439109815344924,4.439109815344924,4.34758186340332,4.34758186340332,6300,0.0,0.0
2007-07-18,4.278937180732404,4.393347261110919,4.278937180732404,4.30181884765625,400,0.0,0.0
2007-07-19,4.256054960599139,4.347582935102815,4.256054960599139,4.324700832366943,900,0.0,0.0
2007-07-20,4.256054960599139,4.347582935102815,4.256054960599139,4.324700832366943,1100,0.0,0.0
2007-07-23,4.347582584715582,4.393346786499023,4.256054617588472,4.393346786499023,2200,0.0,0.0
2007-07-24,4.507757341489435,4.507757341489435,4.233172974005069,4.30181884765625,500,0.0,0.0
2007-07-25,4.2331719398498535,4.278936135397089,4.2331719398498535,4.2331719398498535,1400,0.0,0.0
2007-07-26,4.324699894504611,4.324699894504611,4.2331719398498535,4.2331719398498535,500,0.0,0.0
2007-07-27,4.2331719398498535,4.324699894504611,4.2331719398498535,4.2331719398498535,3700,0.0,0.0
2007-07-30,4.1645267820904515,4.57640286540059,4.1645267820904515,4.187408447265625,2400,0.0,0.0
2007-07-31,4.164525985717773,4.1874076465173395,4.164525985717773,4.164525985717773,900,0.0,0.0
2007-08-01,4.164525985717773,4.164525985717773,4.164525985717773,4.164525985717773,8100,0.0,0.0
2007-08-02,4.233172650495546,4.233172650495546,4.1645267820904515,4.187408447265625,4800,0.0,0.0
2007-08-03,4.23317184099588,4.23317184099588,4.118761791239234,4.164525985717773,15900,0.0,0.0
2007-08-06,4.187407154067169,4.187407154067169,3.8212953870533806,3.9357054233551025,36100,0.0,0.0
2007-08-07,3.889941822398793,3.9357060184146664,3.7755317687988286,3.775531768798828,15200,0.0,0.0
2007-08-08,3.706885911214737,3.8441776263829195,3.6840038132068007,3.775531768798828,17700,0.0,0.0
2007-08-09,3.7297685146331787,3.8670607009104367,3.7297685146331787,3.7297685146331787,3300,0.0,0.0
2007-08-10,3.729768722633009,3.729768722633009,3.546712755014646,3.5695948600769043,38500,0.0,0.0
2007-08-13,3.615357748589715,3.8212959766387935,3.615357748589715,3.821295976638794,7100,0.0,0.0
2007-08-14,3.7068855445072897,3.889941437582354,3.7068855445072897,3.84417724609375,4000,0.0,0.0
2007-08-15,3.7984134910448217,3.84417724609375,3.61535737974992,3.84417724609375,6000,0.0,0.0
2007-08-16,3.546712755014646,3.5924767469192367,3.4780666580477964,3.5695948600769043,6800,0.0,0.0
2007-08-17,3.546712636947632,3.5695947412481646,3.546712636947632,3.546712636947632,5100,0.0,0.0
2007-08-20,3.5695947412481646,3.5695947412481646,3.500948646566485,3.546712636947632,1900,0.0,0.0
2007-08-21,3.546711933575899,3.59247591488129,3.478065852507874,3.500947952270508,4600,0.0,0.0
2007-08-22,3.6382400027042254,3.7297679679946922,3.5238299369812007,3.523829936981201,8100,0.0,0.0
2007-08-23,3.7755314192017835,3.821295610980101,3.7755314192017835,3.7984135150909424,1700,0.0,0.0
2007-08-24,3.889943127601078,3.889943127601078,3.523830745950651,3.5924768447875977,1200,0.0,0.0
2007-08-27,3.592476844787597,3.592476844787597,3.592476844787597,3.5924768447875977,0,0.0,0.0
2007-08-28,3.684005025281746,3.684005025281746,3.638240814208984,3.6382408142089844,900,0.0,0.0
2007-08-29,3.7068868472868264,3.7526506184193598,3.7068868472868264,3.7297685146331787,2200,0.0,0.0
2007-08-30,3.684004392546087,3.7526502609252925,3.684004392546087,3.752650260925293,400,0.0,0.0
2007-08-31,3.7526500557749616,3.7526500557749616,3.706886291503906,3.7068862915039062,2000,0.0,0.0
2007-09-04,3.706886494152418,3.7526502609252925,3.706886494152418,3.752650260925293,2900,0.0,0.0
2007-09-05,3.7755314153896835,3.7755314153896835,3.5695934254745456,3.6153573989868164,1500,0.0,0.0
2007-09-06,3.6153584557679883,3.7297683138811237,3.6153584557679883,3.684004545211792,1800,0.0,0.0
2007-09-07,3.661122442657223,3.6840045452117915,3.661122442657223,3.684004545211792,1400,0.0,0.0
2007-09-10,3.5695949340397033,3.661122919745365,3.4551848427976606,3.6382408142089844,2100,0.0,0.0
2007-09-11,3.706886291503906,3.706886291503906,3.661122090793087,3.7068862915039062,1700,0.0,0.0
2007-09-12,3.7297681593189616,3.7526502609252925,3.706886494152418,3.752650260925293,2600,0.0,0.0
2007-09-13,3.752649299556218,3.84417724609375,3.752649299556218,3.84417724609375,4400,0.0,0.0
2007-09-14,3.84417724609375,3.889941437582354,3.84417724609375,3.84417724609375,2500,0.0,0.0
2007-09-17,3.7068868472868264,3.7297685146331787,3.6153586503620163,3.7297685146331787,400,0.0,0.0
2007-09-18,3.7068861954745826,3.7068861954745826,3.500947952270508,3.500947952270508,3900,0.0,0.0
2007-09-19,3.5695941378463165,3.7755321688598076,3.5238299369812007,3.523829936981201,16000,0.0,0.0
2007-09-20,3.478066542265952,3.7068869306115246,3.455184656185338,3.546712636947632,1500,0.0,0.0
2007-09-21,3.478065852507874,3.546711933575899,3.432301871202483,3.500947952270508,13600,0.0,0.0
2007-09-24,3.5467120374137586,3.6611221031367833,3.5238299369812007,3.523829936981201,12000,0.0,0.0
2007-09-25,3.5009480429648656,3.706886291503906,3.4780659426094562,3.7068862915039062,3100,0.0,0.0
2007-09-26,3.546711329608491,3.6153573989868164,3.5238292337424357,3.6153573989868164,27700,0.0,0.0
2007-09-27,3.5695949340397033,3.638240814208984,3.5695949340397033,3.6382408142089844,1200,0.0,0.0
2007-09-28,3.867059341838052,3.889941437582354,3.569593406481154,3.84417724609375,17900,0.0,0.0
2007-10-01,3.9357066105087464,3.9357066105087464,3.66112226598403,3.8899424076080322,3200,0.0,0.0
2007-10-02,3.569594407627713,4.072998472991235,3.569594407627713,3.9128246307373047,300,0.0,0.0
2007-10-03,3.6840049329129245,3.935707214622475,3.6840049329129245,3.867060899734497,200,0.0,0.0
2007-10-04,3.6840038246060747,3.889941834435293,3.661121726527335,3.821295976638794,7000,0.0,0.0
2007-10-05,3.775532156130371,3.9814701864495294,3.546712025455803,3.7068862915039062,2100,0.0,0.0
2007-10-08,3.6153589504732238,3.661122943624544,3.523830745950651,3.5924768447875977,1200,0.0,0.0
2007-10-09,3.50094780815985,3.6611218452453613,3.4551838287382566,3.6611218452453613,1200,0.0,0.0
2007-10-10,3.546711787581444,3.6611218452453613,3.546711787581444,3.6611218452453613,2800,0.0,0.0
2007-10-11,3.5924757670030374,3.6611218452453613,3.5924757670030374,3.6611218452453613,600,0.0,0.0
2007-10-12,3.569593886402174,3.6611218452453613,3.569593886402174,3.6611218452453613,400,0.0,0.0
2007-10-15,3.5695943209542196,3.7526502609252925,3.5695943209542196,3.752650260925293,2500,0.0,0.0
2007-10-16,3.5924757670030374,3.6611218452453613,3.5924757670030374,3.6611218452453613,300,0.0,0.0
2007-10-17,3.5695949573219035,3.7526509299271846,3.5695949573219035,3.5924768447875977,700,0.0,0.0
2007-10-18,3.500948646566485,3.775532807073285,3.500948646566485,3.546712636947632,1100,0.0,0.0
2007-10-19,3.569593886402174,3.706886042886822,3.04330757750418,3.6611218452453613,4100,0.0,0.0
2007-10-22,3.569593886402174,3.6611218452453613,3.546711787581444,3.6611218452453613,2300,0.0,0.0
2007-10-23,3.50094735609622,3.6153573989868164,3.478065260230165,3.6153573989868164,1500,0.0,0.0
2007-10-24,3.5009488584849566,3.592476844787597,3.5009488584849566,3.5924768447875977,500,0.0,0.0
2007-10-25,3.592476844787597,3.592476844787597,3.592476844787597,3.5924768447875977,1900,0.0,0.0
2007-10-26,3.546712851636277,3.592476844787597,3.523830745950651,3.5924768447875977,1100,0.0,0.0
2007-10-29,3.4780667527993305,3.592476844787597,3.4780667527993305,3.5924768447875977,800,0.0,0.0
2007-10-30,3.546711329608491,3.661121372499087,3.546711329608491,3.6153573989868164,400,0.0,0.0
2007-10-31,3.569593886402174,3.6611218452453613,3.569593886402174,3.6611218452453613,1700,0.0,0.0
2007-11-01,3.5695948600769047,3.729768722633009,3.5695948600769047,3.5695948600769043,800,0.0,0.0
2007-11-02,3.569593886402174,3.706886042886822,3.569593886402174,3.6611218452453613,1300,0.0,0.0
2007-11-05,3.5695947412481646,3.5695947412481646,3.546712636947632,3.546712636947632,1400,0.0,0.0
2007-11-06,3.5467118077743907,3.5695939067253986,3.455183848410096,3.4780657291412354,17700,0.0,0.0
2007-11-07,3.4551839709651166,3.5238298338132656,3.4551839709651166,3.500947952270508,2400,0.0,0.0
2007-11-08,3.4551842212677,3.5238300890887353,3.4551842212677,3.4551842212677,5400,0.0,0.0
2007-11-09,3.455184126830164,3.478066009405135,3.3407740592956543,3.3407740592956543,9800,0.0,0.0
2007-11-12,3.3178921021768066,3.3636560875283696,3.0890719571990957,3.1805999279022217,3400,0.0,0.0
2007-11-13,3.1119531184516807,3.2034810614920946,1.9449706444773431,2.906014919281006,28700,0.0,0.0
2007-11-14,2.700077390445731,3.0433075616493444,2.700077390445731,2.8602514266967773,26700,0.0,0.0
2007-11-15,2.860251986063444,2.997544168682453,2.7458419066209063,2.9746620655059814,10800,0.0,0.0
2007-11-16,3.0890715569257736,3.729767705267818,3.0890715569257736,3.6611218452453613,19500,0.0,0.0
2007-11-19,3.706886075073332,3.706886075073332,3.386537779900891,3.4323017597198486,1600,0.0,0.0
2007-11-20,3.3865376913999734,3.3865376913999734,3.0890715030206763,3.1348354816436768,8700,0.0,0.0
2007-11-21,3.2492455469898434,3.2492455469898434,3.08907151222229,3.08907151222229,1800,0.0,0.0
2007-11-23,3.0890713844980513,3.203481435775757,3.0890713844980513,3.203481435775757,3100,0.0,0.0
2007-11-26,3.1348354909816107,3.1348354909816107,3.08907151222229,3.08907151222229,7400,0.0,0.0
2007-11-27,3.111953618951043,3.111953618951043,2.951779365539551,2.951779365539551,2800,0.0,0.0
2007-11-28,3.043307541520384,3.043307541520384,2.951779365539551,2.951779365539551,3900,0.0,0.0
2007-11-29,2.9746614837646486,2.9746614837646486,2.768723468330427,2.8602514266967773,5100,0.0,0.0
2007-11-30,2.7687230110168453,2.8602509542654064,2.7687230110168453,2.7687230110168457,4400,0.0,0.0
2007-12-03,2.74584091609479,2.7916048877190707,2.74584091609479,2.7687230110168457,2200,0.0,0.0
2007-12-04,2.7687232397187236,2.997543334960937,2.7687232397187236,2.9975433349609375,7200,0.0,0.0
2007-12-05,2.860251956275418,2.860251956275418,2.6771957874298096,2.6771957874298096,10900,0.0,0.0
2007-12-06,2.7229592803717173,2.883133535398179,2.7229592803717173,2.8144874572753906,14300,0.0,0.0
2007-12-07,2.9517792603437,2.9746613580784,2.9288973808288574,2.9288973808288574,3100,0.0,0.0
2007-12-10,2.9288973887812695,3.1348353960732926,2.8831334114074703,2.8831334114074707,7700,0.0,0.0
2007-12-11,2.745841249214949,2.9060152784418496,2.722959151516882,2.837369203567505,12300,0.0,0.0
2007-12-12,2.8373692195942795,2.8373692195942795,2.7229591668974154,2.7458412647247314,2800,0.0,0.0
2007-12-13,2.7458411383698134,2.814487210473028,2.7000771630409526,2.722959041595459,6100,0.0,0.0
2007-12-14,2.722959041595459,2.7687232351441673,2.722959041595459,2.722959041595459,4600,0.0,0.0
2007-12-17,2.6543133177327505,2.8373692280151266,2.6543133177327505,2.7000772953033447,10600,0.0,0.0
2007-12-18,2.6771948377581953,2.6771948377581953,2.4026107910019396,2.5856668949127197,7000,0.0,0.0
2007-12-19,2.448374751836877,2.517020817784044,2.173790706268038,2.356846809387207,60600,0.0,0.0
2007-12-20,2.4026112741067376,3.02042555809021,2.4026112741067376,3.02042555809021,19700,0.0,0.0
2007-12-21,2.425493201229768,2.9975434639518963,2.425493201229768,2.8831334114074707,5000,0.0,0.0
2007-12-24,2.7916056637615347,2.7916056637615347,2.402611469488351,2.5399036407470703,13600,0.0,0.0
2007-12-26,2.4941394098885055,2.745841648267663,2.4941394098885055,2.6314315795898438,20900,0.0,0.0
2007-12-27,2.631430991553241,2.9517790249761346,2.631430991553241,2.654313087463379,13000,0.0,0.0
2007-12-28,2.722959775086235,2.722959775086235,2.65431390271155,2.6771957874298096,44800,0.0,0.0
2007-12-31,2.6543132948623933,2.837369203567505,2.6543132948623933,2.837369203567505,12800,0.0,0.0
2008-01-02,2.7458413696289066,2.883133525398298,2.6314313125610354,2.8602514266967773,11500,0.0,0.0
2008-01-03,2.883133403579315,3.0890714103121844,2.8602513058446153,2.9288973808288574,1200,0.0,0.0
2008-01-04,3.043307572204774,3.043307572204774,2.8144874572753906,2.8144874572753906,7500,0.0,0.0
2008-01-07,2.8144874475136024,2.883133525398298,2.8144874475136024,2.8602514266967773,8400,0.0,0.0
2008-01-08,2.814487534172095,3.1119537353515625,2.814487534172095,3.1119537353515625,2700,0.0,0.0
2008-01-09,3.0890715204008687,3.134835499281353,2.8831335063287566,2.951779365539551,5900,0.0,0.0
2008-01-10,2.9060149192810054,3.1348349951018695,2.9060149192810054,2.906014919281006,3100,0.0,0.0
2008-01-11,3.0661895275115967,3.0890716268502882,2.837369407004168,3.0661895275115967,8600,0.0,0.0
2008-01-14,3.066188702507272,3.066188702507272,2.8144867686052257,3.043306827545166,1700,0.0,0.0
2008-01-15,2.95177913645961,2.95177913645961,2.722959041595459,2.722959041595459,1600,0.0,0.0
2008-01-16,2.7916048877190707,2.8373688593433513,2.722958821172735,2.7687230110168457,3000,0.0,0.0
2008-01-17,2.883133398963639,2.9060152784418496,2.700077272038671,2.837369203567505,5700,0.0,0.0
2008-01-18,2.8144874572753906,2.837369337836409,2.6543134204687955,2.8144874572753906,5300,0.0,0.0
2008-01-22,2.7000772872899574,2.768723362552047,2.5856672345930933,2.7458412647247314,5800,0.0,0.0
2008-01-23,2.745841249214949,2.837369203567505,2.745841249214949,2.837369203567505,2300,0.0,0.0
2008-01-24,2.8144873285950727,2.9288973808288574,2.8144873285950727,2.9288973808288574,9400,0.0,0.0
2008-01-25,2.837369327995257,2.8602514266967773,2.768723468330427,2.8602514266967773,3400,0.0,0.0
2008-01-28,2.8144874475136024,2.8602514266967773,2.677195291744211,2.8602514266967773,72200,0.0,0.0
2008-01-29,2.768723793238283,3.409420013427735,2.7229595904648436,3.4094200134277344,9200,0.0,0.0
2008-01-30,2.74584131494952,3.4094195454410428,2.74584131494952,3.3636555671691895,10400,0.0,0.0
2008-01-31,3.08907151222229,3.08907151222229,3.08907151222229,3.08907151222229,5600,0.0,0.0
2008-02-01,3.111953610711882,3.111953610711882,2.974661456214057,3.08907151222229,7700,0.0,0.0
2008-02-04,3.08907151222229,3.111953610711882,3.08907151222229,3.08907151222229,1700,0.0,0.0
2008-02-05,3.0661895275115967,3.0661895275115967,2.9975436659352654,3.0661895275115967,700,0.0,0.0
2008-02-06,3.08907151222229,3.111953610711882,3.08907151222229,3.08907151222229,1400,0.0,0.0
2008-02-07,3.1348355635668215,3.4323017597198486,2.997543624109949,3.4323017597198486,3300,0.0,0.0
2008-02-08,2.883133605681551,3.2034816871040026,2.883133605681551,3.0661895275115967,4100,0.0,0.0
2008-02-11,3.111953382582044,3.2034813333909904,2.997543334960937,2.9975433349609375,1600,0.0,0.0
2008-02-12,2.997543467945775,2.997543467945775,2.6543133098551834,2.7458412647247314,3100,0.0,0.0
2008-02-13,2.745840766529369,2.9517787367311445,2.379728577037526,2.5627846717834473,71900,0.0,0.0
2008-02-14,2.6543134112625557,2.951779385063128,2.517021255493164,2.8602514266967773,13100,0.0,0.0
2008-02-15,2.9060153789651446,3.08907151222229,2.608549189699766,3.08907151222229,2500,0.0,0.0
2008-02-19,3.043308156815486,3.043308156815486,2.883134089239915,2.9746620655059814,12300,0.0,0.0
2008-02-20,2.883133525398298,3.08907154083252,2.768723468330427,2.8602514266967773,10600,0.0,0.0
2008-02-21,2.8373692195942795,2.951779272291143,2.7458412647247314,2.7458412647247314,6500,0.0,0.0
2008-02-22,2.7229589387541138,2.7916050082646877,2.654313087463379,2.654313087463379,4700,0.0,0.0
2008-02-25,2.6771958677196492,2.791605949401856,2.6771958677196492,2.7916059494018555,3000,0.0,0.0
2008-02-26,2.7916052263912268,3.432301561518686,2.4254931907611477,2.837369203567505,14500,0.0,0.0
2008-02-27,2.768723468330427,2.8602514266967773,2.517021255493164,2.8602514266967773,5100,0.0,0.0
2008-02-28,2.9060157007726324,2.9060157007726324,2.6314315795898438,2.6314315795898438,2400,0.0,0.0
2008-02-29,2.67719521966771,2.7916052736553887,2.4483751116923527,2.471257209777832,7700,0.0,0.0
2008-03-03,2.5170213930906793,2.6085493564605713,2.379729229815964,2.6085493564605713,1400,0.0,0.0
2008-03-04,2.837369241991176,2.837369241991176,2.379729027591318,2.5170211791992188,5500,0.0,0.0
2008-03-05,2.5170211791992188,2.745841286399148,2.4483751033952683,2.5170211791992188,4500,0.0,0.0
2008-03-06,2.5170211791992188,2.5170211791992188,2.425493223607191,2.5170211791992188,1100,0.0,0.0
2008-03-07,2.517021549385669,2.5399036507589496,2.4483754634857178,2.4483754634857178,10600,0.0,0.0
2008-03-10,2.4483752146136646,2.562785273410751,2.4483752146136646,2.4941391944885254,7000,0.0,0.0
2008-03-11,2.5170212030410766,2.5170212030410766,2.173791038990021,2.288201093673706,15100,0.0,0.0
2008-03-12,2.173790488924299,2.4026105403900146,2.173790488924299,2.4026105403900146,18800,0.0,0.0
2008-03-13,2.288201093673706,2.311083191898388,2.2653189954490247,2.288201093673706,19700,0.0,0.0
2008-03-14,2.2653189954490247,2.288201093673706,2.242437115444204,2.288201093673706,9400,0.0,0.0
2008-03-17,2.402611280767918,2.402611280767918,2.1051450785526775,2.219555139541626,12200,0.0,0.0
2008-03-18,2.0822633252306804,2.219555275921346,2.0822633252306804,2.1966733932495117,3500,0.0,0.0
2008-03-19,2.1966733932495117,2.1966733932495117,2.1966733932495117,2.1966733932495117,0,0.0,0.0
2008-03-20,2.082263550176944,2.150909423828125,2.082263550176944,2.150909423828125,5200,0.0,0.0
2008-03-24,2.0822629797600567,2.1966730287969862,2.0822629797600567,2.17379093170166,4000,0.0,0.0
2008-03-25,2.173791038990021,2.288201093673706,2.173791038990021,2.288201093673706,400,0.0,0.0
2008-03-26,2.2653190043470177,2.333965081070837,2.2195550259377583,2.2424371242523193,4700,0.0,0.0
2008-03-27,2.242437227811593,2.2882012083343044,2.242437227811593,2.2653191089630127,2500,0.0,0.0
2008-03-28,2.2424370188742198,2.265318897893638,2.0822629928588867,2.0822629928588867,15700,0.0,0.0
2008-03-31,2.128027167394878,2.2882012083343044,2.128027167394878,2.2653191089630127,64300,0.0,0.0
2008-04-01,2.128027167394878,2.2653191089630127,2.128027167394878,2.2653191089630127,10600,0.0,0.0
2008-04-02,2.2424368779126653,2.3339648246765137,2.196672904530741,2.3339648246765137,13100,0.0,0.0
2008-04-03,2.1966732472888815,2.2653191089630127,2.1966732472888815,2.2653191089630127,3400,0.0,0.0
2008-04-04,2.3568468093872066,2.3568468093872066,2.2653186487177086,2.356846809387207,15200,0.0,0.0
2008-04-07,2.2882010767350223,2.4026111305717732,2.2882010767350223,2.3797290325164795,2800,0.0,0.0
2008-04-08,2.4026115260695837,2.517021598739564,2.3110835552215576,2.3110835552215576,16200,0.0,0.0
2008-04-09,2.311083509905707,2.4483754634857178,2.2653193071591455,2.4483754634857178,1800,0.0,0.0
2008-04-10,2.3568467007367,2.4483746389669374,2.3110827316215814,2.425492763519287,600,0.0,0.0
2008-04-11,2.3797285761843505,2.425492763519287,2.3110827316215814,2.425492763519287,900,0.0,0.0
2008-04-14,2.4254932286270674,2.4254932286270674,2.356847152681045,2.3797290325164795,2300,0.0,0.0
2008-04-15,2.4026105403900146,2.4026105403900146,2.4026105403900146,2.4026105403900146,400,0.0,0.0
2008-04-16,2.402610669851819,2.4483746389669374,2.402610669851819,2.425492763519287,3500,0.0,0.0
2008-04-17,2.4254935803323283,2.4483754634857178,2.2653193071591455,2.4483754634857178,7500,0.0,0.0
2008-04-18,2.3339648246765137,2.4254929896602,2.265318755493708,2.3339648246765137,7900,0.0,0.0
2008-04-21,2.3797284479555207,2.4026105403900146,2.311082607091651,2.4026105403900146,1200,0.0,0.0
2008-04-22,2.3110827316215814,2.4483746389669374,2.265318544286645,2.425492763519287,3200,0.0,0.0
2008-04-23,2.4026111305717732,2.4026111305717732,2.3797290325164795,2.3797290325164795,1200,0.0,0.0
2008-04-24,2.288201093673706,2.288201093673706,2.2653189954490247,2.288201093673706,2600,0.0,0.0
2008-04-25,2.288201093673706,2.288201093673706,2.288201093673706,2.288201093673706,700,0.0,0.0
2008-04-28,2.288201093673706,2.333965071903208,2.288201093673706,2.288201093673706,8400,0.0,0.0
2008-04-29,2.3110831747903164,2.3797290325164795,2.2882010767350223,2.3797290325164795,7800,0.0,0.0
2008-04-30,2.3797294242476292,2.4483755114935963,2.3110835552215576,2.3110835552215576,7700,0.0,0.0
2008-05-01,2.2882010797535743,2.471257209777832,2.2882010797535743,2.471257209777832,11600,0.0,0.0
2008-05-02,2.4712573136610296,2.4941391944885254,2.4712573136610296,2.4941391944885254,2800,0.0,0.0
2008-05-05,2.4941384736883783,2.5399026585573665,2.3339644813063387,2.4026105403900146,2700,0.0,0.0
2008-05-06,2.402611133741253,2.6085491436311306,2.2653189816680945,2.471257209777832,9900,0.0,0.0
2008-05-07,2.4254935803323283,2.4712575648589987,2.4254935803323283,2.4483754634857178,4200,0.0,0.0
2008-05-08,2.5399027963275933,2.6771947037221713,2.402610670713198,2.5627846717834473,4600,0.0,0.0
2008-05-09,2.425492885823223,2.5856668949127197,2.4026107910019396,2.5856668949127197,15000,0.0,0.0
2008-05-12,2.7229587974057163,2.7229587974057163,2.28820074344004,2.356846809387207,1400,0.0,0.0
2008-05-13,2.402610669851819,2.539902795416993,2.402610669851819,2.425492763519287,6800,0.0,0.0
2008-05-14,2.379729027591318,2.5170211791992188,2.379729027591318,2.5170211791992188,4600,0.0,0.0
2008-05-15,2.722958672853697,2.722958672853697,2.4483746398447237,2.5627846717834473,1700,0.0,0.0
2008-05-16,2.5170211791992188,2.5170211791992188,2.5170211791992188,2.5170211791992188,0,0.0,0.0
2008-05-19,2.425492885823223,2.5856668949127197,2.356846819579202,2.5856668949127197,3200,0.0,0.0
2008-05-20,2.333965049795304,2.5170211791992188,2.333965049795304,2.5170211791992188,200,0.0,0.0
2008-05-21,2.5627848000914364,2.6314308663354575,2.5627848000914364,2.5856668949127197,3100,0.0,0.0
2008-05-22,2.379729035655773,2.5170211877289317,2.311083177839054,2.471257209777832,600,0.0,0.0
2008-05-23,2.5627851656800313,2.6085491436311306,2.471257209777832,2.471257209777832,700,0.0,0.0
2008-05-27,2.40261126875102,2.40261126875102,2.219555128440301,2.2653191089630127,3700,0.0,0.0
2008-05-28,2.4254926328245086,2.562784532772054,2.4026105403900146,2.4026105403900146,43500,0.0,0.0
2008-05-29,2.4254933681223116,2.4254933681223116,2.1737911479175893,2.2653191089630127,5200,0.0,0.0
2008-05-30,2.288200638774474,2.5856667654591194,2.288200638774474,2.5627846717834473,5900,0.0,0.0
2008-06-02,2.471257201403205,2.837369241991176,2.425493223607191,2.5170211791992188,7000,0.0,0.0
2008-06-03,2.631431456412983,2.654313556365395,2.5856674747280373,2.6085493564605713,600,0.0,0.0
2008-06-04,2.631431352332976,2.631431352332976,2.4712573136610296,2.4941391944885254,7000,0.0,0.0
2008-06-05,2.4941394381809032,2.5856676250933464,2.4941394381809032,2.5399036407470703,1400,0.0,0.0
2008-06-06,2.4941386080820562,2.5170207017495243,2.3110827316215814,2.425492763519287,800,0.0,0.0
2008-06-09,2.471257209777832,2.471257209777832,2.471257209777832,2.471257209777832,500,0.0,0.0
2008-06-10,2.5170207026519216,2.5627846717834473,2.5170207026519216,2.5627846717834473,3800,0.0,0.0
2008-06-11,2.425492763519287,2.425492763519287,2.3568467007367,2.425492763519287,3600,0.0,0.0
2008-06-12,2.517021539463987,2.5399036407470703,2.517021539463987,2.5399036407470703,800,0.0,0.0
2008-06-13,2.425493231826733,2.471257209777832,2.402611133741253,2.471257209777832,700,0.0,0.0
2008-06-16,2.425493231826733,2.471257209777832,2.425493231826733,2.471257209777832,300,0.0,0.0
2008-06-17,2.4254929896602,2.4254929896602,2.3339648246765137,2.3339648246765137,2800,0.0,0.0
2008-06-18,2.356847254863944,2.4941391944885254,2.333965155816579,2.4941391944885254,2100,0.0,0.0
2008-06-19,2.379729035655773,2.471257209777832,2.379729035655773,2.471257209777832,100,0.0,0.0
2008-06-20,2.494139089643452,2.5170211877289317,2.471257209777832,2.471257209777832,2400,0.0,0.0
2008-06-23,2.5170211844085246,2.5170211844085246,2.356847152681045,2.3797290325164795,17700,0.0,0.0
2008-06-24,2.379729027591318,2.562785156995233,2.28820107199929,2.5170211791992188,1200,0.0,0.0
2008-06-25,2.3797288094210822,2.677194965153677,2.2882008622202097,2.654313087463379,1800,0.0,0.0
2008-06-26,2.494139089643452,2.6085491436311306,2.311083177839054,2.471257209777832,500,0.0,0.0
2008-06-27,2.3110835552215576,2.631431671409544,2.3110835552215576,2.3110835552215576,1700,0.0,0.0
2008-06-30,2.28820074344004,2.3568468093872066,2.1966728009903695,2.356846809387207,1800,0.0,0.0
2008-07-01,2.3568471793853982,2.3568471793853982,2.082263090709981,2.2424371242523193,1600,0.0,0.0
2008-07-02,2.105144986907514,2.105144986907514,2.0364989096586013,2.0593810081481934,3200,0.0,0.0
2008-07-03,2.0593810081481934,2.0593810081481934,2.0593810081481934,2.0593810081481934,1600,0.0,0.0
2008-07-07,1.990735411549635,2.013617515563965,1.8992074319321477,2.013617515563965,28900,0.0,0.0
2008-07-08,2.013616912761814,2.013616912761814,1.944970839488826,1.9907348155975342,1400,0.0,0.0
2008-07-09,1.9907343429387636,2.333964409590957,1.9907343429387636,2.0364983081817627,4300,0.0,0.0
2008-07-10,1.9678533052543732,1.9678533052543732,1.9449712038040161,1.9449712038040161,200,0.0,0.0
2008-07-11,2.0593815053727083,2.128027599195782,2.013617515563965,2.013617515563965,2400,0.0,0.0
2008-07-14,2.0136166825542747,2.0364985588827236,1.9678527116775513,1.9678527116775513,2800,0.0,0.0
2008-07-15,1.944970718791177,1.944970718791177,1.922088623046875,1.922088623046875,4800,0.0,0.0
2008-07-16,1.9220886352147906,1.9220886352147906,1.8305606880978345,1.8992067575454712,4800,0.0,0.0
2008-07-17,1.853443145751953,1.8763250278874808,1.853443145751953,1.8534431457519531,5200,0.0,0.0
2008-07-18,1.8763250278874808,1.8763250278874808,1.853443145751953,1.8534431457519531,1100,0.0,0.0
2008-07-21,1.853442783986993,1.944970731103949,1.853442783986993,1.8992067575454712,7400,0.0,0.0
2008-07-22,1.853443247076209,1.9220891154554145,1.853443247076209,1.8763251304626465,4500,0.0,0.0
2008-07-23,1.9449709802865982,1.9449709802865982,1.8305609226226807,1.8305609226226807,7300,0.0,0.0
2008-07-24,1.8534431520009496,1.8763250342136248,1.7390329771679838,1.7619149684906006,16800,0.0,0.0
2008-07-25,1.7847970689231583,1.8305610515683917,1.7619149684906004,1.7619149684906006,10100,0.0,0.0
2008-07-28,1.7619148544116914,1.7619148544116914,1.716150874729544,1.7390328645706177,5000,0.0,0.0
2008-07-29,1.6932689888137908,1.8763250278874808,1.6932689888137908,1.8534431457519531,9400,0.0,0.0
2008-07-30,1.7390327526775369,1.8305608152626551,1.6932687759399414,1.6932687759399414,3800,0.0,0.0
2008-07-31,1.7619147410463347,1.7619147410463347,1.6932687759399414,1.6932687759399414,6200,0.0,0.0
2008-08-01,1.7390327526775369,1.7390327526775369,1.6932687759399414,1.6932687759399414,3300,0.0,0.0
2008-08-04,1.8305609385172525,2.402611231803894,1.7161508798599243,1.7161508798599243,7600,0.0,0.0
2008-08-05,2.1737916885573636,2.1737916885573636,1.7847974300384524,1.7847974300384521,500,0.0,0.0
2008-08-06,1.6475046624878145,2.242437004767788,1.6475046624878145,2.17379093170166,6800,0.0,0.0
2008-08-07,2.1966727842809957,2.242436755157719,1.9678527116775513,1.9678527116775513,4100,0.0,0.0
2008-08-08,2.059380761073011,2.059380761073011,1.922088623046875,1.922088623046875,4400,0.0,0.0
2008-08-11,2.0822633760663742,2.0822633760663742,1.9449712038040161,1.9449712038040161,3000,0.0,0.0
2008-08-12,2.0364985588827236,2.0822627479792732,1.9449706171292762,1.9678527116775513,7700,0.0,0.0
2008-08-13,2.0593806534309986,2.0822627479792732,1.9220885225810014,1.9678527116775513,3300,0.0,0.0
2008-08-14,1.9449712038040161,1.9449712038040161,1.9449712038040161,1.9449712038040161,200,0.0,0.0
2008-08-15,1.8992072191231941,1.9449712038040161,1.8992072191231941,1.9449712038040161,2800,0.0,0.0
2008-08-18,1.8763250278874808,1.8992071282428902,1.6475048972129127,1.8534431457519531,2000,0.0,0.0
2008-08-19,1.9220888814658679,1.9220888814658679,1.8305609226226807,1.8305609226226807,2000,0.0,0.0
2008-08-20,1.7847969533626993,1.7847969533626993,1.7390328645706177,1.7390328645706177,1100,0.0,0.0
2008-08-21,1.7847968435761785,1.7847968435761785,1.5559767410207672,1.6017407178878784,5900,0.0,0.0
2008-08-22,1.4644487930695314,1.7847969836019189,1.418684703502084,1.5330947637557983,5600,0.0,0.0
2008-08-25,1.4644486880699583,1.5102126652462362,1.4186846017837524,1.4186846017837524,2600,0.0,0.0
2008-08-26,1.5102130268195075,1.5102130268195075,1.4186849414434866,1.4873310327529907,6400,0.0,0.0
2008-08-27,1.4873306790392,1.5788587426482132,1.4186846040549579,1.4644486904144287,4400,0.0,0.0
2008-08-28,1.418684607906907,1.533094660451333,1.418684607906907,1.4415667057037354,3900,0.0,0.0
2008-08-29,1.8076789791530568,1.8992070494475033,1.4873307876774622,1.5559768676757812,3600,0.0,0.0
2008-09-02,1.5788589537982303,1.7847970971823373,1.5559769621133168,1.6703870296478271,3400,0.0,0.0
2008-09-03,1.716150874729544,1.8076789432037732,1.716150874729544,1.7390328645706177,34300,0.0,0.0
2008-09-04,1.7161508798599243,1.7161508798599243,1.7161508798599243,1.7161508798599243,5000,0.0,0.0
2008-09-05,1.510212202499632,1.6017402379168602,1.510212202499632,1.5788582563400269,2600,0.0,0.0
2008-09-08,1.487331032752991,1.5330950208860243,1.4644490386864741,1.4873310327529907,5000,0.0,0.0
2008-09-09,1.555976754023442,1.6017407312729846,1.4644486904144287,1.4644486904144287,16600,0.0,0.0
2008-09-10,1.4186846017837524,1.4644486880699583,1.3729206246074745,1.4186846017837524,4600,0.0,0.0
2008-09-11,1.4186846040549579,1.4644486904144287,1.4186846040549579,1.4644486904144287,1900,0.0,0.0
2008-09-12,1.4873306790392,1.4873306790392,1.4415667017896574,1.4644486904144287,18000,0.0,0.0
2008-09-15,1.3729206323623657,1.3729206323623657,1.3729206323623657,1.3729206323623657,40200,0.0,0.0
2008-09-16,1.4873306830775341,1.4873306830775341,1.4415667057037351,1.4415667057037354,1400,0.0,0.0
2008-09-17,1.4873306850592294,1.4873306850592294,1.3042745571002758,1.3729206323623657,3600,0.0,0.0
2008-09-18,1.3729206323623657,1.4644486963418424,1.3729206323623657,1.3729206323623657,500,0.0,0.0
2008-09-19,1.3729206268054153,1.4644486904144287,1.3729206268054153,1.4644486904144287,5300,0.0,0.0
2008-09-22,1.4186849692153778,1.4186849692153778,1.395802974700928,1.3958029747009277,800,0.0,0.0
2008-09-23,1.3958026210797527,1.3958026210797527,1.3729206323623657,1.3729206323623657,2600,0.0,0.0
2008-09-24,1.3042748875331713,1.4644490673542343,1.3042748875331713,1.3958029747009277,1600,0.0,0.0
2008-09-25,1.4186846017837524,1.4415666994818195,1.4186846017837524,1.4186846017837524,3400,0.0,0.0
2008-09-26,1.3042744478215516,1.3500385305319076,1.3042744478215516,1.3271565437316895,1800,0.0,0.0
2008-09-29,1.3729205107767537,1.6246225825971745,0.02288200885391439,1.1669824123382568,8500,0.0,0.0
2008-09-30,1.1898645250663549,1.1898645250663549,1.0296904921531678,1.144100546836853,8900,0.0,0.0
2008-10-01,0.9610443115234375,0.9610443115234375,0.9610443115234375,0.9610443115234375,5000,0.0,0.0
2008-10-02,1.1441005383675111,1.1898645162582397,1.0068084955853958,1.1898645162582397,13600,0.0,0.0
2008-10-03,1.3729206478521445,1.3729206478521445,1.235628604888916,1.235628604888916,800,0.0,0.0
2008-10-06,1.235628604888916,1.235628604888916,1.235628604888916,1.235628604888916,1900,0.0,0.0
2008-10-07,1.144100546836853,1.3500386670894728,1.144100546836853,1.144100546836853,11800,0.0,0.0
2008-10-08,1.0296904961977102,1.1212185621261597,1.0068085069930808,1.1212185621261597,1300,0.0,0.0
2008-10-09,1.0525725086860547,1.0525725086860547,0.9152804613113403,0.9152804613113403,13000,0.0,0.0
2008-10-10,0.8237523933582196,0.9152804613113403,0.8008704036474228,0.9152804613113403,2100,0.0,0.0
2008-10-13,0.9610444659987205,0.9610444659987205,0.7322243992101899,0.7551063895225525,24600,0.0,0.0
2008-10-14,0.8008703589439392,0.8008703589439392,0.8008703589439392,0.8008703589439392,2800,0.0,0.0
2008-10-15,0.7322243799600656,0.9152804613113403,0.7322243799600656,0.9152804613113403,200,0.0,0.0
2008-10-16,0.8695164322853088,1.0983366034708817,0.8695164322853088,0.8695164322853088,21700,0.0,0.0
2008-10-17,0.8695164322853088,0.8695164322853088,0.8695164322853088,0.8695164322853088,0,0.0,0.0
2008-10-20,0.9610443115234375,0.9610443115234375,0.9610443115234375,0.9610443115234375,1400,0.0,0.0
2008-10-21,0.9610443115234375,0.9610443115234375,0.9610443115234375,0.9610443115234375,0,0.0,0.0
2008-10-22,0.7551065195872061,1.121218809531442,0.7551065195872061,1.0754547119140625,102600,0.0,0.0
2008-10-23,0.7779884026779705,1.0754544828334172,0.7779884026779705,1.0296905040740967,174000,0.0,0.0
2008-10-24,1.0068087577819824,1.0068087577819824,1.0068087577819824,1.0068087577819824,2000,0.0,0.0
2008-10-27,1.0296907234066386,1.0754547119140625,0.9152806430281232,1.0754547119140625,6200,0.0,0.0
2008-10-28,0.8466346057120094,1.121218809531442,0.8466346057120094,1.0754547119140625,3100,0.0,0.0
2008-10-29,0.6864605017909028,2.013617515563965,0.6864605017909028,2.013617515563965,190500,0.0,0.0
2008-10-30,2.0136170760129515,2.288201173146566,1.7161508798599243,1.7161508798599243,2300,0.0,0.0
2008-10-31,1.7161511916380663,1.7161511916380663,1.487331032752991,1.4873310327529907,400,0.0,0.0
2008-11-03,1.853443145751953,1.853443145751953,1.853443145751953,1.8534431457519531,0,0.0,0.0
2008-11-04,1.853443145751953,1.853443145751953,1.853443145751953,1.8534431457519531,0,0.0,0.0
2008-11-05,1.8305608407108112,1.8305608407108112,1.4415667057037351,1.4415667057037354,400,0.0,0.0
2008-11-06,1.647505100328562,1.647505100328562,1.487331032752991,1.4873310327529907,1200,0.0,0.0
2008-11-07,1.3729206323623657,1.5330946624940034,1.3729206323623657,1.3729206323623657,200,0.0,0.0
2008-11-10,1.487330710887909,1.487330710887909,1.144100546836853,1.144100546836853,0,0.0,0.0
2008-11-11,1.189864663751866,1.189864663751866,1.0983366966247559,1.0983366966247559,2100,0.0,0.0
2008-11-12,1.0983363921404978,1.0983363921404978,0.8466342795437352,0.9839263558387756,1000,0.0,0.0
2008-11-13,0.9839263558387756,0.9839263558387756,0.9839263558387756,0.9839263558387756,0,0.0,0.0
2008-11-14,0.8695164501943019,0.8695164501943019,0.7551063895225525,0.7551063895225525,5400,0.0,0.0
2008-11-17,0.7779884343898833,0.7779884343898833,0.7551063895225525,0.7551063895225525,1600,0.0,0.0
2008-11-18,0.7779883801606596,0.7779883801606596,0.572050263484319,0.6864603161811829,9000,0.0,0.0
2008-11-19,0.7093424966952746,1.4873310872136227,0.4805223294316403,0.5034043788909912,71100,0.0,0.0
2008-11-20,0.526286224966453,0.8008703589439392,0.526286224966453,0.8008703589439392,500,0.0,0.0
2008-11-21,0.6864603045638483,0.8237523436546326,0.34323015228192416,0.8237523436546326,14000,0.0,0.0
2008-11-24,0.5949322448220836,0.8237523473774949,0.5491682679549724,0.8008703589439392,9200,0.0,0.0
2008-11-25,0.8008703768572578,0.8008703768572578,0.5949322581291199,0.5949322581291199,1700,0.0,0.0
2008-11-26,0.572050256388528,0.8466343903660143,0.572050256388528,0.8008703589439392,19400,0.0,0.0
2008-11-28,0.6406963699944598,0.6406963699944598,0.5491683483123779,0.5491683483123779,6400,0.0,0.0
2008-12-01,0.8008703643543601,0.8008703643543601,0.5949322488412533,0.7093423008918762,36200,0.0,0.0
2008-12-02,0.5262863978976285,0.9152807109715215,0.5262863978976285,0.8923987150192261,19400,0.0,0.0
2008-12-03,0.8923984217880893,0.8923984217880893,0.8008703589439392,0.8008703589439392,4000,0.0,0.0
2008-12-04,0.709342245466281,0.7779883149768552,0.6635782718658447,0.6635782718658447,21400,0.0,0.0
2008-12-05,0.6864603123037373,0.7322243440349792,0.6178142919843563,0.7093423008918762,2400,0.0,0.0
2008-12-08,0.7093423543428591,0.8008704247022459,0.7093423543428591,0.7551063895225525,3300,0.0,0.0
2008-12-09,0.7551063326231181,0.7551063326231181,0.7093423008918762,0.7093423008918762,1600,0.0,0.0
2008-12-10,0.9152803448880839,0.9152803448880839,0.6635782718658447,0.6635782718658447,3700,0.0,0.0
2008-12-11,0.6864603239260723,0.6864603239260723,0.617814302444458,0.617814302444458,24100,0.0,0.0
2008-12-12,0.617814302444458,0.617814302444458,0.617814302444458,0.617814302444458,400,0.0,0.0
2008-12-15,0.6178143062028937,0.663578338987361,0.5720502734184265,0.5720502734184265,5800,0.0,0.0
2008-12-16,0.5720502691837556,0.6864603230205067,0.5262862367380622,0.5949322581291199,4800,0.0,0.0
2008-12-17,0.6178142919843563,0.7093423008918762,0.6178142919843563,0.7093423008918762,2100,0.0,0.0
2008-12-18,0.6635782070665793,0.6635782070665793,0.6406961679458618,0.6406961679458618,7800,0.0,0.0
2008-12-19,0.6406962305106667,0.6864602586660629,0.6406962305106667,0.6635782718658447,9000,0.0,0.0
2008-12-22,0.6406961679458618,0.6406961679458618,0.5720501596936185,0.6406961679458618,4700,0.0,0.0
2008-12-23,0.5720503400941555,0.6178143782126823,0.4805222638571019,0.5491683483123779,16500,0.0,0.0
2008-12-24,0.5262863019756286,0.5720503400941555,0.5262863019756286,0.5491683483123779,10500,0.0,0.0
2008-12-26,0.5262862285218723,0.7093423008918762,0.5262862285218723,0.7093423008918762,6400,0.0,0.0
2008-12-29,0.5262862543430273,0.6864603459835052,0.43475821366739,0.45764023065567017,25500,0.0,0.0
2008-12-30,0.4805222078494922,0.5720502734184265,0.45764021873474126,0.5720502734184265,40500,0.0,0.0
2008-12-31,0.4347583123454072,0.6406964574271802,0.4347583123454072,0.5034043788909912,36100,0.0,0.0
2009-01-02,0.45764033452726854,0.5034043788909912,0.4347583123454072,0.5034043788909912,23400,0.0,0.0
2009-01-05,0.5034043788909912,0.5491684232547139,0.5034043788909912,0.5034043788909912,1700,0.0,0.0
2009-01-06,0.6178141833800989,0.6406961679458618,0.6178141833800989,0.6406961679458618,900,0.0,0.0
2009-01-07,0.6406961679458618,0.6406961679458618,0.6406961679458618,0.6406961679458618,0,0.0,0.0
2009-01-08,0.5491683483123779,0.5491683483123779,0.5491683483123779,0.5491683483123779,0,0.0,0.0
2009-01-09,0.5491683483123779,0.5491683483123779,0.5491683483123779,0.5491683483123779,0,0.0,0.0
2009-01-12,0.6406962953176446,0.6406962953176446,0.5262862406339593,0.5720502734184265,500,0.0,0.0
2009-01-13,0.5034042646322305,0.5720502883195877,0.388994206968313,0.45764023065567017,3800,0.0,0.0
2009-01-14,0.45764023065567017,0.45764023065567017,0.45764023065567017,0.45764023065567017,0,0.0,0.0
2009-01-15,0.45764023065567017,0.45764023065567017,0.45764023065567017,0.45764023065567017,0,0.0,0.0
2009-01-16,0.4805222078494922,0.5720502734184265,0.4805222078494922,0.5720502734184265,600,0.0,0.0
2009-01-20,0.5720502699383936,0.617814302444458,0.5720502699383936,0.617814302444458,300,0.0,0.0
2009-01-21,0.5720502691837556,0.6406962905748133,0.45764021534700444,0.5949322581291199,4000,0.0,0.0
2009-01-22,0.5491683483123779,0.5491683483123779,0.5491683483123779,0.5491683483123779,0,0.0,0.0
2009-01-23,0.5262863019756286,0.5491683483123779,0.5262863019756286,0.5491683483123779,2400,0.0,0.0
2009-01-26,0.5491682882255218,0.5491682882255218,0.4805222112811072,0.526286244392395,700,0.0,0.0
2009-01-27,0.5491683483123779,0.5491683483123779,0.5491683483123779,0.5491683483123779,1800,0.0,0.0
2009-01-28,0.5720502734184265,0.5720502734184265,0.5262862406339593,0.5720502734184265,3900,0.0,0.0
2009-01-29,0.5491682843036756,0.5720502734184265,0.5491682843036756,0.5720502734184265,300,0.0,0.0
2009-01-30,0.5720502734184265,0.5720502734184265,0.5720502734184265,0.5720502734184265,1900,0.0,0.0
2009-02-02,0.5491682802383914,0.6178143016294491,0.5491682802383914,0.5949322581291199,300,0.0,0.0
2009-02-03,0.5949321442593815,0.6406961679458618,0.5949321442593815,0.6406961679458618,700,0.0,0.0
2009-02-04,0.6406961679458618,0.6406961679458618,0.5949321442593815,0.6406961679458618,700,0.0,0.0
2009-02-05,0.5491681751278555,0.6406961679458618,0.5491681751278555,0.6406961679458618,2200,0.0,0.0
2009-02-06,0.6406962953176446,0.6406962953176446,0.5720502734184265,0.5720502734184265,2800,0.0,0.0
2009-02-09,0.6406962805724953,0.7093423008918762,0.6178142919843563,0.7093423008918762,2300,0.0,0.0
2009-02-10,0.7093423008918762,0.7093423008918762,0.7093423008918762,0.7093423008918762,0,0.0,0.0
2009-02-11,0.7093422960997893,0.8237523473774949,0.7093422960997893,0.8008703589439392,3900,0.0,0.0
2009-02-12,0.8237523473774949,0.8466343903660143,0.8008703589439392,0.8008703589439392,1600,0.0,0.0
2009-02-13,0.8008703589439392,0.8008703589439392,0.8008703589439392,0.8008703589439392,0,0.0,0.0
2009-02-17,0.8008703553244897,0.8923984177549882,0.6864603045638483,0.8237523436546326,2200,0.0,0.0
2009-02-18,0.9152804613113403,0.9152804613113403,0.8466344376239832,0.9152804613113403,2900,0.0,0.0
2009-02-19,0.9152804613113403,0.9610444407329339,0.9152804613113403,0.9152804613113403,2400,0.0,0.0
2009-02-20,0.8923984766813496,0.8923984766813496,0.8237523980481942,0.8695164322853088,1500,0.0,0.0
2009-02-23,0.8695164495773688,0.9152804847245921,0.7322243986906674,0.7779884338378906,4500,0.0,0.0
2009-02-24,0.7779884338378906,0.7779884338378906,0.7779884338378906,0.7779884338378906,0,0.0,0.0
2009-02-25,0.7322243452072144,0.8008703656364923,0.6864603134027076,0.7322243452072144,1200,0.0,0.0
2009-02-26,0.7093423397328913,0.8695164322853088,0.7093423397328913,0.8695164322853088,700,0.0,0.0
2009-02-27,0.8695164322853088,0.8695164322853088,0.8695164322853088,0.8695164322853088,0,0.0,0.0
2009-03-02,0.6864603045638483,0.8695163748698818,0.640696273348599,0.8237523436546326,4300,0.0,0.0
2009-03-03,0.6178143381000933,0.7779884338378906,0.6178143381000933,0.7779884338378906,0,0.0,0.0
2009-03-04,0.6178142850184561,0.8466343865397389,0.5949322421333498,0.8237523436546326,100,0.0,0.0
2009-03-05,0.800870377913751,0.8695163993953652,0.5720502699383936,0.617814302444458,7400,0.0,0.0
2009-03-06,0.6178142437104486,0.6635782718658447,0.6178142437104486,0.6635782718658447,6300,0.0,0.0
2009-03-09,0.5720502734184265,0.663578338987361,0.5491682843036756,0.5720502734184265,6800,0.0,0.0
2009-03-10,0.5720502734184265,0.5720502734184265,0.5720502734184265,0.5720502734184265,0,0.0,0.0
2009-03-11,0.6635783340751424,0.6635783340751424,0.5949322581291199,0.5949322581291199,3700,0.0,0.0
2009-03-12,0.6178141833800989,0.6635782070665793,0.5720501596936185,0.6406961679458618,7700,0.0,0.0
2009-03-13,0.5949322023552706,0.8008703017770733,0.5949322023552706,0.6635782718658447,15400,0.0,0.0
2009-03-16,0.6635782718658447,0.6635782718658447,0.6635782718658447,0.6635782718658447,0,0.0,0.0
2009-03-17,0.8237523473774949,0.8923984217880893,0.5491682679549724,0.8008703589439392,10800,0.0,0.0
2009-03-18,0.6864605332286412,0.8923987150192262,0.6864605332286412,0.8923987150192261,700,0.0,0.0
2009-03-19,0.8923987150192262,0.8923987150192262,0.8923987150192262,0.8923987150192261,0,0.0,0.0
2009-03-20,0.8008705011430717,0.9381625652313231,0.7779885086466876,0.9381625652313232,1800,0.0,0.0
2009-03-23,0.7322243390883086,0.8008703589439392,0.7093422960997893,0.8008703589439392,1800,0.0,0.0
2009-03-24,0.8008703589439392,0.8008703589439392,0.8008703589439392,0.8008703589439392,700,0.0,0.0
2009-03-25,0.7322243481709212,0.7322243481709212,0.6864603161811829,0.6864603161811829,2200,0.0,0.0
2009-03-26,0.7322243986906674,0.7779884338378906,0.7322243986906674,0.7779884338378906,300,0.0,0.0
2009-03-27,0.7322243986906674,0.7779884338378906,0.5949322932489977,0.7779884338378906,1000,0.0,0.0
2009-03-30,0.7322243370160548,0.8466343879699707,0.7322243370160548,0.8466343879699707,1100,0.0,0.0
2009-03-31,0.8237523473774949,0.8923984217880893,0.8008703589439392,0.8008703589439392,4700,0.0,0.0
2009-04-01,0.8008706221000813,0.8923987150192262,0.6406964867690688,0.8923987150192261,3400,0.0,0.0
2009-04-02,0.8923987150192262,0.8923987150192262,0.8923987150192262,0.8923987150192261,0,0.0,0.0
2009-04-03,0.8923987150192262,0.8923987150192262,0.8923987150192262,0.8923987150192261,0,0.0,0.0
2009-04-06,0.8923987150192262,0.8923987150192262,0.8923987150192262,0.8923987150192261,0,0.0,0.0
2009-04-07,0.8008703688780466,0.8695163895851721,0.6864603161811829,0.6864603161811829,1600,0.0,0.0
2009-04-08,0.6864602586660629,0.6864602586660629,0.6635782718658447,0.6635782718658447,400,0.0,0.0
2009-04-09,0.6635782718658447,0.6635782718658447,0.6635782718658447,0.6635782718658447,0,0.0,0.0
2009-04-13,0.6635782718658447,0.6635782718658447,0.6635782718658447,0.6635782718658447,0,0.0,0.0
2009-04-14,0.823752352942499,0.823752352942499,0.6864603123037373,0.7093423008918762,300,0.0,0.0
2009-04-15,0.8466343879699707,0.8466343879699707,0.7322243370160548,0.8466343879699707,3700,0.0,0.0
2009-04-16,0.8008703589439392,0.8008703589439392,0.8008703589439392,0.8008703589439392,600,0.0,0.0
2009-04-17,0.8008703589439392,0.8008703589439392,0.8008703589439392,0.8008703589439392,3500,0.0,0.0
2009-04-20,0.8237523980481942,0.8695164322853088,0.8237523980481942,0.8695164322853088,1400,0.0,0.0
2009-04-21,0.8237523450462094,0.8466343879699707,0.8237523450462094,0.8466343879699707,2500,0.0,0.0
2009-04-22,0.8237526180523768,0.8923987150192262,0.6635785372763457,0.8923987150192261,9200,0.0,0.0
2009-04-23,0.9152804613113403,0.9152804613113403,0.9152804613113403,0.9152804613113403,300,0.0,0.0
2009-04-24,0.8008705011430717,0.9381625652313231,0.8008705011430717,0.9381625652313232,200,0.0,0.0
2009-04-27,0.9610443115234375,0.9610443115234375,0.9381623248890545,0.9610443115234375,1900,0.0,0.0
2009-04-28,0.9610443115234375,0.9610443115234375,0.9610443115234375,0.9610443115234375,200,0.0,0.0
2009-04-29,0.9381623986552005,0.9381623986552005,0.8008703589439392,0.8008703589439392,800,0.0,0.0
2009-04-30,0.8923985802385549,0.9610445577277072,0.8923985802385549,0.9381625652313232,1200,0.0,0.0
2009-05-01,0.9610444407329339,0.9610444407329339,0.9152804613113403,0.9152804613113403,5500,0.0,0.0
2009-05-04,0.9839263558387756,0.9839263558387756,0.9839263558387756,0.9839263558387756,1000,0.0,0.0
2009-05-05,0.9839263558387756,0.9839263558387756,0.9839263558387756,0.9839263558387756,0,0.0,0.0
2009-05-06,0.9839265177884511,1.1441005513307891,0.9839265177884511,1.1212185621261597,3900,0.0,0.0
2009-05-07,1.189864700911442,1.2585107875105412,0.9381625652313231,0.9381625652313232,1400,0.0,0.0
2009-05-08,1.2585105725568515,1.4186846017837524,1.2585105725568515,1.4186846017837524,1000,0.0,0.0
2009-05-11,1.3729206323623657,1.3729206323623657,1.3729206323623657,1.3729206323623657,400,0.0,0.0
2009-05-12,1.32715666540356,1.32715666540356,1.0068084935016735,1.2585105895996094,400,0.0,0.0
2009-05-13,1.0068084855543873,1.3729206323623657,1.0068084855543873,1.3729206323623657,200,0.0,0.0
2009-05-14,1.0068084935016735,1.350038654301567,0.9839265046036666,1.2585105895996094,400,0.0,0.0
2009-05-15,1.0525726039512573,1.0983366966247559,0.9381625359324263,1.0983366966247559,5000,0.0,0.0
2009-05-18,1.0525727176603505,1.0754547119140625,1.0525727176603505,1.0754547119140625,600,0.0,0.0
2009-05-19,1.0983364575096684,1.3500385305319076,1.0983364575096684,1.3271565437316895,700,0.0,0.0
2009-05-20,1.2585105796655018,1.3729206323623657,1.121218538251251,1.3729206323623657,1700,0.0,0.0
2009-05-21,1.3729206364369693,1.3729206364369693,1.3500386476516724,1.3500386476516724,800,0.0,0.0
2009-05-22,1.3500386476516724,1.3500386476516724,1.3500386476516724,1.3500386476516724,0,0.0,0.0
2009-05-26,1.2585105922042623,1.3271566681502849,1.0754544624214886,1.1898645162582397,7900,0.0,0.0
2009-05-27,1.1669827980388658,1.3042748726710933,1.0754547119140625,1.0754547119140625,4300,0.0,0.0
2009-05-28,1.0754547119140625,1.189864792292578,1.0754547119140625,1.0754547119140625,400,0.0,0.0
2009-05-29,1.0754547119140625,1.3042748726710933,1.0754547119140625,1.0754547119140625,1500,0.0,0.0
2009-06-01,1.121218809531442,1.1441008037851539,1.0754547119140625,1.0754547119140625,3600,0.0,0.0
2009-06-02,1.1669825273128753,1.1898645162582397,1.1669825273128753,1.1898645162582397,2000,0.0,0.0
2009-06-03,1.1441004256472946,1.1669824123382568,1.1441004256472946,1.1669824123382568,200,0.0,0.0
2009-06-04,1.1669824123382568,1.1669824123382568,1.1669824123382568,1.1669824123382568,0,0.0,0.0
2009-06-05,1.144100546836853,1.144100546836853,1.144100546836853,1.144100546836853,100,0.0,0.0
2009-06-08,1.144100546836853,1.144100546836853,1.144100546836853,1.144100546836853,3200,0.0,0.0
2009-06-09,1.144100546836853,1.144100546836853,1.144100546836853,1.144100546836853,0,0.0,0.0
2009-06-10,1.2127463817596436,1.2127463817596436,1.2127463817596436,1.2127463817596436,200,0.0,0.0
2009-06-11,1.2127463817596436,1.2127463817596436,1.2127463817596436,1.2127463817596436,0,0.0,0.0
2009-06-12,1.235628366317203,1.235628366317203,1.1898642880921753,1.2127463817596436,1400,0.0,0.0
2009-06-15,1.166982535951604,1.2127466232910364,1.144100546836853,1.144100546836853,3200,0.0,0.0
2009-06-16,1.1669827980388658,1.1669827980388658,1.0754547119140625,1.0754547119140625,3900,0.0,0.0
2009-06-17,1.1441005600823297,1.1441005600823297,1.0296905040740967,1.0296905040740967,23200,0.0,0.0
2009-06-18,1.0296904961977102,1.1212185621261597,1.0296904961977102,1.1212185621261597,1100,0.0,0.0
2009-06-19,1.1212185621261597,1.1212185621261597,1.1212185621261597,1.1212185621261597,0,0.0,0.0
2009-06-22,1.1212185621261597,1.1212185621261597,1.1212185621261597,1.1212185621261597,0,0.0,0.0
2009-06-23,1.1212185621261597,1.1212185621261597,1.1212185621261597,1.1212185621261597,0,0.0,0.0
2009-06-24,0.9610447028761123,0.9610447028761123,0.8923987150192262,0.8923987150192261,4400,0.0,0.0
2009-06-25,0.9381626639589089,1.0068087577819824,0.9381626639589089,1.0068087577819824,100,0.0,0.0
2009-06-26,0.9381626639589089,1.0068087577819824,0.9381626639589089,1.0068087577819824,0,0.0,0.0
2009-06-29,0.9839266593340382,0.9839266593340382,0.9381625652313231,0.9381625652313232,5000,0.0,0.0
2009-06-30,1.0296906121694798,1.0983366966247559,1.0296906121694798,1.0983366966247559,1000,0.0,0.0
2009-07-01,0.9152802904137771,0.9839263558387756,0.9152802904137771,0.9839263558387756,2900,0.0,0.0
2009-07-02,1.052572312153861,1.052572312153861,0.8695162649820969,0.9839263558387756,11000,0.0,0.0
2009-07-06,0.732224243242013,0.9839263558387756,0.732224243242013,0.9839263558387756,3400,0.0,0.0
2009-07-07,0.9839263558387756,0.9839263558387756,0.9839263558387756,0.9839263558387756,0,0.0,0.0
2009-07-08,1.006808529264461,1.006808529264461,0.9152804613113403,0.9152804613113403,200,0.0,0.0
2009-07-09,0.9152804613113403,0.9152804613113403,0.9152804613113403,0.9152804613113403,0,0.0,0.0
2009-07-10,0.9152804847245921,0.9152804847245921,0.7779884338378906,0.7779884338378906,300,0.0,0.0
2009-07-13,0.777988413936626,0.9152804613113403,0.777988413936626,0.9152804613113403,800,0.0,0.0
2009-07-14,0.9152804613113403,0.9152804613113403,0.9152804613113403,0.9152804613113403,200,0.0,0.0
2009-07-15,0.9152804613113403,0.9152804613113403,0.9152804613113403,0.9152804613113403,5100,0.0,0.0
2009-07-16,0.9152804665224235,0.9152804665224235,0.8466344424442351,0.8695164322853088,4000,0.0,0.0
2009-07-17,0.8923987150192262,0.8923987150192262,0.8923987150192262,0.8923987150192261,800,0.0,0.0
2009-07-20,0.8695166645119491,0.8923987150192262,0.8695166645119491,0.8923987150192261,2400,0.0,0.0
2009-07-21,0.8923987150192262,0.9152807109715215,0.8923987150192262,0.8923987150192261,2900,0.0,0.0
2009-07-22,0.8695163787995699,0.8695163787995699,0.7779883705103836,0.8008703589439392,32900,0.0,0.0
2009-07-23,0.9610443870887562,0.9610443870887562,0.8008703589439392,0.8008703589439392,6600,0.0,0.0
2009-07-24,0.9152804076313276,0.9152804076313276,0.8466343879699707,0.8466343879699707,29000,0.0,0.0
2009-07-27,0.8466344424442351,0.961044446204571,0.8466344424442351,0.8695164322853088,24400,0.0,0.0
2009-07-28,0.8237523980481942,0.8923984766813496,0.8237523980481942,0.8695164322853088,3600,0.0,0.0
2009-07-29,0.86951642733478,0.9152804613113403,0.86951642733478,0.9152804613113403,15800,0.0,0.0
2009-07-30,0.86951642733478,1.0983365972175818,0.86951642733478,0.9152804613113403,8200,0.0,0.0
2009-07-31,0.9152804613113403,0.9152804613113403,0.9152804613113403,0.9152804613113403,0,0.0,0.0
2009-08-03,0.9381625652313231,1.0754546293195746,0.9381625652313231,0.9381625652313232,7800,0.0,0.0
2009-08-04,1.0296907526863541,1.0983368465094279,0.9610446588632806,1.0068087577819824,2200,0.0,0.0
2009-08-05,1.0068086203877022,1.1212186884065334,1.0068086203877022,1.0983366966247559,7000,0.0,0.0
2009-08-06,1.121218557722102,1.144100546836853,1.0983365686073512,1.144100546836853,21600,0.0,0.0
2009-08-07,1.121218809531442,1.121218809531442,1.0754547119140625,1.0754547119140625,15500,0.0,0.0
2009-08-10,1.121218557722102,1.144100546836853,1.121218557722102,1.144100546836853,22700,0.0,0.0
2009-08-11,1.1441005550073655,1.1441005550073655,0.9610444225622145,1.05257248878479,14000,0.0,0.0
2009-08-12,1.0296903805365054,1.0525723671708884,0.9381623248890545,0.9610443115234375,4500,0.0,0.0
2009-08-13,1.1441005550073655,1.1441005550073655,0.8923984547277314,1.05257248878479,3400,0.0,0.0
2009-08-14,1.052572312153861,1.1441003630172213,0.8695162649820969,0.9839263558387756,17000,0.0,0.0
2009-08-17,0.8923985523688712,1.0983366966247559,0.8923985523688712,1.0983366966247559,3200,0.0,0.0
2009-08-18,1.0525724812679187,1.144100546836853,1.0525724812679187,1.144100546836853,22300,0.0,0.0
2009-08-19,1.0983368152777297,1.189864792292578,0.9839267348992145,1.0754547119140625,3400,0.0,0.0
2009-08-20,1.0754545957330348,1.189864663751866,1.0754545957330348,1.0983366966247559,1700,0.0,0.0
2009-08-21,1.0754545957330348,1.1669826719700884,1.0754545957330348,1.0983366966247559,5100,0.0,0.0
2009-08-24,1.0983368152777297,1.121218809531442,1.0754547119140625,1.0754547119140625,1600,0.0,0.0
2009-08-25,1.144100680188311,1.1669826719700884,1.0983366966247559,1.0983366966247559,1900,0.0,0.0
2009-08-26,1.0983364522653705,1.1669824123382568,1.0754543564644894,1.1669824123382568,9900,0.0,0.0
2009-08-27,1.1212186884065334,1.144100680188311,1.0983366966247559,1.0983366966247559,1200,0.0,0.0
2009-08-28,1.0525726039512573,1.0983366966247559,1.0525726039512573,1.0983366966247559,1400,0.0,0.0
2009-08-31,1.0525724812679187,1.144100546836853,1.0525724812679187,1.144100546836853,800,0.0,0.0
2009-09-01,1.144100546836853,1.144100546836853,1.144100546836853,1.144100546836853,300,0.0,0.0
2009-09-02,1.144100546836853,1.144100546836853,1.144100546836853,1.144100546836853,3000,0.0,0.0
2009-09-03,1.1441005513307891,1.1441005513307891,1.1212185621261597,1.1212185621261597,1200,0.0,0.0
2009-09-04,1.0983365686073512,1.2127466232910364,1.0983365686073512,1.144100546836853,20500,0.0,0.0
2009-09-08,1.1441006332230361,1.3042746782302856,1.1441006332230361,1.3042746782302856,6200,0.0,0.0
2009-09-09,1.3729206478521445,1.3729206478521445,1.1669825288523368,1.235628604888916,57000,0.0,0.0
2009-09-10,1.235628604888916,1.3729206478521445,1.235628604888916,1.235628604888916,11500,0.0,0.0
2009-09-11,1.0983366515380901,1.3042746782302856,1.0983366515380901,1.3042746782302856,59400,0.0,0.0
2009-09-14,1.3729206364369693,1.3729206364369693,1.3042745609711492,1.3500386476516724,4600,0.0,0.0
2009-09-15,1.3729207598676434,1.4186847415525892,1.3042746782302856,1.3042746782302856,4600,0.0,0.0
2009-09-16,1.4873306766580974,1.5102126652462362,1.3271566474311967,1.4186846017837524,22700,0.0,0.0
2009-09-17,1.4186846097971397,1.4186846097971397,1.2356285909481148,1.3729206323623657,5700,0.0,0.0
2009-09-18,1.3729206478521445,1.5788587668519523,1.235628604888916,1.235628604888916,42900,0.0,0.0
2009-09-21,1.3729206323623657,1.4186846097971397,1.3500386436449787,1.3729206323623657,7400,0.0,0.0
2009-09-22,1.3729206323623657,1.3958026210797527,1.3729206323623657,1.3729206323623657,11600,0.0,0.0
2009-09-23,1.3729205173321257,1.3958025041323439,1.3271565437316895,1.3271565437316895,23300,0.0,0.0
2009-09-24,1.3729206323623657,1.4186846097971397,1.3500386436449787,1.3729206323623657,79500,0.0,0.0
2009-09-25,1.372920980186478,1.395802974700928,1.372920980186478,1.3958029747009277,20600,0.0,0.0
2009-09-28,1.3958029473769697,1.578859118129012,1.3729209533104532,1.4873310327529907,2000,0.0,0.0
2009-09-29,1.3729206268054153,1.4873306790392,1.3729206268054153,1.4644486904144287,16600,0.0,0.0
2009-09-30,1.4644490673542343,1.4873310618686844,1.372920980186478,1.3958029747009277,2200,0.0,0.0
2009-10-01,1.3958029473769697,1.487331032752991,1.3958029473769697,1.4873310327529907,800,0.0,0.0
2009-10-02,1.395802974700928,1.4644490673542343,1.395802974700928,1.3958029747009277,600,0.0,0.0
2009-10-05,1.3729206323623657,1.3729206323623657,1.3729206323623657,1.3729206323623657,20100,0.0,0.0
2009-10-06,1.3729206364369693,1.3729206364369693,1.3500386476516724,1.3500386476516724,3100,0.0,0.0
2009-10-07,1.372920980186478,1.395802974700928,1.372920980186478,1.3958029747009277,3600,0.0,0.0
2009-10-08,1.395802974700928,1.395802974700928,1.395802974700928,1.3958029747009277,600,0.0,0.0
2009-10-09,1.395802974700928,1.395802974700928,1.395802974700928,1.3958029747009277,1600,0.0,0.0
2009-10-12,1.395802974700928,1.4644490673542343,1.395802974700928,1.3958029747009277,2100,0.0,0.0
2009-10-13,1.4186847415525892,1.4186847415525892,1.2813926873878128,1.3042746782302856,7200,0.0,0.0
2009-10-14,1.2813925784976166,1.3042745673956235,1.2356286007016024,1.2585105895996094,6700,0.0,0.0
2009-10-15,1.2356283667601977,1.2813923358917236,1.2356283667601977,1.2813923358917236,8900,0.0,0.0
2009-10-16,1.3729207598676434,1.3729207598676434,1.3042746782302856,1.3042746782302856,10900,0.0,0.0
2009-10-19,1.2585104742211153,1.3271565437316895,1.2585104742211153,1.3271565437316895,11900,0.0,0.0
2009-10-20,1.3271565437316895,1.3271565437316895,1.3271565437316895,1.3271565437316895,0,0.0,0.0
2009-10-21,1.3729206364369693,1.3729206364369693,1.3500386476516724,1.3500386476516724,1600,0.0,0.0
2009-10-22,1.395802974700928,1.4186849692153778,1.395802974700928,1.3958029747009277,4900,0.0,0.0
2009-10-23,1.3500389856720278,1.4186849692153778,1.3500389856720278,1.3958029747009277,1900,0.0,0.0
2009-10-26,1.4186847937839502,1.6932690213327406,1.4186847937839502,1.6703870296478271,23000,0.0,0.0
2009-10-27,1.7161509800592596,1.9449711107338274,1.6703869975683223,1.8534431457519531,25900,0.0,0.0
2009-10-28,1.990734692059943,1.990734692059943,1.80767868987496,1.922088623046875,10700,0.0,0.0
2009-10-29,1.9220887423245465,2.1280269621435095,1.7847968139984225,1.9907348155975342,46200,0.0,0.0
2009-10-30,2.0593815053727083,2.0822636093870384,2.013617515563965,2.013617515563965,4500,0.0,0.0
2009-11-02,1.990735411549635,2.0593815053727083,1.9449714217408913,2.013617515563965,10600,0.0,0.0
2009-11-03,1.9907343429387636,2.0364983081817627,1.9907343429387636,2.0364983081817627,1800,0.0,0.0
2009-11-04,2.059380895619617,2.105144871878305,2.059380895619617,2.0822629928588867,25700,0.0,0.0
2009-11-05,2.0822629797600567,2.17379093170166,2.0822629797600567,2.17379093170166,8600,0.0,0.0
2009-11-06,2.1737910545139947,2.1737910545139947,1.8992069649561993,2.10514497756958,14700,0.0,0.0
2009-11-09,2.0822629928588867,2.1280269691175744,2.0822629928588867,2.0822629928588867,6800,0.0,0.0
2009-11-10,2.0822629928588867,2.1737909453762625,2.0822629928588867,2.0822629928588867,9900,0.0,0.0
2009-11-11,1.8992069649561993,2.2653190116266386,1.8992069649561993,2.10514497756958,33000,0.0,0.0
2009-11-12,2.1509089561259023,2.2195550330703164,2.10514497756958,2.10514497756958,28000,0.0,0.0
2009-11-13,2.128027085397106,2.1737910641564264,2.0364989096586013,2.0593810081481934,25700,0.0,0.0
2009-11-16,2.0593815053727083,2.105145495181452,2.013617515563965,2.013617515563965,10400,0.0,0.0
2009-11-17,2.013616919360929,2.0822629928588867,2.013616919360929,2.0822629928588867,3200,0.0,0.0
2009-11-18,2.059380999013258,2.1280270759576725,2.013617020456936,2.10514497756958,8300,0.0,0.0
2009-11-19,2.105145495181452,2.105145495181452,2.013617515563965,2.013617515563965,8900,0.0,0.0
2009-11-20,2.0822630974013503,2.288201110014731,2.0822630974013503,2.10514497756958,18800,0.0,0.0
2009-11-23,2.2220973418504744,2.2220973418504744,2.1051448501741334,2.151925802230835,6100,0.1,0.0
2009-11-24,2.1753165214357373,2.1753165214357373,2.0583640226818716,2.10514497756958,4500,0.0,0.0
2009-11-25,2.151926356464665,2.175316950051907,2.1285359859466553,2.1285359859466553,1000,0.0,0.0
2009-11-27,2.1051453923594132,2.151926356464665,2.1051453923594132,2.1285359859466553,1000,0.0,0.0
2009-11-30,2.1285359859466553,2.1285359859466553,2.0583644282541615,2.1285359859466553,17400,0.0,0.0
2009-12-01,2.128535566548029,2.1519259324572886,2.10514497756958,2.10514497756958,11900,0.0,0.0
2009-12-02,2.10514497756958,2.128535566548029,2.10514497756958,2.10514497756958,6000,0.0,0.0
2009-12-03,2.1519259324572886,2.2454880653018945,2.10514497756958,2.10514497756958,17600,0.0,0.0
2009-12-04,2.10514497756958,2.1753165214357373,2.10514497756958,2.10514497756958,1700,0.0,0.0
2009-12-07,2.1051448501741334,2.2220973418504744,2.1051448501741334,2.151925802230835,4300,0.0,0.0
2009-12-08,2.222097476323446,2.222097476323446,2.10514497756958,2.10514497756958,4200,0.0,0.0
2009-12-09,2.105145354592901,2.1285359477605135,2.0583643913269043,2.0583643913269043,60400,0.0,0.0
2009-12-10,2.1519263172732326,2.2922694301022553,2.105145354019968,2.222097873687744,15800,0.0,0.0
2009-12-11,2.292269020189603,2.292269020189603,2.10514497756958,2.10514497756958,4700,0.0,0.0
2009-12-14,2.1051453923594132,2.26887887826241,2.1051453923594132,2.1285359859466553,13600,0.0,0.0
2009-12-15,2.175316950051907,2.292269471849652,2.1051453923594132,2.1285359859466553,5100,0.0,0.0
2009-12-16,2.1519262582194623,2.2922693671971492,2.128535888769329,2.245488405227661,1400,0.0,0.0
2009-12-17,2.268878900528978,2.2922694943457733,2.1519263775834716,2.198707342147827,1100,0.0,0.0
2009-12-18,2.1519259324572886,2.2454880653018945,2.10514497756958,2.10514497756958,12700,0.0,0.0
2009-12-21,2.1051453923594132,2.2454885077444007,2.1051453923594132,2.1285359859466553,1100,0.0,0.0
2009-12-22,2.1519262582194623,2.2688787746777943,2.105145296249974,2.245488405227661,1900,0.0,0.0
2009-12-23,2.1285360068359114,2.198707342147827,2.105145413019116,2.198707342147827,84200,0.0,0.0
2009-12-24,2.1285359471812146,2.222097873687744,2.1285359471812146,2.222097873687744,3900,0.0,0.0
2009-12-28,2.2454880653018945,2.2454880653018945,2.10514497756958,2.10514497756958,16000,0.0,0.0
2009-12-29,2.2454880653018945,2.2454880653018945,2.10514497756958,2.10514497756958,6400,0.0,0.0
2009-12-30,2.1285359471812146,2.315659800194273,2.1285359471812146,2.222097873687744,6700,0.0,0.0
2009-12-31,2.1753167204361064,2.3390501890561985,2.1285357612688243,2.292269229888916,6400,0.0,0.0
2010-01-04,2.339050329166638,2.339050329166638,2.245488405227661,2.245488405227661,3700,0.0,0.0
2010-01-05,2.315659658744699,2.3390502504771566,2.2220977379532987,2.268878698348999,4900,0.0,0.0
2010-01-06,2.245488405227661,2.502783807594458,2.245488405227661,2.245488405227661,18400,0.0,0.0
2010-01-07,2.268878961564803,2.5495649795709943,2.268878961564803,2.502784013748169,2700,0.0,0.0
2010-01-08,2.572954473041353,2.6431260032835824,2.4560019969940186,2.4560019969940186,12400,0.0,0.0
2010-01-11,2.549564541107346,2.5729551315307613,2.4092216677744624,2.5729551315307617,4200,0.0,0.0
2010-01-12,2.59634616846306,2.59634616846306,2.479393642371377,2.502784013748169,3400,0.0,0.0
2010-01-13,2.5261741670552236,2.5261741670552236,2.315659523010254,2.315659523010254,8600,0.0,0.0
2010-01-14,2.5027835137548435,2.5261741035280236,2.268878508299826,2.339050054550171,1800,0.0,0.0
2010-01-15,2.385831071025244,2.385831071025244,2.2688785653566614,2.315659523010254,1400,0.0,0.0
2010-01-19,2.3390501890561985,2.3858311482234806,2.292269229888916,2.292269229888916,5000,0.0,0.0
2010-01-20,2.3624409865167664,2.5027838762765606,2.222097873687744,2.222097873687744,6100,0.0,0.0
2010-01-21,2.3624403882962772,2.502783242518256,2.2220973110051268,2.4326117038726807,4300,0.0,0.0
2010-01-22,2.3624407037330486,2.5027835766938265,2.2220976077030685,2.315659523010254,6900,0.0,0.0
2010-01-25,2.2454884668489905,2.315659800194273,2.222097873687744,2.222097873687744,7900,0.0,0.0
2010-01-26,2.245488405227661,2.245488405227661,2.2220978127083058,2.245488405227661,3400,0.0,0.0
2010-01-27,2.245488198064466,2.315659523010254,2.245488198064466,2.315659523010254,100,0.0,0.0
2010-01-28,2.245488270721634,2.292269229888916,2.245488270721634,2.292269229888916,500,0.0,0.0
2010-01-29,2.2922692900814563,2.2922692900814563,2.151926185825141,2.268878698348999,22700,0.0,0.0
2010-02-01,2.2220977717143686,2.2454883638022074,2.1519262185200714,2.17531681060791,11400,0.0,0.0
2010-02-02,2.175316650049476,2.339050113371651,2.151926059688079,2.315659523010254,1800,0.0,0.0
2010-02-03,2.339050286015125,2.339050286015125,2.17531681060791,2.17531681060791,1100,0.0,0.0
2010-02-04,2.1987070173416714,2.315659523010254,2.1987070173416714,2.315659523010254,600,0.0,0.0
2010-02-05,2.2220976077030685,2.315659523010254,2.2220976077030685,2.315659523010254,2100,0.0,0.0
2010-02-08,2.339050054550171,2.4560025572776794,2.339050054550171,2.339050054550171,4300,0.0,0.0
2010-02-09,2.3858305867194805,2.4092211723327637,2.268878104791377,2.4092211723327637,800,0.0,0.0
2010-02-10,2.4092211723327637,2.4092211723327637,2.4092211723327637,2.4092211723327637,0,0.0,0.0
2010-02-11,2.4092211723327637,2.4326115348768904,2.4092211723327637,2.4092211723327637,500,0.0,0.0
2010-02-12,2.4092211723327637,2.4793927061034573,2.4092211723327637,2.4092211723327637,3600,0.0,0.0
2010-02-16,2.5963458587682293,2.6899077792537165,2.4326121633148055,2.526174306869507,20800,0.0,0.0
2010-02-17,2.5963456630706787,2.619736029894413,2.4560025698514862,2.5963456630706787,2100,0.0,0.0
2010-02-18,2.5027835833297183,2.619736089308389,2.4793932159755054,2.5729551315307617,4100,0.0,0.0
2010-02-19,2.5729547666303563,2.783469158308808,2.5729547666303563,2.6197357177734375,16400,0.0,0.0
2010-02-22,3.0407653956083798,3.0407653956083798,2.502783781002284,2.6665172576904297,28700,0.0,0.0
2010-02-23,2.666516547499287,2.7834690315662582,2.666516547499287,2.7600786685943604,1500,0.0,0.0
2010-02-24,2.760079520163397,3.0407655239105225,2.760079520163397,3.0407655239105225,14700,0.0,0.0
2010-02-25,3.0875454567278835,3.2044979378393124,2.9238120277857145,2.970592975616455,9700,0.0,0.0
2010-02-26,3.017373811187663,3.1577168725276623,2.970592865097379,3.110935926437378,6300,0.0,0.0
2010-03-01,3.0407650212425135,3.0407650212425135,2.619735973687404,2.8770315647125244,11500,0.0,0.0
2010-03-02,2.8068599395944385,2.9238124370775402,2.6431264877319336,2.6431264877319336,500,0.0,0.0
2010-03-03,2.6431266197873438,3.157717589809054,2.4793931597444177,2.5963456630706787,119400,0.0,0.0
2010-03-04,2.666516853387042,2.8068599395944385,2.59634553335253,2.6431264877319336,1700,0.0,0.0
2010-03-05,2.5963458587682293,2.5963458587682293,2.526174306869507,2.526174306869507,28400,0.0,0.0
2010-03-08,2.5027834490436525,2.7366884484508947,2.5027834490436525,2.7132980823516846,6700,0.0,0.0
2010-03-09,2.6899073982238773,2.9238123893737793,2.6899073982238773,2.9238123893737793,3600,0.0,0.0
2010-03-10,2.7600787942718528,2.900421647701097,2.526173815487275,2.6197357177734375,10600,0.0,0.0
2010-03-11,2.6899070655628576,3.0407645088971433,2.6899070655628576,2.970592975616455,13400,0.0,0.0
2010-03-12,3.0173744339173587,3.157717524221549,2.877031566682361,3.134326934814453,30900,0.0,0.0
2010-03-15,3.0875464873568386,3.1577180440609274,2.9939845604642064,3.0407655239105225,12900,0.0,0.0
2010-03-16,2.970592975616455,3.064155094347091,2.947202613235662,2.970592975616455,5700,0.0,0.0
2010-03-17,2.9939839313325867,3.0407648849487305,2.9238123893737793,2.9238123893737793,17500,0.0,0.0
2010-03-18,2.947203057825088,2.9939840127127963,2.8068599700927734,2.8068599700927734,20100,0.0,0.0
2010-03-19,2.830250608999555,3.0173744318514326,2.783469430217393,2.8770315647125244,20200,0.0,0.0
2010-03-22,2.8302502036483754,3.0173739997002014,2.7600786685943604,2.7600786685943604,3300,0.0,0.0
2010-03-23,2.7600800422562464,3.0407660990975507,2.7600800422562464,2.853641986846924,1600,0.0,0.0
2010-03-24,2.8068596176073166,3.0407645857412597,2.7600786685943604,2.7600786685943604,1800,0.0,0.0
2010-03-25,2.760079015205065,3.0641555565789536,2.760079015205065,2.8068599700927734,600,0.0,0.0
2010-03-26,2.7600800422562464,2.9705945291199067,2.7600800422562464,2.853641986846924,800,0.0,0.0
2010-03-29,3.2044987908438887,3.2044987908438887,2.7600793335482394,2.9472033977508545,4700,0.0,0.0
2010-03-30,2.9238121016742884,2.9238121016742884,2.736688082553302,2.7600786685943604,12100,0.0,0.0
2010-03-31,2.783469305456165,2.9939839313325867,2.760078940182684,2.9238123893737793,1400,0.0,0.0
2010-04-01,2.783469305456165,2.9238123893737793,2.783469305456165,2.9238123893737793,1200,0.0,0.0
2010-04-05,2.8536411378746678,3.181108292657495,2.76007922111912,2.9004220962524414,19100,0.0,0.0
2010-04-06,2.9004218010311162,3.181107968866345,2.9004218010311162,2.9238123893737793,6600,0.0,0.0
2010-04-07,2.923813003760118,3.4617946410658256,2.9004224105023453,3.0407655239105225,12000,0.0,0.0
2010-04-08,2.9939837323034078,3.2980602451982137,2.947202781797092,3.08754563331604,8100,0.0,0.0
2010-04-09,2.783469120421234,3.110936220103782,2.783469120421234,3.08754563331604,19500,0.0,0.0
2010-04-12,3.0407645162694648,3.1811075831711024,3.0407645162694648,3.064155101776123,2500,0.0,0.0
2010-04-13,3.064155985206105,3.2512798309326176,3.064155985206105,3.251279830932617,4700,0.0,0.0
2010-04-14,3.3214510812123144,3.4150132185982325,3.2512795339401754,3.274670124053955,2600,0.0,0.0
2010-04-15,3.2746696584104718,3.391622146210846,3.08754563331604,3.08754563331604,2700,0.0,0.0
2010-04-16,3.0641559099938376,3.0875462786009056,2.877031845791222,2.9472033977508545,7000,0.0,0.0
2010-04-19,2.9004218010311162,3.227888922482489,2.9004218010311162,2.9238123893737793,4500,0.0,0.0
2010-04-20,2.9472035970178907,3.1343274508031547,2.923813003760118,3.0407655239105225,7200,0.0,0.0
2010-04-21,3.0407655239105225,3.0407655239105225,3.0407655239105225,3.0407655239105225,0,0.0,0.0
2010-04-22,3.0407645088971433,3.064155094347091,2.900421442335767,2.970592975616455,4800,0.0,0.0
2010-04-23,2.900421608221608,3.134326583822356,2.900421608221608,3.08754563331604,3200,0.0,0.0
2010-04-26,3.1577173711913793,3.4851842686057757,3.1577173711913793,3.368231773376465,14800,0.0,0.0
2010-04-27,3.274669637233249,3.485184024684863,3.2512790505967737,3.4617936611175537,6400,0.0,0.0
2010-04-28,3.438403367996216,3.5085749108265847,3.20449837394111,3.438403367996216,6900,0.0,0.0
2010-04-29,3.485184024684863,3.485184024684863,3.4384030744810783,3.4617936611175537,11300,0.0,0.0
2010-04-30,3.5085752604587035,3.5085752604587035,3.4617943015997623,3.485184669494629,7400,0.0,0.0
2010-05-03,3.461794215681962,3.6021370887756348,3.461794215681962,3.6021370887756348,5000,0.0,0.0
2010-05-04,3.3916225670716957,3.6021369820070883,3.3916225670716957,3.555356025695801,4500,0.0,0.0
2010-05-05,3.415013101272084,3.5787465572357173,3.415013101272084,3.5787465572357178,1300,0.0,0.0
2010-05-06,3.555356025695801,3.5787466153860423,3.555356025695801,3.555356025695801,2200,0.0,0.0
2010-05-07,3.5553552510278394,3.5553552510278394,3.3214502973672033,3.3916218280792236,3200,0.0,0.0
2010-05-10,3.4384035233829837,3.555356025695801,3.4384035233829837,3.555356025695801,2200,0.0,0.0
2010-05-11,3.602137543277772,3.602137543277772,3.508575616076751,3.531966209411621,3300,0.0,0.0
2010-05-12,3.6021369820070883,3.62552757169733,3.508575069384513,3.555356025695801,5800,0.0,0.0
2010-05-13,3.508575069384513,3.555356025695801,3.508575069384513,3.555356025695801,2100,0.0,0.0
2010-05-14,3.5553561310777435,3.6021370887756348,3.5553561310777435,3.6021370887756348,3400,0.0,0.0
2010-05-17,3.6021369820070883,3.6021369820070883,3.508575069384513,3.555356025695801,5700,0.0,0.0
2010-05-18,3.555356025695801,3.555356025695801,3.508575069384513,3.555356025695801,900,0.0,0.0
2010-05-19,3.508575069384513,3.555356025695801,3.508575069384513,3.555356025695801,500,0.0,0.0
2010-05-20,3.508575616076751,3.531966209411621,3.3916230955408593,3.531966209411621,4900,0.0,0.0
2010-05-21,3.5553561591011658,3.5553561591011658,3.485184610466634,3.508575201034546,2500,0.0,0.0
2010-05-24,3.508575616076751,3.531966209411621,3.508575616076751,3.531966209411621,300,0.0,0.0
2010-05-25,3.5085749108265847,3.531965499459769,3.438403367996216,3.438403367996216,5000,0.0,0.0
2010-05-26,3.4617934844950367,3.5085744323120327,3.3214504179748934,3.3448410034179688,7900,0.0,0.0
2010-05-27,3.4384034409350575,3.4384034409350575,3.3448415305559607,3.415013074874878,400,0.0,0.0
2010-05-28,3.415012710913769,3.4617936611175537,3.344841174073509,3.4617936611175537,3000,0.0,0.0
2010-06-01,3.5085749852539747,3.5085749852539747,3.4150130748748784,3.415013074874878,600,0.0,0.0
2010-06-02,3.5085744323120327,3.5085744323120327,3.3448410034179688,3.3448410034179688,900,0.0,0.0
2010-06-03,3.4384028990519613,3.4384028990519613,3.3448410034179688,3.3448410034179688,1700,0.0,0.0
2010-06-04,3.391621951234965,3.4851838468689573,3.3448410034179688,3.3448410034179688,2900,0.0,0.0
2010-06-07,3.3682323460462973,3.3682323460462973,3.2512798309326176,3.251279830932617,12500,0.0,0.0
2010-06-08,3.2746704231830415,3.3214513846146696,3.2512798309326176,3.251279830932617,500,0.0,0.0
2010-06-09,3.2512788935527657,3.2746694790594235,3.0407645162694648,3.064155101776123,5500,0.0,0.0
2010-06-10,3.157717704772949,3.157717704772949,3.087546155608598,3.157717704772949,700,0.0,0.0
2010-06-11,3.157717170610098,3.157717170610098,3.0641552695974656,3.08754563331604,2200,0.0,0.0
2010-06-14,3.0875460981453107,3.2044986035528544,3.040765140596134,3.181108236312866,16600,0.0,0.0
2010-06-15,3.1343271140284306,3.181108295517468,3.064155787933285,3.157717704772949,1200,0.0,0.0
2010-06-16,3.064156117168295,3.0875464873568386,3.0407655239105225,3.0407655239105225,11300,0.0,0.0
2010-06-17,3.017374277114868,3.0875458186203915,2.947202958678526,3.017374277114868,5400,0.0,0.0
2010-06-18,3.0641557053067374,3.2746701240539546,3.0641557053067374,3.274670124053955,400,0.0,0.0
2010-06-21,3.2044985767818157,3.2746701240539546,3.2044985767818157,3.274670124053955,600,0.0,0.0
2010-06-22,3.2278894617514133,3.2512798309326176,3.1109369466377332,3.251279830932617,100,0.0,0.0
2010-06-23,3.157717524221549,3.2044984799665484,3.087545979069454,3.134326934814453,5500,0.0,0.0
2010-06-24,3.134327055694488,3.2278891938620435,3.1109366884545,3.181108236312866,2400,0.0,0.0
2010-06-25,3.2512796216126136,3.6255277351096824,3.157717704772949,3.157717704772949,27000,0.0,0.0
2010-06-28,3.461794071167833,3.4851844375057364,3.134326934814453,3.134326934814453,5300,0.0,0.0
2010-06-29,3.0875448307723907,3.508573722029787,3.0875448307723907,3.2278878688812256,1500,0.0,0.0
2010-06-30,3.110935926437378,3.2512787647082306,3.0875453418576626,3.110935926437378,2400,0.0,0.0
2010-07-01,3.157716874418587,3.391621828079223,3.157716874418587,3.3916218280792236,400,0.0,0.0
2010-07-02,3.2980599338676613,3.3682312414685143,3.0875453418576626,3.110935926437378,1800,0.0,0.0
2010-07-06,3.134326583822356,3.134326583822356,3.08754563331604,3.08754563331604,1200,0.0,0.0
2010-07-07,3.3214497455743763,3.3214497455743763,3.227887868881226,3.2278878688812256,0,0.0,0.0
2010-07-08,3.1811082363128667,3.2512795611020318,3.1811082363128667,3.181108236312866,1300,0.0,0.0
2010-07-09,3.134326287947947,3.1811074571073776,3.0875453418576626,3.110935926437378,3900,0.0,0.0
2010-07-12,3.3214510812123144,3.3214510812123144,3.2044985767818157,3.274670124053955,1000,0.0,0.0
2010-07-13,3.2746698320301064,3.2746698320301064,3.204498291015625,3.204498291015625,2200,0.0,0.0
2010-07-14,3.2746702123571327,3.2746702123571327,3.087546155608598,3.157717704772949,5400,0.0,0.0
2010-07-15,3.2278892510352692,3.274670209413043,2.900422096252442,2.9004220962524414,7900,0.0,0.0
2010-07-16,3.0641555565789536,3.134326877375922,2.8068599700927734,2.8068599700927734,3800,0.0,0.0
2010-07-19,2.830250559071222,3.274669965108236,2.8068599700927734,2.8068599700927734,5900,0.0,0.0
2010-07-20,2.923812468846639,3.2278890102205273,2.7366884262266167,2.8068599700927734,11900,0.0,0.0
2010-07-21,2.9939836367283035,3.0641551717823186,2.7600786685943604,2.7600786685943604,3500,0.0,0.0
2010-07-22,2.7600786685943604,2.9939836367283035,2.7600786685943604,2.7600786685943604,600,0.0,0.0
2010-07-23,2.806861014551585,2.923813556824568,2.806861014551585,2.853641986846924,2100,0.0,0.0
2010-07-26,2.923813556824568,3.157718641370533,2.806861014551585,2.853641986846924,3100,0.0,0.0
2010-07-27,3.0407649345606416,3.0641555232849367,2.432611858420839,2.6431264877319336,11100,0.0,0.0
2010-07-28,2.643127134285885,2.736689065931535,2.502784013748169,2.502784013748169,2500,0.0,0.0
2010-07-29,2.502783401524537,2.783469350870144,2.502783401524537,2.6431264877319336,700,0.0,0.0
2010-07-30,2.643125794844165,2.830249786376953,2.643125794844165,2.830249786376953,1000,0.0,0.0
2010-08-02,2.970592612724698,2.9939831953172193,2.830249786376953,2.830249786376953,300,0.0,0.0
2010-08-03,2.8302505319225406,2.9939839839935307,2.8302505319225406,2.9939839839935303,0,0.0,0.0
2010-08-04,2.970594038094097,2.970594038094097,2.689908027648926,2.689908027648926,100,0.0,0.0
2010-08-05,2.7132980603173564,2.830250559071222,2.7132980603173564,2.8068599700927734,500,0.0,0.0
2010-08-06,2.7132977195814036,2.7600786685943604,2.6899071335403453,2.7600786685943604,4100,0.0,0.0
2010-08-09,2.7600790638955046,2.8770315647125244,2.7600790638955046,2.8770315647125244,300,0.0,0.0
2010-08-10,2.853641986846924,2.853641986846924,2.853641986846924,2.853641986846924,800,0.0,0.0
2010-08-11,2.7132979865665403,2.9238123893737793,2.6899073982238773,2.9238123893737793,500,0.0,0.0
2010-08-12,2.7132979865665403,2.9238123893737793,2.7132979865665403,2.9238123893737793,300,0.0,0.0
2010-08-13,2.8770315647125244,2.8770315647125244,2.8770315647125244,2.8770315647125244,100,0.0,0.0
2010-08-16,2.877032040313802,3.0407655239105225,2.6899079634593086,3.0407655239105225,8400,0.0,0.0
2010-08-17,3.0407648849487305,3.0407648849487305,2.9238123893737793,2.9238123893737793,100,0.0,0.0
2010-08-18,2.8302507702203834,2.923812686975931,2.806860179496894,2.9004220962524414,1300,0.0,0.0
2010-08-19,2.830250559071222,2.830250559071222,2.8068599700927734,2.8068599700927734,600,0.0,0.0
2010-08-20,2.8068599700927734,2.8068599700927734,2.8068599700927734,2.8068599700927734,0,0.0,0.0
2010-08-23,2.7834692874759117,3.017374277114868,2.7834692874759117,3.017374277114868,200,0.0,0.0
2010-08-24,2.689908027648926,2.9939846319100427,2.689908027648926,2.689908027648926,2100,0.0,0.0
2010-08-25,2.6899074931832843,2.7132980823516846,2.6899074931832843,2.7132980823516846,300,0.0,0.0
2010-08-26,2.8068596176073166,2.8068596176073166,2.7600786685943604,2.7600786685943604,200,0.0,0.0
2010-08-27,2.6899076720178567,2.923812686975931,2.6899076720178567,2.9004220962524414,800,0.0,0.0
2010-08-30,2.8536405666202733,2.8536405666202733,2.5963452355144323,2.7600786685943604,7200,0.0,0.0
2010-08-31,2.7600786685943604,2.8770311526613317,2.666516547499287,2.7600786685943604,6900,0.0,0.0
2010-09-01,2.8302503325210604,2.8302503325210604,2.6197357177734375,2.6197357177734375,6500,0.0,0.0
2010-09-02,2.619736296217991,2.689907849961259,2.619736296217991,2.6665172576904297,1500,0.0,0.0
2010-09-03,2.6899084722786024,2.900422959142263,2.6899084722786024,2.853641986846924,800,0.0,0.0
2010-09-07,2.877031961892948,2.877031961892948,2.7366888523101807,2.7366888523101807,1800,0.0,0.0
2010-09-08,2.783469158308808,2.783469158308808,2.6197357177734375,2.6197357177734375,1500,0.0,0.0
2010-09-09,2.7366884745044238,2.8770315647125244,2.7366884745044238,2.8770315647125244,1500,0.0,0.0
2010-09-10,2.877030728492868,2.877030728492868,2.8068592037844318,2.830249786376953,500,0.0,0.0
2010-09-13,2.8068592037844318,2.830249786376953,2.6197352122516437,2.830249786376953,4900,0.0,0.0
2010-09-14,2.85364125411494,2.9472033977508545,2.85364125411494,2.9472033977508545,2800,0.0,0.0
2010-09-15,2.8770315139589306,2.8770315139589306,2.8068599700927734,2.8068599700927734,5300,0.0,0.0
2010-09-16,2.853640924980482,2.9705934237343476,2.8068599700927734,2.8068599700927734,2400,0.0,0.0
2010-09-17,2.853641447056029,3.0407655239105225,2.830251076867486,3.0407655239105225,6700,0.0,0.0
2010-09-20,2.9705938392736293,3.2512798309326176,2.9705938392736293,3.251279830932617,27000,0.0,0.0
2010-09-21,3.274669854945393,3.274669854945393,2.9705933238009132,3.017374277114868,1500,0.0,0.0
2010-09-22,3.017373811187663,3.1577168725276623,3.017373811187663,3.110935926437378,5200,0.0,0.0
2010-09-23,3.1577180440609274,3.1577180440609274,3.0407655239105225,3.0407655239105225,4900,0.0,0.0
2010-09-24,3.0407651151929582,3.3682320383706736,3.0407651151929582,3.274670124053955,7300,0.0,0.0
2010-09-27,3.3214510812123144,3.3916226284844533,3.2746701240539546,3.274670124053955,6300,0.0,0.0
2010-09-28,3.3448417779934974,3.438403695293917,3.2746702284835796,3.321451187133789,3200,0.0,0.0
2010-09-29,3.2512782265199585,3.3214497455743763,3.110935411480233,3.2278878688812256,1600,0.0,0.0
2010-09-30,3.3448403262822186,3.3448403262822186,3.227887868881226,3.2278878688812256,100,0.0,0.0
2010-10-01,3.3214497455743763,3.3214497455743763,3.227887868881226,3.2278878688812256,300,0.0,0.0
2010-10-04,3.2746698664206897,3.3682317733764653,3.1577173711913793,3.368231773376465,7700,0.0,0.0
2010-10-05,3.3448416713260936,3.3448416713260936,3.2746701240539546,3.274670124053955,1700,0.0,0.0
2010-10-06,3.2746701240539546,3.3214510812123144,3.2746701240539546,3.274670124053955,400,0.0,0.0
2010-10-07,3.2746701240539546,3.2746701240539546,3.2746701240539546,3.274670124053955,600,0.0,0.0
2010-10-08,3.3214510812123144,3.3214510812123144,3.2746701240539546,3.274670124053955,200,0.0,0.0
2010-10-11,3.2746702284835796,3.368232145783999,3.2746702284835796,3.321451187133789,800,0.0,0.0
2010-10-12,3.2980605753664123,3.4150130748748784,3.274669986237043,3.415013074874878,7300,0.0,0.0
2010-10-13,3.391622413799032,3.6021368192209526,3.391622413799032,3.438403367996216,11800,0.0,0.0
2010-10-14,3.368232145783999,3.602137162104255,3.321451187133789,3.321451187133789,3600,0.0,0.0
2010-10-15,3.157717170610098,3.34484119570453,3.0641552695974656,3.08754563331604,2900,0.0,0.0
2010-10-18,3.110936746353117,3.2512796216126136,3.110936746353117,3.157717704772949,700,0.0,0.0
2010-10-19,3.2746698320301064,3.2746698320301064,3.1811079260569177,3.204498291015625,500,0.0,0.0
2010-10-20,3.3916212646287938,3.3916212646287938,3.157716349826808,3.2278878688812256,1000,0.0,0.0
2010-10-21,3.2044978186179462,3.2044978186179462,3.110935926437378,3.110935926437378,200,0.0,0.0
2010-10-22,3.2746702123571327,3.415013310685835,3.1343271140284306,3.157717704772949,1800,0.0,0.0
2010-10-25,3.110937090868565,3.5553565796772615,3.110937090868565,3.531966209411621,400,0.0,0.0
2010-10-26,3.3682321037654823,3.508575201034546,3.181108271499003,3.508575201034546,1900,0.0,0.0
2010-10-27,3.4384035856428126,3.4384035856428126,3.2746701240539546,3.274670124053955,500,0.0,0.0
2010-10-28,3.274670065895512,3.2980606555938725,3.274670065895512,3.298060655593872,200,0.0,0.0
2010-10-29,3.2980604546942245,3.3682317733764653,3.251279278147155,3.368231773376465,2700,0.0,0.0
2010-11-01,3.3214497455743763,3.3682306839209515,3.040763892425815,3.2278878688812256,12800,0.0,0.0
2010-11-02,3.134327129463743,3.321451187133789,3.0407652121633237,3.321451187133789,1200,0.0,0.0
2010-11-03,3.2746700251186436,3.3214509808636428,3.134326934814453,3.134326934814453,1500,0.0,0.0
2010-11-04,3.1811074571073776,3.2044978186179462,3.0407643957673782,3.110935926437378,4100,0.0,0.0
2010-11-05,3.134325769118966,3.2512782265199585,3.134325769118966,3.2278878688812256,1500,0.0,0.0
2010-11-08,3.3682306839209515,3.3682306839209515,3.227887868881226,3.2278878688812256,500,0.0,0.0
2010-11-09,3.1577176196234564,3.3448416713260936,3.1577176196234564,3.274670124053955,1800,0.0,0.0
2010-11-10,3.3448410034179688,3.4384028990519613,3.3448410034179688,3.3448410034179688,2300,0.0,0.0
2010-11-11,3.2512795611020318,3.274670151411221,3.0875460981453107,3.181108236312866,600,0.0,0.0
2010-11-12,3.1811082363128667,3.1811082363128667,3.1811082363128667,3.181108236312866,0,0.0,0.0
2010-11-15,3.4150118453366365,3.4150118453366365,3.227887868881226,3.2278878688812256,1900,0.0,0.0
2010-11-16,3.3682317733764653,3.3682317733764653,3.204498324669267,3.368231773376465,500,0.0,0.0
2010-11-17,3.485184024684863,3.5787461481615983,3.4384030744810783,3.4617936611175537,4900,0.0,0.0
2010-11-18,3.3916227366437073,3.508575244803835,3.2980608193432874,3.321451187133789,3300,0.0,0.0
2010-11-19,3.2746701240539546,3.3448416713260936,3.2746701240539546,3.274670124053955,200,0.0,0.0
2010-11-22,3.2746701240539546,3.2746701240539546,3.1577176196234564,3.274670124053955,1200,0.0,0.0
2010-11-23,3.2746698320301064,3.2746698320301064,3.157717338029031,3.204498291015625,1100,0.0,0.0
2010-11-24,3.4150132185982325,3.4150132185982325,3.2746701240539546,3.274670124053955,1400,0.0,0.0
2010-11-26,3.2278891095679865,3.391622568248923,3.204498519869626,3.298060655593872,1900,0.0,0.0
2010-11-29,3.2512795611020318,3.274670151411221,3.157717646003677,3.181108236312866,1000,0.0,0.0
2010-11-30,3.2512792440022196,3.2512792440022196,3.08754579701455,3.204498291015625,900,0.0,0.0
2010-12-01,3.204498291015625,3.2512792440022196,3.204498291015625,3.204498291015625,1300,0.0,0.0
2010-12-02,3.2044986035528544,3.2044986035528544,3.157717646003677,3.181108236312866,2800,0.0,0.0
2010-12-03,3.181108209737236,3.2980607141677343,3.181108209737236,3.274670124053955,2100,0.0,0.0
2010-12-06,3.3448416713260936,3.3448416713260936,3.2746701240539546,3.274670124053955,900,0.0,0.0
2010-12-07,3.344841556410758,3.5787465572357173,3.344841556410758,3.5787465572357178,8400,0.0,0.0
2010-12-08,3.6021365117289075,3.6021365117289075,3.4617936611175537,3.4617936611175537,1800,0.0,0.0
2010-12-09,3.438403710635688,3.4851846694946294,3.438403710635688,3.485184669494629,3000,0.0,0.0
2010-12-10,3.4851850227418804,3.5553565796772615,3.4851850227418804,3.531966209411621,2400,0.0,0.0
2010-12-13,3.531965574383344,3.531965574383344,3.4150130748748784,3.415013074874878,1700,0.0,0.0
2010-12-14,3.4851845428011723,3.4851845428011723,3.2512795339401754,3.274670124053955,5300,0.0,0.0
2010-12-15,3.4150131567619373,3.555356025695801,3.4150131567619373,3.555356025695801,1400,0.0,0.0
2010-12-16,3.3916221242772937,3.485184024684863,3.3916221242772937,3.4617936611175537,1100,0.0,0.0
2010-12-17,3.5085762064621706,3.672309718149885,3.5085762064621706,3.6489193439483643,1100,0.0,0.0
2010-12-20,3.7190893711452495,3.999775546609878,3.7190893711452495,3.8594324588775635,20400,0.0,0.0
2010-12-21,3.859433307367213,4.0231670200745455,3.8360427132463832,3.9763858318328857,7500,0.0,0.0
2010-12-22,3.976384529895138,4.023165702819824,3.9529939434327948,4.023165702819824,8400,0.0,0.0
2010-12-23,4.069946429606182,4.069946429606182,3.976384529895138,4.023165702819824,8500,0.0,0.0
2010-12-27,4.093337059020996,4.093337059020996,3.9763845716203963,4.093337059020996,2700,0.0,0.0
2010-12-28,4.046556622329882,4.069947213296207,3.9763852955693184,3.9997758865356445,8700,0.0,0.0
2010-12-29,4.069947213296207,4.069947213296207,3.9763852955693184,3.9997758865356445,5800,0.0,0.0
2010-12-30,3.976385831832886,4.06994776217773,3.929604643591227,3.9763858318328857,8000,0.0,0.0
2010-12-31,3.976384529895138,4.023165702819824,3.9296033569704516,4.023165702819824,3100,0.0,0.0
2011-01-03,4.023166328814856,4.04655647277832,3.9763851486111306,4.04655647277832,4300,0.0,0.0
2011-01-04,4.0933382629210815,4.30385271292933,4.0933382629210815,4.2570719718933105,10400,0.0,0.0
2011-01-05,4.303851311611652,4.327241897583008,4.1635082419218366,4.327241897583008,15300,0.0,0.0
2011-01-06,4.327241789884443,4.374022960662842,4.210289309076756,4.374022960662842,1500,0.0,0.0
2011-01-07,4.327243306516571,4.350633900103814,4.2102907847188265,4.2570719718933105,2600,0.0,0.0
2011-01-10,4.30385271292933,4.420805234727075,4.2570719718933105,4.2570719718933105,9900,0.0,0.0
2011-01-11,4.350634116146342,4.42080545425415,4.280462331900045,4.42080545425415,17900,0.0,0.0
2011-01-12,4.537757910953658,4.537757910953658,3.976385876447579,4.280462265014648,15200,0.0,0.0
2011-01-13,4.374024536617329,4.444195871929245,4.374024536617329,4.397414684295654,4400,0.0,0.0
2011-01-14,4.444195871929245,4.514367207241161,4.374024536617329,4.397414684295654,6900,0.0,0.0
2011-01-18,4.210290709185802,4.467586341752626,4.093338189486197,4.116728782653809,10900,0.0,0.0
2011-01-19,4.2102907847188265,4.3740244936910555,4.2102907847188265,4.2570719718933105,2300,0.0,0.0
2011-01-20,4.257071133096058,4.303851864914577,4.116728045363743,4.21028995513916,4400,0.0,0.0
2011-01-21,4.257071315075999,4.397413962669258,4.233680725097656,4.233680725097656,700,0.0,0.0
2011-01-24,4.210289413864548,4.420803795330111,4.210289413864548,4.327241897583008,400,0.0,0.0
2011-01-25,4.374022960662842,4.420803685302931,4.374022960662842,4.374022960662842,400,0.0,0.0
2011-01-26,4.397413508575072,4.444194683700949,4.2570708754741435,4.30385160446167,3600,0.0,0.0
2011-01-27,4.42080545425415,4.467586643751682,4.350634116146342,4.42080545425415,9800,0.0,0.0
2011-01-28,4.42080527811245,4.42080527811245,4.350633942800534,4.397414684295654,100,0.0,0.0
2011-01-31,4.2570716990029025,4.444195543428737,4.2570716990029025,4.35063362121582,500,0.0,0.0
2011-02-01,4.4441942706921305,4.4441942706921305,4.350632375273642,4.374022960662842,3500,0.0,0.0
2011-02-02,4.327243029127981,4.374024213303659,4.2570716990029025,4.35063362121582,1300,0.0,0.0
2011-02-03,4.280462265014648,4.374024642547729,4.257072116769859,4.280462265014648,2500,0.0,0.0
2011-02-04,4.257072116769859,4.327243453781189,4.233681522386589,4.280462265014648,6600,0.0,0.0
2011-02-07,4.374024213303659,4.374024213303659,4.327243029127981,4.35063362121582,700,0.0,0.0
2011-02-08,4.233680725097656,4.257071315075999,4.233680725097656,4.233680725097656,2800,0.0,0.0
2011-02-09,4.280461275936129,4.350633042871475,4.21028995513916,4.21028995513916,2300,0.0,0.0
2011-02-10,4.210290708039936,4.444195747375488,4.210290708039936,4.444195747375488,2700,0.0,0.0
2011-02-11,4.327242192024608,4.327242192024608,4.210289700348267,4.30385160446167,2000,0.0,0.0
2011-02-14,4.280461275936129,4.350633042871475,4.21028995513916,4.21028995513916,200,0.0,0.0
2011-02-15,4.2102901351193145,4.303852048894287,4.2102901351193145,4.233680725097656,900,0.0,0.0
2011-02-16,4.257070654876981,4.257070654876981,3.85943202532732,3.929603338241577,14400,0.0,0.0
2011-02-17,3.999775116357481,4.350632574877641,3.906213216646438,4.023165702819824,400,0.0,0.0
2011-02-18,4.023166101184241,4.140118598937988,3.906213603430494,4.140118598937988,300,0.0,0.0
2011-02-22,4.02316647750197,4.046556622329882,3.9529947046029923,3.9997758865356445,600,0.0,0.0
2011-02-23,3.999775546609878,3.999775546609878,3.836041869899115,3.8594324588775635,6900,0.0,0.0
2011-02-24,3.859432756538688,3.859432756538688,3.8126515749737635,3.8360421657562256,5300,0.0,0.0
2011-02-25,3.812651245297922,3.906213600337535,3.7892611026763916,3.7892611026763916,7600,0.0,0.0
2011-02-28,3.8126508526255973,3.9296033382415767,3.7892607124130633,3.929603338241577,900,0.0,0.0
2011-03-01,3.952993924592438,3.952993924592438,3.9296033382415767,3.929603338241577,300,0.0,0.0
2011-03-02,3.952994558509268,4.069947062880184,3.8360420541383524,4.04655647277832,2600,0.0,0.0
2011-03-03,4.0465571680569,4.210290880764232,3.8126521191255534,3.9763858318328857,3000,0.0,0.0
2011-03-04,4.093337804262534,4.093337804262534,3.9529947046029923,3.9997758865356445,1900,0.0,0.0
2011-03-07,4.0465571680569,4.186900286643403,3.976385831832886,3.9763858318328857,1400,0.0,0.0
2011-03-08,3.9529939434327948,4.023165702819824,3.9529939434327948,4.023165702819824,900,0.0,0.0
2011-03-09,3.999775546609878,4.21028995513916,3.999775546609878,4.21028995513916,5100,0.0,0.0
2011-03-10,4.163508777182264,4.21028995513916,4.163508777182264,4.21028995513916,1100,0.0,0.0
2011-03-11,4.186901092529297,4.186901092529297,4.140120341421852,4.186901092529297,400,0.0,0.0
2011-03-14,4.0465558856054225,4.093337059020996,3.9763845716203963,4.093337059020996,900,0.0,0.0
2011-03-15,4.140118598937988,4.210289919134887,3.906213603430494,4.140118598937988,1200,0.0,0.0
2011-03-16,4.023165702819824,4.327241988415297,3.7892607304730515,4.023165702819824,3600,0.0,0.0
2011-03-17,4.186900286643403,4.186900286643403,3.9529952377120563,3.9763858318328857,1000,0.0,0.0
2011-03-18,3.976386374442792,3.976386374442792,3.859433834018004,3.952995777130127,300,0.0,0.0
2011-03-21,3.999775097294161,3.999775097294161,3.8126508526255973,3.929603338241577,800,0.0,0.0
2011-03-22,3.7892606166790057,3.8828225135803223,3.7892606166790057,3.8828225135803223,800,0.0,0.0
2011-03-23,3.906213600337535,3.906213600337535,3.7892611026763916,3.7892611026763916,3200,0.0,0.0
2011-03-24,3.789261430329713,3.836042165756226,3.789261430329713,3.8360421657562256,200,0.0,0.0
2011-03-25,3.8594327867031097,3.8594327867031097,3.6255277693271637,3.7424802780151367,19800,0.0,0.0
2011-03-28,3.7424802780151367,3.8594327867031097,3.7424802780151367,3.7424802780151367,14000,0.0,0.0
2011-03-29,3.7424799251565855,3.7892611026763916,3.719089336396682,3.7892611026763916,14500,0.0,0.0
2011-03-30,3.836041869899115,3.859432458877564,3.836041869899115,3.8594324588775635,1000,0.0,0.0
2011-03-31,3.859432756538688,3.9296040827476633,3.765870839547251,3.8360421657562256,2800,0.0,0.0
2011-04-01,3.836042195737832,3.836042195737832,3.7424802780151367,3.7424802780151367,11400,0.0,0.0
2011-04-04,3.742479539711341,3.952993924592438,3.742479539711341,3.929603338241577,16700,0.0,0.0
2011-04-05,3.8594324228177284,3.929603742959065,3.7892611026763916,3.7892611026763916,700,0.0,0.0
2011-04-06,3.8594327867031097,3.952994704425805,3.7424802780151367,3.7424802780151367,4300,0.0,0.0
2011-04-07,3.765871250483405,3.765871250483405,3.508575616076751,3.531966209411621,16800,0.0,0.0
2011-04-08,3.5319667257513787,3.742481204263495,3.5319667257513787,3.672309637069702,400,0.0,0.0
2011-04-11,3.742481286892982,3.742481286892982,3.5787477752052674,3.6489193439483643,9400,0.0,0.0
2011-04-12,3.555355561525123,3.555355561525123,3.4617936611175537,3.4617936611175537,3500,0.0,0.0
2011-04-13,3.5085746113213383,3.5085746113213383,3.4617936611175537,3.4617936611175537,7800,0.0,0.0
2011-04-14,3.5085746113213383,3.5085746113213383,3.4617936611175537,3.4617936611175537,8200,0.0,0.0
2011-04-15,3.5085750123743913,3.5787465572357173,3.461794056823238,3.5787465572357178,500,0.0,0.0
2011-04-18,3.5787466153860423,3.672308528008618,3.555356025695801,3.555356025695801,1600,0.0,0.0
2011-04-19,3.625527512786871,3.625527512786871,3.5085750123743913,3.5787465572357178,1200,0.0,0.0
2011-04-20,3.6021371171677856,3.6021371171677856,3.461794242967926,3.508575201034546,6900,0.0,0.0
2011-04-21,3.5553561591011658,3.5553561591011658,3.508575201034546,3.508575201034546,600,0.0,0.0
2011-04-25,3.508575201034546,3.5787467496690777,3.508575201034546,3.508575201034546,7200,0.0,0.0
2011-04-26,3.5553561591011658,3.695699256370229,3.508575201034546,3.508575201034546,400,0.0,0.0
2011-04-27,3.555355561525123,3.555355561525123,3.4617936611175537,3.4617936611175537,4200,0.0,0.0
2011-04-28,3.5085748568793105,3.5085748568793105,3.2980604546942245,3.368231773376465,5400,0.0,0.0
2011-04-29,3.368232145783999,3.461794286153625,3.2278892698333697,3.321451187133789,15200,0.0,0.0
2011-05-02,3.3214507850167005,3.3214507850167005,3.0641554320558426,3.204498291015625,8800,0.0,0.0
2011-05-03,3.227887868881226,3.3682306839209515,3.2044972881733833,3.2278878688812256,5000,0.0,0.0
2011-05-04,3.2746704231830415,3.3916229382967216,3.2278894617514133,3.251279830932617,1200,0.0,0.0
2011-05-05,3.2512782265199585,3.274668807227801,3.227887868881226,3.2278878688812256,1800,0.0,0.0
2011-05-06,3.2278891668955954,3.2746701240539546,3.181108209737236,3.274670124053955,3400,0.0,0.0
2011-05-09,3.2512795339401754,3.2980607141677343,3.2512795339401754,3.274670124053955,2200,0.0,0.0
2011-05-10,3.3214510812123144,3.3214510812123144,3.2746701240539546,3.274670124053955,2900,0.0,0.0
2011-05-11,3.3682319785505626,3.3682319785505626,3.2980606555938725,3.298060655593872,100,0.0,0.0
2011-05-12,3.2980607141677343,3.2980607141677343,3.2044985767818157,3.274670124053955,1800,0.0,0.0
2011-05-13,3.2980599358426277,3.4617933587912435,3.2746693512489053,3.3916218280792236,3200,0.0,0.0
2011-05-16,3.3448413730445874,3.3448413730445874,3.204498291015625,3.204498291015625,4400,0.0,0.0
2011-05-17,3.204498324669267,3.39162236165,3.204498324669267,3.368231773376465,1900,0.0,0.0
2011-05-18,3.3448417929178054,3.5085752604587035,3.3214512019537312,3.485184669494629,2400,0.0,0.0
2011-05-19,3.461794175756592,3.461794175756592,3.2746701240539546,3.274670124053955,5100,0.0,0.0
2011-05-20,3.2746694701578973,3.3448410034179688,3.2746694701578973,3.3448410034179688,1400,0.0,0.0
2011-05-23,3.321451187133789,3.321451187133789,3.2746702284835796,3.321451187133789,1100,0.0,0.0
2011-05-24,3.2980606555938725,3.3448416119213977,3.274670065895512,3.298060655593872,400,0.0,0.0
2011-05-25,3.2980605753664123,3.4150130748748784,3.274669986237043,3.415013074874878,700,0.0,0.0
2011-05-26,3.3448416119213977,3.3448416119213977,3.274670065895512,3.298060655593872,500,0.0,0.0
2011-05-27,3.2746701240539546,3.3214510812123144,3.2746701240539546,3.274670124053955,100,0.0,0.0
2011-05-31,3.2746702284835796,3.3916227366437073,3.2746702284835796,3.321451187133789,3800,0.0,0.0
2011-06-01,3.2746701240539546,3.2746701240539546,3.2746701240539546,3.274670124053955,0,0.0,0.0
2011-06-02,3.3214510222230373,3.3214510222230373,3.274670065895512,3.298060655593872,300,0.0,0.0
2011-06-03,3.2746701240539546,3.2746701240539546,3.2746701240539546,3.274670124053955,900,0.0,0.0
2011-06-06,3.2746701240539546,3.2746701240539546,3.2278891668955954,3.274670124053955,3700,0.0,0.0
2011-06-07,3.2746702123571327,3.2746702123571327,3.157717704772949,3.157717704772949,5000,0.0,0.0
2011-06-08,3.227889067163584,3.227889067163584,2.8068600196084743,2.8770315647125244,8000,0.0,0.0
2011-06-09,2.947202958678526,3.0407648653064365,2.9238123704869583,3.017374277114868,700,0.0,0.0
2011-06-10,3.040764682809724,3.08754563331604,2.92381219500935,3.08754563331604,5900,0.0,0.0
2011-06-13,3.0173743496784224,3.0641555271865792,2.9238124408004817,2.9939839839935303,7400,0.0,0.0
2011-06-14,3.0173742966060675,3.0173742966060675,2.8302504821414916,2.9238123893737793,3700,0.0,0.0
2011-06-15,2.9238123893737793,2.9238123893737793,2.9238123893737793,2.9238123893737793,2800,0.0,0.0
2011-06-16,2.947203057825088,2.947203057825088,2.8068599700927734,2.8068599700927734,8800,0.0,0.0
2011-06-17,2.8536408474149724,2.9238123893737793,2.806859893798828,2.9238123893737793,1300,0.0,0.0
2011-06-20,2.9238123893737793,2.9238123893737793,2.9238123893737793,2.9238123893737793,0,0.0,0.0
2011-06-21,2.9705933238009132,3.017374277114868,2.9705933238009132,3.017374277114868,500,0.0,0.0
2011-06-22,2.9939839839935307,2.9939839839935307,2.9939839839935307,2.9939839839935303,0,0.0,0.0
2011-06-23,3.0407648849487305,3.0407648849487305,2.9004218010311162,2.9238123893737793,1700,0.0,0.0
2011-06-24,2.9939845604642064,3.0407655239105225,2.9705939672064336,3.0407655239105225,5500,0.0,0.0
2011-06-27,3.040764397588269,3.5553552510278394,3.040764397588269,3.3916218280792236,18200,0.0,0.0
2011-06-28,3.2980600556009727,3.5553553801290287,3.1577169890808294,3.3448410034179688,6800,0.0,0.0
2011-06-29,3.4384035233829837,3.9296038992552984,3.4384035233829837,3.555356025695801,6900,0.0,0.0
2011-06-30,3.625528753168428,3.952995777130127,3.298061729206729,3.952995777130127,2400,0.0,0.0
2011-07-01,3.7424792585701776,3.7424792585701776,3.3214502973672033,3.3916218280792236,5900,0.0,0.0
2011-07-05,3.391621828079223,3.391621828079223,3.391621828079223,3.3916218280792236,0,0.0,0.0
2011-07-06,3.415012949923535,3.438403315127888,3.3448414081721123,3.368231773376465,14000,0.0,0.0
2011-07-07,3.391621828079223,3.391621828079223,3.368231243485501,3.3916218280792236,9100,0.0,0.0
2011-07-08,3.3682317733764653,3.415012949923535,3.3682317733764653,3.368231773376465,8900,0.0,0.0
2011-07-11,3.368231243485501,3.391621828079223,3.368231243485501,3.3916218280792236,2300,0.0,0.0
2011-07-12,3.368231243485501,3.391621828079223,3.368231243485501,3.3916218280792236,1000,0.0,0.0
2011-07-13,3.391621828079223,3.391621828079223,3.391621828079223,3.3916218280792236,0,0.0,0.0
2011-07-14,3.39162236165,3.39162236165,3.3682317733764653,3.368231773376465,700,0.0,0.0
2011-07-15,3.368231243485501,3.391621828079223,3.368231243485501,3.3916218280792236,200,0.0,0.0
2011-07-18,3.368231243485501,3.391621828079223,3.368231243485501,3.3916218280792236,4000,0.0,0.0
2011-07-19,3.3682317733764653,3.3682317733764653,3.3214508198985775,3.368231773376465,3000,0.0,0.0
2011-07-20,3.3682317733764653,3.4851842686057757,3.3682317733764653,3.368231773376465,6600,0.0,0.0
2011-07-21,3.3916232816634637,3.6255283355712886,3.3916232816634637,3.625528335571289,300,0.0,0.0
2011-07-22,3.5787468102817193,3.5787468102817193,3.3682321608126724,3.485184669494629,1700,0.0,0.0
2011-07-25,3.4617939566294003,3.4851843221934,3.438403367996216,3.438403367996216,1100,0.0,0.0
2011-07-26,3.485184024684863,3.485184024684863,3.4384030744810783,3.4617936611175537,800,0.0,0.0
2011-07-27,3.438403695293917,3.508575244803835,2.9705936626534055,3.321451187133789,10300,0.0,0.0
2011-07-28,3.2746701240539546,3.2980607141677343,3.2746701240539546,3.274670124053955,200,0.0,0.0
2011-07-29,3.2980606555938725,3.2980606555938725,3.274670065895512,3.298060655593872,600,0.0,0.0
2011-08-01,3.3448416713260936,3.3448416713260936,3.2746701240539546,3.274670124053955,5300,0.0,0.0
2011-08-02,3.2980606555938725,3.2980606555938725,3.2980606555938725,3.298060655593872,0,0.0,0.0
2011-08-03,3.368231243485501,3.391621828079223,3.368231243485501,3.3916218280792236,100,0.0,0.0
2011-08-04,3.3916226284844533,3.4384035856428126,3.2746701240539546,3.274670124053955,5400,0.0,0.0
2011-08-05,3.2746693512489053,3.4150124126729455,3.251278766655183,3.3916218280792236,7600,0.0,0.0
2011-08-08,3.2746698320301064,3.2746698320301064,3.157717338029031,3.204498291015625,13200,0.0,0.0
2011-08-09,3.2746702123571327,3.2746702123571327,3.040765197188766,3.157717704772949,4400,0.0,0.0
2011-08-10,3.157717704772949,3.157717704772949,3.157717704772949,3.157717704772949,7500,0.0,0.0
2011-08-11,3.1343271140284306,3.2746702123571327,3.1343271140284306,3.157717704772949,1300,0.0,0.0
2011-08-12,3.157717704772949,3.157717704772949,3.157717704772949,3.157717704772949,0,0.0,0.0
2011-08-15,3.064155787933285,3.157717704772949,3.064155787933285,3.157717704772949,200,0.0,0.0
2011-08-16,3.040765197188766,3.157717704772949,3.040765197188766,3.157717704772949,400,0.0,0.0
2011-08-17,3.064156117168295,3.064156117168295,3.0407655239105225,3.0407655239105225,1600,0.0,0.0
2011-08-18,3.040764938432501,3.1577174360645204,2.9939839839935307,2.9939839839935303,6900,0.0,0.0
2011-08-19,2.9939845604642064,3.0875464873568386,2.9939845604642064,3.0407655239105225,1000,0.0,0.0
2011-08-22,3.0407655239105225,3.0407655239105225,2.9939845604642064,3.0407655239105225,7900,0.0,0.0
2011-08-23,2.9939845604642064,3.0407655239105225,2.9939845604642064,3.0407655239105225,800,0.0,0.0
2011-08-24,2.9939839839935307,2.9939839839935307,2.9939839839935307,2.9939839839935303,19000,0.0,0.0
2011-08-25,2.9939839839935307,3.040764938432501,2.9939839839935307,2.9939839839935303,2500,0.0,0.0
2011-08-26,2.9939845604642064,3.0407655239105225,2.9939845604642064,3.0407655239105225,500,0.0,0.0
2011-08-29,3.040764938432501,3.040764938432501,2.9939839839935307,2.9939839839935303,1900,0.0,0.0
2011-08-30,3.040764938432501,3.0641555271865792,2.9939839839935307,2.9939839839935303,4400,0.0,0.0
2011-08-31,3.040764938432501,3.040764938432501,2.9939839839935307,2.9939839839935303,4600,0.0,0.0
2011-09-01,3.040764938432501,3.0641555271865792,2.9939839839935307,2.9939839839935303,6400,0.0,0.0
2011-09-02,3.0875453418576626,3.110935926437378,2.970592865097379,3.110935926437378,500,0.0,0.0
2011-09-06,3.0407651151929582,3.2746701240539546,3.0407651151929582,3.274670124053955,600,0.0,0.0
2011-09-07,3.274670065895512,3.3214510222230373,3.1811081532404613,3.298060655593872,1600,0.0,0.0
2011-09-08,3.181108500319785,3.2980610154334653,3.1577179080693614,3.251279830932617,1200,0.0,0.0
2011-09-09,3.2278894617514133,3.3214513846146696,3.0407653929556813,3.251279830932617,1200,0.0,0.0
2011-09-12,3.2512782265199585,3.2512782265199585,3.157716349826808,3.2278878688812256,1600,0.0,0.0
2011-09-13,3.2044988695009895,3.2512798309326176,3.1577179080693614,3.251279830932617,5900,0.0,0.0
2011-09-14,3.2746702123571327,3.2746702123571327,3.157717704772949,3.157717704772949,5300,0.0,0.0
2011-09-15,3.2278891095679865,3.3214510222230373,3.204498519869626,3.298060655593872,2000,0.0,0.0
2011-09-16,3.2512796216126136,3.2746702123571327,3.157717704772949,3.157717704772949,1000,0.0,0.0
2011-09-19,3.2044986631927816,3.2512796216126136,3.157717704772949,3.157717704772949,400,0.0,0.0
2011-09-20,3.2512792440022196,3.2512792440022196,3.204498291015625,3.204498291015625,100,0.0,0.0
2011-09-21,3.227888879043512,3.227888879043512,3.157717338029031,3.204498291015625,4700,0.0,0.0
2011-09-22,3.157717646003677,3.1811082363128667,3.064155730905323,3.181108236312866,7300,0.0,0.0
2011-09-23,3.110936746353117,3.157717704772949,3.110936746353117,3.157717704772949,100,0.0,0.0
2011-09-26,3.1109370806146113,3.1109370806146113,3.0407655239105225,3.0407655239105225,3700,0.0,0.0
2011-09-27,3.08754563331604,3.08754563331604,3.08754563331604,3.08754563331604,3800,0.0,0.0
2011-09-28,3.087546155608598,3.157717704772949,3.087546155608598,3.157717704772949,13700,0.0,0.0
2011-09-29,3.134327055694488,3.1811082363128667,3.0875460981453107,3.181108236312866,0,0.0,0.0
2011-09-30,3.157717646003677,3.1811082363128667,3.0875460981453107,3.181108236312866,9300,0.0,0.0
2011-10-03,3.08754563331604,3.08754563331604,3.08754563331604,3.08754563331604,6700,0.0,0.0
2011-10-04,2.970592982818646,3.1811075831711024,2.9238120348744854,3.064155101776123,2000,0.0,0.0
2011-10-05,3.064155101776123,3.064155101776123,3.064155101776123,3.064155101776123,300,0.0,0.0
2011-10-06,2.923813556824568,3.0407660990975507,2.853641986846924,2.853641986846924,1500,0.0,0.0
2011-10-07,2.923813556824568,3.0173755014152452,2.8302516122338903,2.853641986846924,15100,0.0,0.0
2011-10-10,2.853640924980482,2.853640924980482,2.783469381114325,2.8068599700927734,14300,0.0,0.0
2011-10-11,2.877032584529229,2.9939851268022117,2.853641986846924,2.853641986846924,500,0.0,0.0
2011-10-12,2.970593342989923,3.0173742966060675,2.783469305456165,2.9238123893737793,1700,0.0,0.0
2011-10-13,2.9238123893737793,2.9238123893737793,2.9238123893737793,2.9238123893737793,0,0.0,0.0
2011-10-14,2.9238123893737793,2.9238123893737793,2.9238123893737793,2.9238123893737793,0,0.0,0.0
2011-10-17,2.7834692001342773,2.947202866199143,2.7834692001342773,2.7834692001342773,2000,0.0,0.0
2011-10-18,2.8770315139589306,2.8770315139589306,2.783469381114325,2.8068599700927734,500,0.0,0.0
2011-10-19,2.7834692001342773,2.7834692001342773,2.7834692001342773,2.7834692001342773,100,0.0,0.0
2011-10-20,2.853641326649405,2.853641326649405,2.572955334745552,2.6665172576904297,9900,0.0,0.0
2011-10-21,2.7132980823516846,2.7132980823516846,2.7132980823516846,2.7132980823516846,500,0.0,0.0
2011-10-24,2.5729550731777477,2.5963456630706787,2.5729550731777477,2.5963456630706787,3800,0.0,0.0
2011-10-25,2.526174306869507,2.6665171875977376,2.526174306869507,2.526174306869507,1800,0.0,0.0
2011-10-26,2.5261742320964196,2.5495645999908447,2.5261742320964196,2.5495645999908447,500,0.0,0.0
2011-10-27,2.572955504707668,2.689908027648926,2.572955504707668,2.689908027648926,1300,0.0,0.0
2011-10-28,2.689907445536443,3.0173743496784224,2.689907445536443,2.9939839839935303,3100,0.0,0.0
2011-10-31,2.783469381114325,2.8068599700927734,2.783469381114325,2.8068599700927734,300,0.0,0.0
2011-11-01,2.806859893798828,2.9238123893737793,2.806859893798828,2.9238123893737793,400,0.0,0.0
2011-11-02,2.8068599700927734,2.8068599700927734,2.783469381114325,2.8068599700927734,2800,0.0,0.0
2011-11-03,2.830249786376953,2.830249786376953,2.7834686211919104,2.830249786376953,3900,0.0,0.0
2011-11-04,2.806859787591879,2.830250375049481,2.7834692001342773,2.7834692001342773,300,0.0,0.0
2011-11-07,2.853641326649405,2.853641326649405,2.6665172576904297,2.6665172576904297,2100,0.0,0.0
2011-11-08,2.689908027648926,2.783469956774238,2.689908027648926,2.689908027648926,1700,0.0,0.0
2011-11-09,2.6665167089846156,2.7834692001342773,2.6665167089846156,2.7834692001342773,0,0.0,0.0
2011-11-10,2.7834692001342773,2.7834692001342773,2.7834692001342773,2.7834692001342773,0,0.0,0.0
2011-11-11,2.7834692001342773,2.7834692001342773,2.7834692001342773,2.7834692001342773,0,0.0,0.0
2011-11-14,2.689907442111337,2.7366883964907402,2.619735899007639,2.6431264877319336,2400,0.0,0.0
2011-11-15,2.736688992211582,2.736688992211582,2.689908027648926,2.689908027648926,2300,0.0,0.0
2011-11-16,2.713298030835632,2.7366883964907402,2.6431264877319336,2.6431264877319336,1900,0.0,0.0
2011-11-17,2.5963456630706787,2.736688533220674,2.5963456630706787,2.5963456630706787,2100,0.0,0.0
2011-11-18,2.5963453537364822,2.736688207165727,2.5963453537364822,2.6197357177734375,1300,0.0,0.0
2011-11-21,2.619736029894413,2.666516986611078,2.5963456630706787,2.5963456630706787,100,0.0,0.0
2011-11-22,2.5963459657966363,2.7366888523101807,2.5963459657966363,2.7366888523101807,4000,0.0,0.0
2011-11-23,2.7366888523101807,2.7366888523101807,2.7366888523101807,2.7366888523101807,0,0.0,0.0
2011-11-25,2.6197357177734375,2.6197357177734375,2.5729547666303563,2.6197357177734375,11800,0.0,0.0
2011-11-28,2.5963459657966363,2.7366888523101807,2.5963459657966363,2.7366888523101807,2600,0.0,0.0
2011-11-29,2.7366884484508947,2.7366884484508947,2.643126537915674,2.7132980823516846,400,0.0,0.0
2011-11-30,2.6197359487472736,2.7132980823516846,2.6197359487472736,2.7132980823516846,300,0.0,0.0
2011-12-01,2.6431266197873438,2.6431266197873438,2.5963456630706787,2.5963456630706787,2200,0.0,0.0
2011-12-02,2.5963456630706787,2.5963456630706787,2.5963456630706787,2.5963456630706787,2900,0.0,0.0
2011-12-05,2.596345927016382,2.6665172576904297,2.596345927016382,2.6665172576904297,400,0.0,0.0
2011-12-06,2.619736029894413,2.6431266197873438,2.4560025698514862,2.5963456630706787,15600,0.0,0.0
2011-12-07,2.5261739591750576,2.572954912979021,2.4793930053710938,2.4793930053710938,300,0.0,0.0
2011-12-08,2.4793930053710938,2.7132979974600957,2.45600241693452,2.4793930053710938,6100,0.0,0.0
2011-12-09,2.4793930053710938,2.4793930053710938,2.45600241693452,2.4793930053710938,4300,0.0,0.0
2011-12-12,2.479393575582356,2.689908027648926,2.4560029817664106,2.689908027648926,1500,0.0,0.0
2011-12-13,2.619735899007639,2.7366883964907402,2.5495643559039407,2.6431264877319336,3400,0.0,0.0
2011-12-14,2.7600784793309168,2.7600784793309168,2.4560019969940186,2.4560019969940186,10300,0.0,0.0
2011-12-15,2.5027839463290666,2.9472036673473863,2.339050458825153,2.689908027648926,25500,0.0,0.0
2011-12-16,2.5729552671122504,2.5729552671122504,2.526174306869507,2.526174306869507,3100,0.0,0.0
2011-12-19,2.5495643559039407,2.6431264877319336,2.502783401524537,2.6431264877319336,6600,0.0,0.0
2011-12-20,2.5729551315307613,2.666517047086017,2.5261741737531334,2.5729551315307617,1300,0.0,0.0
2011-12-21,2.5963459657966363,2.7366888523101807,2.5027838183850504,2.7366888523101807,900,0.0,0.0
2011-12-22,2.6665171086705937,2.6665171086705937,2.5495645999908447,2.5495645999908447,400,0.0,0.0
2011-12-23,2.5729547666303563,2.6197357177734375,2.5027832283811486,2.6197357177734375,1500,0.0,0.0
2011-12-27,2.6431270630862698,2.689908027648926,2.572955504707668,2.689908027648926,1600,0.0,0.0
2011-12-28,2.689907256022645,2.689907256022645,2.6197357177734375,2.6197357177734375,100,0.0,0.0
2011-12-29,2.6431266197873438,2.6431266197873438,2.5729550731777477,2.5963456630706787,500,0.0,0.0
2011-12-30,2.619736469270324,2.689908027648926,2.619736469270324,2.689908027648926,1600,0.0,0.0
2012-01-03,2.736688082553302,2.7600786685943604,2.61973559848633,2.7600786685943604,1500,0.0,0.0
2012-01-04,2.7132978838998194,2.7834692001342773,2.6899072964422177,2.7834692001342773,500,0.0,0.0
2012-01-05,2.7834692001342773,2.7834692001342773,2.6899072964422177,2.7834692001342773,4000,0.0,0.0
2012-01-06,2.806859787591879,2.806859787591879,2.7834692001342773,2.7834692001342773,500,0.0,0.0
2012-01-09,2.806859787591879,2.806859787591879,2.7834692001342773,2.7834692001342773,2400,0.0,0.0
2012-01-10,2.830250559071222,2.830250559071222,2.783469381114325,2.8068599700927734,3900,0.0,0.0
2012-01-11,2.806859787591879,2.806859787591879,2.7834692001342773,2.7834692001342773,0,0.0,0.0
2012-01-12,2.8068599700927734,2.923812468846639,2.8068599700927734,2.8068599700927734,6800,0.0,0.0
2012-01-13,2.830250559071222,2.830250559071222,2.8068599700927734,2.8068599700927734,5800,0.0,0.0
2012-01-17,2.830250885507872,2.9472033977508545,2.830250885507872,2.9472033977508545,0,0.0,0.0
2012-01-18,2.9472033977508545,2.9472033977508545,2.9472033977508545,2.9472033977508545,0,0.0,0.0
2012-01-19,2.9238123893737793,2.9238123893737793,2.9238123893737793,2.9238123893737793,400,0.0,0.0
2012-01-20,2.9004218798681904,2.923812468846639,2.8068599700927734,2.8068599700927734,1600,0.0,0.0
2012-01-23,2.8068599700927734,2.8068599700927734,2.8068599700927734,2.8068599700927734,0,0.0,0.0
2012-01-24,2.8068599700927734,2.8068599700927734,2.8068599700927734,2.8068599700927734,2500,0.0,0.0
2012-01-25,2.830250608999555,2.900421931034413,2.830250608999555,2.8770315647125244,100,0.0,0.0
2012-01-26,2.8302516122338903,2.853641986846924,2.806861014551585,2.853641986846924,1300,0.0,0.0
2012-01-27,2.830250559071222,2.830250559071222,2.8068599700927734,2.8068599700927734,1400,0.0,0.0
2012-01-30,2.8302516122338903,2.853641986846924,2.8302516122338903,2.853641986846924,400,0.0,0.0
2012-01-31,2.8068599700927734,2.8068599700927734,2.8068599700927734,2.8068599700927734,0,0.0,0.0
2012-02-01,2.830250559071222,2.923812468846639,2.8068599700927734,2.8068599700927734,4000,0.0,0.0
2012-02-02,2.8536401459003464,2.923811670608783,2.830249786376953,2.830249786376953,2700,0.0,0.0
2012-02-03,2.830250559071222,2.830250559071222,2.8068599700927734,2.8068599700927734,1400,0.0,0.0
2012-02-06,2.8302507702203834,2.900422096252442,2.806860179496894,2.9004220962524414,2200,0.0,0.0
2012-02-07,2.830250608999555,2.900421931034413,2.830250608999555,2.8770315647125244,300,0.0,0.0
2012-02-08,2.8770315647125244,2.8770315647125244,2.8068600196084743,2.8770315647125244,1500,0.0,0.0
2012-02-09,2.830250608999555,2.8770315647125244,2.830250608999555,2.8770315647125244,2300,0.0,0.0
2012-02-10,2.900422959142263,2.923813556824568,2.853641986846924,2.853641986846924,3500,0.0,0.0
2012-02-13,2.90042221439829,2.9472033977508545,2.90042221439829,2.9472033977508545,2800,0.0,0.0
2012-02-14,2.9472033977508545,2.9472033977508545,2.9238128060745723,2.9472033977508545,1100,0.0,0.0
2012-02-15,2.9472035970178907,3.0407655239105225,2.9472035970178907,3.0407655239105225,3400,0.0,0.0
2012-02-16,3.0407648653064365,3.0407648653064365,3.017374277114868,3.017374277114868,1100,0.0,0.0
2012-02-17,3.0407653183175554,3.0407653183175554,2.90042221439829,2.9472033977508545,5800,0.0,0.0
2012-02-21,3.0173739234471957,3.0407645088971433,2.947202613235662,2.970592975616455,1500,0.0,0.0
2012-02-22,2.9238123893737793,2.9238123893737793,2.9238123893737793,2.9238123893737793,600,0.0,0.0
2012-02-23,2.900421931034413,3.204498477772503,2.8770315647125244,2.8770315647125244,3400,0.0,0.0
2012-02-24,2.9004224105023453,3.0407655239105225,2.877032040313802,3.0407655239105225,3500,0.0,0.0
2012-02-27,2.99398295407924,3.2512782265199585,2.90042085431698,3.2278878688812256,3300,0.0,0.0
2012-02-28,3.2044972881733833,3.227887868881226,3.134325769118966,3.2278878688812256,2100,0.0,0.0
2012-02-29,3.0875464873568386,3.1577180440609274,3.0407655239105225,3.0407655239105225,800,0.0,0.0
2012-03-01,3.157717524221549,3.157717524221549,3.134326934814453,3.134326934814453,1100,0.0,0.0
2012-03-02,3.08754563331604,3.08754563331604,3.08754563331604,3.08754563331604,100,0.0,0.0
2012-03-05,3.064156117168295,3.064156117168295,3.0407655239105225,3.0407655239105225,7500,0.0,0.0
2012-03-06,3.040764682809724,3.08754563331604,3.040764682809724,3.08754563331604,100,0.0,0.0
2012-03-07,3.2044990075072435,3.2044990075072435,2.9939845604642064,3.0407655239105225,1800,0.0,0.0
2012-03-08,3.08754563331604,3.134326583822356,3.040764682809724,3.08754563331604,2300,0.0,0.0
2012-03-09,3.2044985767818157,3.2746701240539546,3.0875460723513175,3.274670124053955,3300,0.0,0.0
2012-03-12,3.2746701240539546,3.2980607141677343,3.2746701240539546,3.274670124053955,1700,0.0,0.0
2012-03-13,3.204498291015625,3.204498291015625,3.204498291015625,3.204498291015625,1500,0.0,0.0
2012-03-14,3.298060834058864,3.5085752604587035,3.298060834058864,3.485184669494629,9700,0.0,0.0
2012-03-15,3.508575201034546,3.648918298303609,3.415013284901306,3.508575201034546,3000,0.0,0.0
2012-03-16,3.6021369820070883,3.6956991176988594,3.3916225670716957,3.555356025695801,1300,0.0,0.0
2012-03-19,3.5553561591011658,3.6255277077356975,3.3214511456988625,3.508575201034546,7600,0.0,0.0
2012-03-20,3.391622485745509,3.4384034409350575,3.391622485745509,3.415013074874878,700,0.0,0.0
2012-03-21,3.5085762064621706,3.672309718149885,3.5085762064621706,3.6489193439483643,2800,0.0,0.0
2012-03-22,3.625527199304228,3.8126510053291085,3.625527199304228,3.6956987380981445,3500,0.0,0.0
2012-03-23,3.6489183602924413,3.789261459945692,3.6489183602924413,3.7424802780151367,1700,0.0,0.0
2012-03-26,3.7892620517621602,3.7892620517621602,3.6255283355712886,3.625528335571289,100,0.0,0.0
2012-03-27,3.6021377409528093,3.812652200242155,3.508575808617376,3.625528335571289,5000,0.0,0.0
2012-03-28,3.7190897464752197,3.765870929153267,3.5319659080398766,3.7190897464752197,1800,0.0,0.0
2012-03-29,3.6021369820070883,3.719089484319906,3.508575069384513,3.555356025695801,600,0.0,0.0
2012-03-30,3.62552757169733,3.62552757169733,3.508575069384513,3.555356025695801,3300,0.0,0.0
2012-04-02,3.578746810465816,3.7424802780151367,3.5085752606391907,3.7424802780151367,4500,0.0,0.0
2012-04-03,3.8594327211380004,3.8594327211380004,3.508575201034546,3.508575201034546,2100,0.0,0.0
2012-04-04,3.531965791602458,3.5787467496690777,3.508575201034546,3.508575201034546,300,0.0,0.0
2012-04-05,3.531965763763399,3.6021370887756348,3.531965763763399,3.6021370887756348,200,0.0,0.0
2012-04-09,3.508575808617376,3.6255283355712886,3.508575808617376,3.625528335571289,500,0.0,0.0
2012-04-10,3.5085749298342988,3.7892611026763916,3.5085749298342988,3.7892611026763916,3900,0.0,0.0
2012-04-11,3.765870929153267,3.7892615204922904,3.7190897464752197,3.7190897464752197,2000,0.0,0.0
2012-04-12,3.695700233824054,3.8126525483880256,3.672309637069702,3.672309637069702,4700,0.0,0.0
2012-04-13,3.7658718010178474,3.7658718010178474,3.625528666630261,3.672309637069702,3700,0.0,0.0
2012-04-16,3.765870663700389,3.765870663700389,3.508575069384513,3.555356025695801,1200,0.0,0.0
2012-04-17,3.5553559679255446,3.625527512786871,3.5553559679255446,3.5787465572357178,100,0.0,0.0
2012-04-18,3.531965791602458,3.531965791602458,3.485184610466634,3.508575201034546,46000,0.0,0.0
2012-04-19,3.485184396124606,3.5085749852539747,3.391622485745509,3.415013074874878,4000,0.0,0.0
2012-04-20,3.4384034409350575,3.4617940300644263,3.4150130748748784,3.415013074874878,1400,0.0,0.0
2012-04-23,3.531965574383344,3.5787465295728924,3.4150130748748784,3.415013074874878,2300,0.0,0.0
2012-04-24,3.4617939566294003,3.5085749108265847,3.438403367996216,3.438403367996216,1700,0.0,0.0
2012-04-25,3.5085743049095415,3.5085743049095415,3.3448408819609257,3.3916218280792236,22000,0.0,0.0
2012-04-26,3.438403652400014,3.508575201034546,3.438403652400014,3.508575201034546,5400,0.0,0.0
2012-04-27,3.508575244803835,3.508575244803835,3.1577177203234514,3.321451187133789,25100,0.0,0.0
2012-04-30,3.2746704231830415,3.3214513846146696,3.181108500319785,3.251279830932617,7400,0.0,0.0
2012-05-01,3.2512798309326176,3.2746704231830415,3.1577179080693614,3.251279830932617,5200,0.0,0.0
2012-05-02,3.2512798309326176,3.2512798309326176,3.1577179080693614,3.251279830932617,10400,0.0,0.0
2012-05-03,3.2512798309326176,3.2512798309326176,3.2278894617514133,3.251279830932617,200,0.0,0.0
2012-05-04,3.2512794761971513,3.3214510222230373,3.2278891095679865,3.298060655593872,1000,0.0,0.0
2012-05-07,3.2512795611020318,3.4150132471279537,3.157717646003677,3.181108236312866,4800,0.0,0.0
2012-05-08,3.508575070602334,3.508575070602334,3.204498519869626,3.298060655593872,4700,0.0,0.0
2012-05-09,3.3448410034179688,3.3448410034179688,3.2980600556009727,3.3448410034179688,700,0.0,0.0
2012-05-10,3.3448414081721123,3.3682317733764653,3.3448414081721123,3.368231773376465,300,0.0,0.0
2012-05-11,3.368231243485501,3.4617933587912435,3.2980599358426277,3.3916218280792236,2400,0.0,0.0
2012-05-14,3.3214510222230373,3.4150131579472833,3.2980606555938725,3.298060655593872,1000,0.0,0.0
2012-05-15,3.344841174073509,3.485184024684863,3.344841174073509,3.4617936611175537,2600,0.0,0.0
2012-05-16,3.4384035856428126,3.4384035856428126,3.2746701240539546,3.274670124053955,5400,0.0,0.0
2012-05-17,3.157717524221549,3.181108113628645,2.9705934781723595,3.134326934814453,13000,0.0,0.0
2012-05-18,3.1343264121577863,3.2746694790594235,3.064155101776123,3.064155101776123,11700,0.0,0.0
2012-05-21,3.227888879043512,3.2512792440022196,3.08754579701455,3.204498291015625,2100,0.0,0.0
2012-05-22,3.0875460981453107,3.1811082363128667,3.064155730905323,3.181108236312866,1600,0.0,0.0
2012-05-23,3.08754563331604,3.08754563331604,3.08754563331604,3.08754563331604,100,0.0,0.0
2012-05-24,3.134326583822356,3.134326583822356,3.08754563331604,3.08754563331604,4700,0.0,0.0
2012-05-25,3.110935926437378,3.227888403197662,3.0875453418576626,3.110935926437378,4700,0.0,0.0
2012-05-29,3.110935926437378,3.110935926437378,3.110935926437378,3.110935926437378,0,0.0,0.0
2012-05-30,3.157717524221549,3.157717524221549,3.11093656847655,3.134326934814453,400,0.0,0.0
2012-05-31,3.157717646003677,3.2278891938620435,3.0875460981453107,3.181108236312866,7700,0.0,0.0
2012-06-01,3.157717704772949,3.157717704772949,3.157717704772949,3.157717704772949,0,0.0,0.0
2012-06-04,3.227888403197662,3.227888403197662,3.110935926437378,3.110935926437378,6500,0.0,0.0
2012-06-05,3.110936220103782,3.157717170610098,3.08754563331604,3.08754563331604,2400,0.0,0.0
2012-06-06,3.110936220103782,3.134326583822356,3.08754563331604,3.08754563331604,1800,0.0,0.0
2012-06-07,3.1109370806146113,3.1343274508031547,2.9705939672064336,3.0407655239105225,9000,0.0,0.0
2012-06-08,2.9939845604642064,3.1343274508031547,2.9705939672064336,3.0407655239105225,2600,0.0,0.0
2012-06-11,2.9939835610664027,3.134326404558624,2.9238120277857145,2.970592975616455,500,0.0,0.0
2012-06-12,3.110936042177831,3.110936042177831,2.970592975616455,2.970592975616455,8800,0.0,0.0
2012-06-13,2.9472033977508545,2.9472033977508545,2.9472033977508545,2.9472033977508545,400,0.0,0.0
2012-06-14,3.040764682809724,3.110936220103782,2.970593145515666,3.08754563331604,400,0.0,0.0
2012-06-15,3.110936220103782,3.110936220103782,2.92381219500935,3.08754563331604,1800,0.0,0.0
2012-06-18,3.0875464873568386,3.0875464873568386,2.9472035970178907,3.0407655239105225,0,0.0,0.0
2012-06-19,3.0407660990975507,3.0407660990975507,2.853641986846924,2.853641986846924,10100,0.0,0.0
2012-06-20,2.9238121016742884,2.9238121016742884,2.7600786685943604,2.7600786685943604,9100,0.0,0.0
2012-06-21,2.760079444930383,2.760079444930383,2.7366888523101807,2.7366888523101807,600,0.0,0.0
2012-06-22,2.7366882482882473,2.806859787591879,2.7366882482882473,2.7834692001342773,3800,0.0,0.0
2012-06-25,2.7600788357458494,2.806859787591879,2.7132978838998194,2.7834692001342773,8700,0.0,0.0
2012-06-26,2.783469381114325,2.8068599700927734,2.783469381114325,2.8068599700927734,100,0.0,0.0
2012-06-27,2.8068599928869054,2.8068599928869054,2.7132980823516846,2.7132980823516846,5300,0.0,0.0
2012-06-28,2.7132984422320887,2.7600794037045273,2.6665172576904297,2.6665172576904297,30500,0.0,0.0
2012-06-29,2.76007922111912,2.900422096252442,2.666517081294367,2.9004220962524414,146900,0.0,0.0
2012-07-02,3.017374603731479,3.017374603731479,2.900422096252442,2.9004220962524414,700,0.0,0.0
2012-07-03,2.877032040313802,3.0407655239105225,2.877032040313802,3.0407655239105225,800,0.0,0.0
2012-07-05,2.947202781797092,3.110936220103782,2.92381219500935,3.08754563331604,6700,0.0,0.0
2012-07-06,2.993984358034205,3.0641559099938376,2.9472033977508545,2.9472033977508545,7100,0.0,0.0
2012-07-09,2.947202958678526,3.11093640681196,2.947202958678526,3.017374277114868,2100,0.0,0.0
2012-07-10,2.9939842387689337,3.181108295517468,2.9939842387689337,3.157717704772949,10200,0.0,0.0
2012-07-11,3.2278894617514133,3.3448419768650934,3.2278894617514133,3.251279830932617,4000,0.0,0.0
2012-07-12,3.2512798309326176,3.2512798309326176,3.2512798309326176,3.251279830932617,200,0.0,0.0
2012-07-13,3.2512798309326176,3.2512798309326176,3.2512798309326176,3.251279830932617,0,0.0,0.0
2012-07-16,3.2980600556009727,3.3448410034179688,3.2980600556009727,3.3448410034179688,800,0.0,0.0
2012-07-17,3.438403710635688,3.4851846694946294,3.438403710635688,3.485184669494629,300,0.0,0.0
2012-07-18,3.39162236165,3.4617939034014227,3.2980604546942245,3.368231773376465,12000,0.0,0.0
2012-07-19,3.3682315376408183,3.485184024684863,3.2980602238697245,3.4617936611175537,8600,0.0,0.0
2012-07-20,3.4617943015997623,3.5085752604587035,3.4617943015997623,3.485184669494629,3600,0.0,0.0
2012-07-23,3.3682315376408183,3.485184024684863,3.274669637233249,3.4617936611175537,5400,0.0,0.0
2012-07-24,3.3916226943333943,3.6021371171677856,3.3916226943333943,3.508575201034546,3800,0.0,0.0
2012-07-25,3.5787465572357173,3.5787465572357173,3.461794056823238,3.5787465572357178,3400,0.0,0.0
2012-07-26,3.531965851422778,3.531965851422778,3.4617943015997623,3.485184669494629,200,0.0,0.0
2012-07-27,3.485184610466634,3.508575201034546,3.461794242967926,3.508575201034546,400,0.0,0.0
2012-07-30,3.508575201034546,3.531965791602458,3.461794242967926,3.508575201034546,2200,0.0,0.0
2012-07-31,3.6255277409908886,3.836042165756226,3.5085752332169893,3.8360421657562256,10300,0.0,0.0
2012-08-01,3.859433307367213,3.976385831832886,3.7424807829015396,3.9763858318328857,6100,0.0,0.0
2012-08-02,3.9529947046029923,3.9997758865356445,3.9529947046029923,3.9997758865356445,4700,0.0,0.0
2012-08-03,3.9763845109432996,3.9763845109432996,3.742479539711341,3.929603338241577,7000,0.0,0.0
2012-08-06,3.9763841565328946,4.2804604135771545,3.8594316813407508,4.16350793838501,33000,0.0,0.0
2012-08-07,4.327241789884443,4.374022960662842,4.210289309076756,4.374022960662842,16000,0.0,0.0
2012-08-08,4.210290928003319,4.280462265014648,4.069947807842179,4.280462265014648,7500,0.0,0.0
2012-08-09,4.186899545140972,4.257071315075999,3.742480120106057,4.233680725097656,8600,0.0,0.0
2012-08-10,4.257070719837169,4.257070719837169,4.069946472313209,4.093337059020996,12000,0.0,0.0
2012-08-13,4.140119450095566,4.2570719718933105,4.069947669333839,4.2570719718933105,18800,0.0,0.0
2012-08-14,4.233681378306069,4.30385271292933,4.233681378306069,4.2570719718933105,13900,0.0,0.0
2012-08-15,4.210289413864548,4.420803795330111,4.210289413864548,4.327241897583008,5100,0.0,0.0
2012-08-16,4.420805154214241,4.5143670807207705,4.303852634546465,4.444195747375488,19800,0.0,0.0
2012-08-17,4.444195468251298,4.795053005218506,4.444195468251298,4.795053005218506,52000,0.0,0.0
2012-08-20,4.865224538702609,4.935396316729303,4.724881874926118,4.888615131378174,33100,0.0,0.0
2012-08-21,4.912004062749251,4.912004062749251,4.561146629695733,4.6079277992248535,20200,0.0,0.0
2012-08-22,4.65471006581392,4.678100658333276,4.420805032897256,4.490976810455322,12000,0.0,0.0
2012-08-23,4.6079280369626385,4.631318176795675,4.210289413864548,4.327241897583008,11600,0.0,0.0
2012-08-24,4.374023818829313,4.561147646379257,4.140118811322684,4.233680725097656,10900,0.0,0.0
2012-08-27,4.210290157352962,4.537757080363846,3.789261320073025,4.04655647277832,15600,0.0,0.0
2012-08-28,4.186900116018189,4.186900116018189,3.999776262954203,4.116728782653809,7900,0.0,0.0
2012-08-29,4.116729742798849,4.257072888398305,4.116729742798849,4.186901092529297,5600,0.0,0.0
2012-08-30,4.163509597544342,4.2570719718933105,4.163509597544342,4.2570719718933105,4200,0.0,0.0
2012-08-31,4.327242192024608,4.3740233671504845,4.30385160446167,4.30385160446167,4200,0.0,0.0
2012-09-04,4.374023140492961,4.397413280705495,3.8126508526255973,3.929603338241577,28500,0.0,0.0
2012-09-05,3.9763851486111306,4.11672824308391,3.929603968407405,4.04655647277832,7100,0.0,0.0
2012-09-06,4.116728010159564,4.186899330356463,4.09333742138114,4.140118598937988,2300,0.0,0.0
2012-09-07,4.163509131023097,4.163509131023097,3.9997758865356445,3.9997758865356445,6000,0.0,0.0
2012-09-10,4.046555843143838,4.046555843143838,3.8828226301840947,4.023165702819824,6400,0.0,0.0
2012-09-11,3.976386597199394,4.233682289775302,3.859434050222941,4.186901092529297,2400,0.0,0.0
2012-09-12,4.257072116769859,4.444195979559058,4.116728996608719,4.280462265014648,6000,0.0,0.0
2012-09-13,4.327241897583008,4.420803795330111,4.327241897583008,4.327241897583008,1700,0.0,0.0
2012-09-14,4.327241897583008,4.3974132093587555,4.327241897583008,4.327241897583008,4100,0.0,0.0
2012-09-17,4.140118811322684,4.374023818829313,4.046556451409316,4.233680725097656,11900,0.0,0.0
2012-09-18,4.233680287911206,4.30385160446167,3.999775304558524,4.30385160446167,7700,0.0,0.0
2012-09-19,4.233680544117609,4.280461275936129,4.21028995513916,4.21028995513916,3500,0.0,0.0
2012-09-20,4.2102916911523,4.233682289775302,4.093339144175847,4.186901092529297,3900,0.0,0.0
2012-09-21,4.210289700348267,4.30385160446167,4.04655603354605,4.30385160446167,10200,0.0,0.0
2012-09-24,4.280460619106044,4.46758485608133,4.280460619106044,4.374022960662842,8500,0.0,0.0
2012-09-25,4.420804363668443,4.490976130603789,4.21028995513916,4.21028995513916,10600,0.0,0.0
2012-09-26,4.23368101687017,4.561147960719803,4.210290425279819,4.467586040496826,3300,0.0,0.0
2012-09-27,4.5611485766082565,4.654710509464831,4.350634116146342,4.42080545425415,8600,0.0,0.0
2012-09-28,4.467586573942329,4.467586573942329,4.116728996608719,4.280462265014648,2500,0.0,0.0
2012-10-01,4.2102901351193145,4.327242638872629,4.2102901351193145,4.233680725097656,3700,0.0,0.0
2012-10-02,4.327241789884443,4.490975441470529,4.327241789884443,4.374022960662842,2700,0.0,0.0
2012-10-03,4.327241789884443,4.4441942706921305,4.327241789884443,4.374022960662842,3900,0.0,0.0
2012-10-04,4.4441956254166115,4.490976810455322,4.397414440377901,4.490976810455322,8300,0.0,0.0
2012-10-05,4.514366714534033,4.654709815979004,4.444195386880757,4.654709815979004,4300,0.0,0.0
2012-10-08,4.654709786994151,4.841834069801698,4.490976541443268,4.584538459777832,17000,0.0,0.0
2012-10-09,4.490976659371513,4.584538580162913,4.467586067639055,4.537757396697998,2200,0.0,0.0
2012-10-10,4.631317937851118,4.701489692144799,4.561146629695733,4.6079277992248535,4300,0.0,0.0
2012-10-11,4.701490969230642,4.701490969230642,4.584538459777832,4.584538459777832,3100,0.0,0.0
2012-10-12,4.537757673882018,4.631319600388546,4.444195747375488,4.444195747375488,3700,0.0,0.0
2012-10-15,4.56114772107472,4.7014908171047,4.490976396128932,4.631319046020508,7800,0.0,0.0
2012-10-16,4.63131930951177,4.841834188602838,4.607929163958033,4.795053005218506,6100,0.0,0.0
2012-10-17,4.84183379137421,4.84183379137421,4.678100109100342,4.678100109100342,3400,0.0,0.0
2012-10-18,4.678100465902934,4.724881649017334,4.60792913736976,4.724881649017334,8500,0.0,0.0
2012-10-19,4.748271551689091,4.865224057357673,4.631319046020508,4.631319046020508,16800,0.0,0.0
2012-10-22,4.654709815979004,4.654709815979004,4.444195386880757,4.654709815979004,10800,0.0,0.0
2012-10-23,4.537757277541341,4.654709786994151,4.444195359206777,4.584538459777832,2500,0.0,0.0
2012-10-24,4.584538311436117,4.818443322773282,4.584538311436117,4.631319046020508,5600,0.0,0.0
2012-10-25,4.584538311436117,4.865224057357673,4.584538311436117,4.631319046020508,7900,0.0,0.0
2012-10-26,4.607928785919193,4.678100109100342,4.607928785919193,4.678100109100342,4100,0.0,0.0
2012-10-31,4.678100226743302,4.678100226743302,4.467585805767534,4.631319046020508,3600,0.0,0.0
2012-11-01,4.631319046020508,4.865224057357673,4.584538311436117,4.631319046020508,6200,0.0,0.0
2012-11-02,4.607928785919193,4.7014906988735214,4.607928785919193,4.678100109100342,1400,0.0,0.0
2012-11-05,4.748270651096125,4.795051822946048,4.67809933945956,4.7014899253845215,10300,0.0,0.0
2012-11-06,4.678100465902934,4.795052977550507,4.678100465902934,4.724881649017334,1400,0.0,0.0
2012-11-07,4.631319195875905,4.724881560348888,4.561147868659587,4.584538459777832,4400,0.0,0.0
2012-11-08,4.631319195875905,4.631319195875905,4.584538459777832,4.584538459777832,5400,0.0,0.0
2012-11-09,4.631319195875905,4.795052887565206,4.444195359206777,4.584538459777832,11100,0.0,0.0
2012-11-12,4.56114789706183,4.7248815897707,4.56114789706183,4.654709815979004,7400,0.0,0.0
2012-11-13,4.60792917189537,4.678100500954313,4.537757396697998,4.537757396697998,7400,0.0,0.0
2012-11-14,4.561147960719803,4.561147960719803,4.444195448906475,4.467586040496826,8200,0.0,0.0
2012-11-15,4.561147646379257,4.6313189701758875,4.2102901351193145,4.233680725097656,22500,0.0,0.0
2012-11-16,4.210290709185802,4.3974145622497876,4.093338189486197,4.116728782653809,11100,0.0,0.0
2012-11-19,4.303852437040143,4.444195543428737,4.210290514827225,4.35063362121582,9100,0.0,0.0
2012-11-20,4.444195543428737,4.444195543428737,4.327243029127981,4.35063362121582,4000,0.0,0.0
2012-11-21,4.444195543428737,4.654709979942411,4.327243029127981,4.35063362121582,5100,0.0,0.0
2012-11-23,4.537757305797932,4.678100407242903,4.4675859781446565,4.654709815979004,1700,0.0,0.0
2012-11-26,4.654710324003463,4.678100917820258,4.327243348983739,4.397414684295654,3800,0.0,0.0
2012-11-27,4.4909770595628355,4.4909770595628355,4.327243348983739,4.397414684295654,2100,0.0,0.0
2012-11-28,4.3974132093587555,4.420803795330111,4.327241897583008,4.327241897583008,3700,0.0,0.0
2012-11-29,4.374024536617329,4.537757801057956,4.374024536617329,4.397414684295654,600,0.0,0.0
2012-11-30,4.327241897583008,4.561146865019927,4.327241897583008,4.327241897583008,12000,0.0,0.0
2012-12-03,4.327243029127981,4.374024213303659,4.327243029127981,4.35063362121582,5300,0.0,0.0
2012-12-04,4.350633820868959,4.444195747375488,4.350633820868959,4.444195747375488,600,0.0,0.0
2012-12-05,4.3974132093587555,4.3974132093587555,4.327241897583008,4.327241897583008,3100,0.0,0.0
2012-12-06,4.327243029127981,4.35063362121582,4.327243029127981,4.35063362121582,6500,0.0,0.0
2012-12-07,4.350632483554364,4.350632483554364,4.25707058580726,4.327241897583008,5700,0.0,0.0
2012-12-10,4.257072888398305,4.327244238128753,4.116729742798849,4.186901092529297,10600,0.0,0.0
2012-12-11,4.186899545140972,4.303852048894287,4.16350895516263,4.233680725097656,3200,0.0,0.0
2012-12-12,4.327244238128753,4.327244238128753,4.186901092529297,4.186901092529297,4100,0.0,0.0
2012-12-13,4.186901092529297,4.233682289775302,4.186901092529297,4.186901092529297,2500,0.0,0.0
2012-12-14,4.186899366160712,4.233680544117609,4.186899366160712,4.21028995513916,7200,0.0,0.0
2012-12-17,4.327244238128753,4.327244238128753,4.186901092529297,4.186901092529297,3100,0.0,0.0
2012-12-18,4.186901092529297,4.2102916911523,4.186901092529297,4.186901092529297,400,0.0,0.0
2012-12-19,4.186899366160712,4.280461275936129,4.186899366160712,4.21028995513916,4200,0.0,0.0
2012-12-20,4.2102901351193145,4.327242638872629,4.186899545140972,4.233680725097656,2700,0.0,0.0
2012-12-21,4.21028995513916,4.327242453893026,4.21028995513916,4.21028995513916,10300,0.0,0.0
2012-12-24,4.210289700348267,4.30385160446167,4.163508525222391,4.30385160446167,3100,0.0,0.0
2012-12-26,4.25707058580726,4.327241897583008,4.25707058580726,4.327241897583008,5200,0.0,0.0
2012-12-27,4.303851204495244,4.374022960662842,4.210289309076756,4.374022960662842,10600,0.0,0.0
2012-12-28,4.374022960662842,4.4441942706921305,4.2570704798551535,4.374022960662842,2200,0.0,0.0
2012-12-31,4.444195543428737,4.444195543428737,4.2570716990029025,4.35063362121582,4900,0.0,0.0
2013-01-02,4.397414004549948,4.561147689819336,4.374023860487236,4.561147689819336,4000,0.0,0.0
2013-01-03,4.561148394874752,4.561148394874752,4.374024536617329,4.397414684295654,1800,0.0,0.0
2013-01-04,4.3974148595053855,4.537757981859491,4.3974148595053855,4.42080545425415,4000,0.0,0.0
2013-01-07,4.537757981859491,4.537757981859491,4.42080545425415,4.42080545425415,2000,0.0,0.0
2013-01-08,4.444195448906475,4.490976632087177,4.397414265725773,4.467586040496826,6200,0.0,0.0
2013-01-09,4.3974148595053855,4.467586643751682,4.3974148595053855,4.42080545425415,7500,0.0,0.0
2013-01-10,4.490975441470529,4.490975441470529,4.303851204495244,4.374022960662842,4200,0.0,0.0
2013-01-11,4.327243306516571,4.3740244936910555,4.2102907847188265,4.2570719718933105,4300,0.0,0.0
2013-01-14,4.233680544117609,4.444194952646892,4.21028995513916,4.21028995513916,10000,0.0,0.0
2013-01-15,4.210289413864548,4.490975553244179,4.210289413864548,4.327241897583008,4100,0.0,0.0
2013-01-16,4.327242709737555,4.678100226743302,4.327242709737555,4.631319046020508,12000,0.0,0.0
2013-01-17,4.678100226743302,4.678100226743302,4.56114772107472,4.631319046020508,5000,0.0,0.0
2013-01-18,4.444195103645324,4.678100109100342,4.444195103645324,4.678100109100342,500,0.0,0.0
2013-01-22,4.678100194686499,4.795052699553661,4.561147689819336,4.561147689819336,3500,0.0,0.0
2013-01-23,4.795051585064744,4.795051585064744,4.6079277992248535,4.6079277992248535,1400,0.0,0.0
2013-01-24,4.584538196146013,5.005567027509687,4.584538196146013,4.678100109100342,10800,0.0,0.0
2013-01-25,4.795051517940703,5.0289564700353715,4.748270349066453,4.912003993988037,22900,0.0,0.0
2013-01-28,5.028956413269043,5.052346997442138,4.93539452271495,5.028956413269043,15500,0.0,0.0
2013-01-29,5.028957873229206,5.0991291999816895,4.93539595551309,5.0991291999816895,13600,0.0,0.0
2013-01-30,5.005565829095948,5.099127719650041,5.005565829095948,5.028956413269043,6100,0.0,0.0
2013-01-31,4.958786307457027,4.98217645115481,4.888614537948495,4.93539571762085,3800,0.0,0.0
2013-02-01,5.052348592402854,5.145910512493227,4.701491057460133,4.724881649017334,28800,0.0,0.0
2013-02-04,4.724881874926118,4.958786909404867,4.724881874926118,4.888615131378174,4100,0.0,0.0
2013-02-05,4.982177055941984,4.982177055941984,4.771662614138799,4.888615131378174,6000,0.0,0.0
2013-02-06,4.91200458222186,4.935395169460109,4.771661504930709,4.865223407745361,9300,0.0,0.0
2013-02-07,4.865224906958622,5.028958621942371,4.865224906958622,5.005568027496338,3700,0.0,0.0
2013-02-08,5.052347918350115,5.0991286490848955,4.9587860107421875,4.9587860107421875,14100,0.0,0.0
2013-02-11,5.0991291999816895,5.122519790945322,5.028957873229206,5.0991291999816895,12500,0.0,0.0
2013-02-12,5.099127719650041,5.169299472169325,4.888613354368761,5.028956413269043,13300,0.0,0.0
2013-02-13,4.958785162862287,5.075737638909621,4.865222825113787,4.912003993988037,3800,0.0,0.0
2013-02-14,4.98217645115481,5.028957630827165,4.818443214578358,4.93539571762085,4500,0.0,0.0
2013-02-15,4.982175897798263,5.005566485036512,4.865223407745361,4.865223407745361,2200,0.0,0.0
2013-02-19,4.935394826593631,5.005566137295168,4.818442344665527,4.818442344665527,600,0.0,0.0
2013-02-20,4.912003993988037,4.982175301161122,4.818442102377828,4.912003993988037,3500,0.0,0.0
2013-02-21,4.912005114555359,4.912005114555359,4.678100109100342,4.678100109100342,6300,0.0,0.0
2013-02-22,4.724881649017334,4.935396080755281,4.56114795425536,4.724881649017334,2800,0.0,0.0
2013-02-25,4.67810057203025,4.67810057203025,3.882823564012795,4.35063362121582,33200,0.0,0.0
2013-02-26,4.233681106915063,4.397414359253061,4.093338000526469,4.35063362121582,14200,0.0,0.0
2013-02-27,4.303852755166943,4.42080527811245,4.303852755166943,4.397414684295654,5800,0.0,0.0
2013-02-28,4.327241897583008,4.3974132093587555,4.327241897583008,4.327241897583008,4000,0.0,0.0
2013-03-01,4.327243348983739,4.4909770595628355,4.327243348983739,4.397414684295654,800,0.0,0.0
2013-03-04,4.397414440377901,4.490976810455322,4.210290592499948,4.490976810455322,13200,0.0,0.0
2013-03-05,4.654708522615678,4.6780991073802385,4.444194152011226,4.6079277992248535,2800,0.0,0.0
2013-03-06,4.561147960719803,4.678100472533132,4.467586040496826,4.467586040496826,2300,0.0,0.0
2013-03-07,4.514366777539101,4.6547098809427805,4.467586040496826,4.467586040496826,2600,0.0,0.0
2013-03-08,4.490976659371513,4.678100500954313,4.490976659371513,4.537757396697998,3200,0.0,0.0
2013-03-11,4.490976659371513,4.631319317489398,4.467586067639055,4.537757396697998,5300,0.0,0.0
2013-03-12,4.561146795196037,5.028956722908451,4.4909754844945,4.818442344665527,17200,0.0,0.0
2013-03-13,4.7716617293472945,4.7716617293472945,4.490976007702374,4.514366149902344,3100,0.0,0.0
2013-03-14,4.467586040496826,4.561147960719803,4.444195448906475,4.467586040496826,3300,0.0,0.0
2013-03-15,4.5611485766082565,4.5611485766082565,4.42080545425415,4.42080545425415,5700,0.0,0.0
2013-03-18,4.1635082419218366,4.444194381301467,4.116727516117444,4.327241897583008,18500,0.0,0.0
2013-03-19,4.374022960662842,4.420803685302931,4.303851204495244,4.374022960662842,8400,0.0,0.0
2013-03-20,4.327241789884443,4.4441942706921305,4.327241789884443,4.374022960662842,6800,0.0,0.0
2013-03-21,4.280461016898731,4.420804096138011,4.280461016898731,4.30385160446167,3800,0.0,0.0
2013-03-22,4.2570716990029025,4.35063362121582,4.210290514827225,4.35063362121582,6300,0.0,0.0
2013-03-25,4.210289700348267,4.420804096138011,4.210289700348267,4.30385160446167,2900,0.0,0.0
2013-03-26,4.280460725640296,4.350632483554364,4.280460725640296,4.327241897583008,4700,0.0,0.0
2013-03-27,4.444195448906475,4.607929143900506,4.420804857316124,4.467586040496826,6100,0.0,0.0
2013-03-28,4.84183379137421,4.84183379137421,4.561147606372833,4.678100109100342,17100,0.0,0.0
2013-04-01,4.724882024201196,4.841834545135498,4.724882024201196,4.841834545135498,9200,0.0,0.0
2013-04-02,4.841833197867131,5.028957000838338,4.841833197867131,4.982175827026367,10600,0.0,0.0
2013-04-03,4.98217645115481,5.005567040990988,4.888614537948495,4.93539571762085,4800,0.0,0.0
2013-04-04,4.841834160664908,4.841834160664908,4.724881649017334,4.724881649017334,600,0.0,0.0
2013-04-05,4.678099535663571,5.005566413932353,4.678099535663571,4.982175827026367,7300,0.0,0.0
2013-04-08,5.052347587744324,5.052347587744324,4.95878568625872,4.982175827026367,1300,0.0,0.0
2013-04-09,5.005567040990988,5.005567040990988,4.818443214578358,4.93539571762085,4400,0.0,0.0
2013-04-10,4.935396101597548,5.145910534224501,4.701491077314616,5.052348613739014,30800,0.0,0.0
2013-04-11,5.005567430427056,5.052348613739014,5.005567430427056,5.052348613739014,2500,0.0,0.0
2013-04-12,4.982175827026367,5.099128315417957,4.982175827026367,4.982175827026367,1400,0.0,0.0
2013-04-15,4.935395422305614,4.9821761530403945,4.935395422305614,4.9587860107421875,2700,0.0,0.0
2013-04-16,5.028957000838338,5.052347587744324,4.982175827026367,4.982175827026367,6300,0.0,0.0
2013-04-17,5.0757385067866885,5.122519237521469,4.91200483386904,4.9587860107421875,4500,0.0,0.0
2013-04-18,4.912004240980348,5.028956722908451,4.818442344665527,4.818442344665527,12800,0.0,0.0
2013-04-19,4.865223407745361,4.865223407745361,4.841833266645456,4.865223407745361,7800,0.0,0.0
2013-04-22,4.841832686814953,4.958785162862287,4.795051517940703,4.912003993988037,500,0.0,0.0
2013-04-23,4.93539571762085,4.93539571762085,4.93539571762085,4.93539571762085,500,0.0,0.0
2013-04-24,4.982175551681885,5.005566137295168,4.724880448350707,4.818442344665527,1800,0.0,0.0
2013-04-25,4.795053358306393,4.841834545135498,4.795053358306393,4.841834545135498,2000,0.0,0.0
2013-04-26,4.795052826078318,4.795052826078318,4.701490908943497,4.77166223526001,1300,0.0,0.0
2013-04-29,4.724881321504068,4.912005148714005,4.444195134550767,4.748271465301514,4800,0.0,0.0
2013-04-30,4.678100318125188,4.912005334031448,4.678100318125188,4.77166223526001,3300,0.0,0.0
2013-05-01,4.701489862737424,4.818442344665527,4.701489862737424,4.818442344665527,1400,0.0,0.0
2013-05-02,4.701490731568227,4.888614558778164,4.6781001416323855,4.748271465301514,29400,0.0,0.0
2013-05-03,4.841834188602838,4.888614925848741,4.678100492896103,4.795053005218506,3700,0.0,0.0
2013-05-06,4.724881676280435,4.865224334156576,4.678100492896103,4.795053005218506,1100,0.0,0.0
2013-05-07,4.8184432351090365,4.8184432351090365,4.6781001416323855,4.748271465301514,14500,0.0,0.0
2013-05-08,4.912005517540908,4.912005517540908,4.70149108458827,4.795053005218506,7600,0.0,0.0
2013-05-09,4.795051517940703,4.912003993988037,4.6313178730191185,4.912003993988037,40100,0.0,0.0
2013-05-10,4.865223407745361,4.91200458222186,4.771661504930709,4.865223407745361,1900,0.0,0.0
2013-05-13,4.771662614138799,5.005567648617548,4.771662614138799,4.888615131378174,14100,0.0,0.0
2013-05-14,4.935396316729303,4.935396316729303,4.771662614138799,4.888615131378174,5000,0.0,0.0
2013-05-15,4.888613409550913,4.958785162862287,4.888613409550913,4.912003993988037,1600,0.0,0.0
2013-05-16,4.912005517540908,4.912005517540908,4.7716624135263395,4.795053005218506,1500,0.0,0.0
2013-05-17,4.84183392597234,5.1693008534849385,4.84183392597234,5.145910263061523,26900,0.0,0.0
2013-05-20,5.216080194377228,5.262861362723417,5.005565829095948,5.028956413269043,10200,0.0,0.0
2013-05-21,5.052348613739014,5.169301125880479,4.982176838771077,5.052348613739014,2300,0.0,0.0
2013-05-22,5.122520553588021,5.122520553588021,4.982177433050305,5.005568027496338,2800,0.0,0.0
2013-05-23,4.982175301161122,4.982175301161122,4.912003993988037,4.912003993988037,1500,0.0,0.0
2013-05-24,4.91200483386904,5.122519237521469,4.91200483386904,4.9587860107421875,2400,0.0,0.0
2013-05-28,5.028956413269043,5.169299472169325,4.958785106888045,5.028956413269043,3400,0.0,0.0
2013-05-29,5.075739205394992,5.1225199425685215,5.052348613739014,5.052348613739014,3600,0.0,0.0
2013-05-30,5.0991299591419885,5.0991299591419885,5.005568027496338,5.005568027496338,2500,0.0,0.0
2013-05-31,4.958786307457027,4.958786307457027,4.93539571762085,4.93539571762085,200,0.0,0.0
2013-06-03,4.912005879240695,4.935396472655247,4.77166276489184,4.841834545135498,9400,0.0,0.0
2013-06-04,4.888615131378174,4.888615131378174,4.771662614138799,4.888615131378174,3200,0.0,0.0
2013-06-05,4.841832686814953,4.912003993988037,4.841832686814953,4.912003993988037,12700,0.0,0.0
2013-06-06,4.818442344665527,4.912004240980348,4.818442344665527,4.818442344665527,1500,0.0,0.0
2013-06-07,4.818442102377828,4.912003993988037,4.771660933503578,4.912003993988037,13900,0.0,0.0
2013-06-10,4.912005127784672,4.93539571762085,4.888614537948495,4.93539571762085,2100,0.0,0.0
2013-06-11,4.795052092168958,4.91200458222186,4.771661504930709,4.865223407745361,500,0.0,0.0
2013-06-12,4.865223407745361,4.91200458222186,4.865223407745361,4.865223407745361,800,0.0,0.0
2013-06-13,4.888615285826142,4.912005879240695,4.841834545135498,4.841834545135498,4400,0.0,0.0
2013-06-14,4.912004240980348,4.912004240980348,4.771661173438961,4.818442344665527,1800,0.0,0.0
2013-06-17,4.888613655367064,4.888613655367064,4.818442344665527,4.818442344665527,600,0.0,0.0
2013-06-18,4.841832686814953,4.912003993988037,4.795051517940703,4.912003993988037,4400,0.0,0.0
2013-06-19,4.818443416896627,4.8886147432131395,4.77166223526001,4.77166223526001,3700,0.0,0.0
2013-06-20,4.771661173438961,4.841832930278811,4.771661173438961,4.818442344665527,200,0.0,0.0
2013-06-21,4.771662614138799,4.888615131378174,4.771662614138799,4.888615131378174,5600,0.0,0.0
2013-06-24,4.795051759052244,4.865223069753781,4.771661173438961,4.818442344665527,5400,0.0,0.0
2013-06-25,4.865224334156576,4.865224334156576,4.7716624135263395,4.795053005218506,2300,0.0,0.0
2013-06-26,4.795052826078318,4.818443416896627,4.748271644441702,4.77166223526001,5100,0.0,0.0
2013-06-27,4.795052092168958,4.8886139949836105,4.795052092168958,4.865223407745361,4600,0.0,0.0
2013-06-28,4.841833804414534,4.93539571762085,4.841833804414534,4.93539571762085,4100,0.0,0.0
2013-07-01,4.888613409550913,4.982175301161122,4.865222825113787,4.912003993988037,2900,0.0,0.0
2013-07-02,4.865223338634778,4.982175827026367,4.841833197867131,4.982175827026367,3500,0.0,0.0
2013-07-03,4.841833197867131,4.982175827026367,4.818442610961145,4.982175827026367,3700,0.0,0.0
2013-07-05,5.005565829095948,5.028956413269043,4.8652227701956665,5.028956413269043,4200,0.0,0.0
2013-07-08,4.818442102377828,4.912003993988037,4.818442102377828,4.912003993988037,2300,0.0,0.0
2013-07-09,4.888615285826142,4.912005879240695,4.818443951720945,4.841834545135498,2400,0.0,0.0
2013-07-10,4.9120057240537385,4.9120057240537385,4.8418343921654925,4.888615131378174,7300,0.0,0.0
2013-07-11,4.888614660680766,5.1459102630615225,4.84183392597234,5.145910263061523,16400,0.0,0.0
2013-07-12,5.0991286490848955,5.145909825958042,4.9587860107421875,4.9587860107421875,7900,0.0,0.0
2013-07-15,5.052348220663342,5.052348220663342,4.865223948112319,4.93539571762085,7900,0.0,0.0
2013-07-16,4.8652236569958935,4.9587860107421875,4.8652236569958935,4.9587860107421875,1100,0.0,0.0
2013-07-17,4.8652236569958935,4.9587860107421875,4.8652236569958935,4.9587860107421875,7300,0.0,0.0
2013-07-18,5.099128387851164,5.099128387851164,4.865223407745361,4.865223407745361,400,0.0,0.0
2013-07-19,4.912005879240695,4.912005879240695,4.841834545135498,4.841834545135498,6200,0.0,0.0
2013-07-22,4.841833266645456,4.865223407745361,4.841833266645456,4.865223407745361,2000,0.0,0.0
2013-07-23,4.888615131378174,4.888615131378174,4.818443799489928,4.888615131378174,3600,0.0,0.0
2013-07-24,4.8886139255407635,4.982175827026367,4.841833197867131,4.982175827026367,9200,0.0,0.0
2013-07-25,4.93539571762085,4.98217645115481,4.865223948112319,4.93539571762085,11700,0.0,0.0
2013-07-26,4.888614245432467,5.005566741476968,4.888614245432467,4.9587860107421875,3800,0.0,0.0
2013-07-29,4.865222825113787,4.912003993988037,4.865222825113787,4.912003993988037,8000,0.0,0.0
2013-07-30,4.865222825113787,4.9353945784251625,4.865222825113787,4.912003993988037,13600,0.0,0.0
2013-07-31,4.958785469897309,5.122518678818535,4.865223126355674,5.075737953186035,11200,0.0,0.0
2013-08-01,5.122520446777344,5.145911040735655,5.028958517082572,5.122520446777344,7400,0.0,0.0
2013-08-02,5.122520446777344,5.122520446777344,4.9353965873878,5.122520446777344,4800,0.0,0.0
2013-08-05,5.122519124130889,5.262862205505371,5.028957218594021,5.262862205505371,13300,0.0,0.0
2013-08-06,5.309643122467762,6.993758678436279,5.309643122467762,6.993758678436279,161900,0.0,0.0
2013-08-07,6.759853944213437,6.759853944213437,5.286252724375387,5.8242340087890625,63400,0.0,0.0
2013-08-08,5.730673487369831,6.081531047821045,5.496768447069021,6.081531047821045,21300,0.0,0.0
2013-08-09,5.894408107028843,6.10492258667876,5.847626913267294,6.0113606452941895,7900,0.0,0.0
2013-08-12,6.0113580513945575,6.338824928007938,5.9645768778190735,6.17509126663208,23900,0.0,0.0
2013-08-13,6.17509126663208,6.338824928007938,6.17509126663208,6.17509126663208,6400,0.0,0.0
2013-08-14,6.268654477768512,6.315435661121076,5.847625612149145,5.894406795501709,15200,0.0,0.0
2013-08-15,5.847624740973917,6.128310906996009,5.847624740973917,6.034748554229736,16600,0.0,0.0
2013-08-16,6.12831223433659,6.2218741612292225,6.058140454563272,6.081531047821045,6300,0.0,0.0
2013-08-19,6.151701088787086,6.151701088787086,5.847624778747559,5.847624778747559,10200,0.0,0.0
2013-08-20,5.871015964675352,5.871015964675352,5.613720358993788,5.800844192504883,13300,0.0,0.0
2013-08-21,5.800844723783125,5.871016502380371,5.660502058865535,5.871016502380371,10900,0.0,0.0
2013-08-22,5.847625040850988,5.871015630242069,5.66050121799911,5.754063129425049,9700,0.0,0.0
2013-08-23,5.7306731921154075,5.777454376220704,5.543549347971095,5.777454376220703,8400,0.0,0.0
2013-08-26,5.847624778747559,5.871015367090222,5.660500964282983,5.847624778747559,3200,0.0,0.0
2013-08-27,5.894406646863471,5.894406646863471,5.613720446102957,5.683891773223877,3800,0.0,0.0
2013-08-28,5.683892205592833,6.0347497601637095,5.637111465999786,5.871016502380371,6100,0.0,0.0
2013-08-29,5.941187532715845,6.0113593077446925,5.847625612149145,5.894406795501709,7000,0.0,0.0
2013-08-30,5.98796871606841,6.0581400449588285,5.894406795501709,5.894406795501709,5800,0.0,0.0
2013-09-03,6.081531989797986,6.081531989797986,5.894408107028843,6.0113606452941895,7300,0.0,0.0
2013-09-04,6.128309960694188,6.33882432963504,6.034747622375326,6.221871852874756,21200,0.0,0.0
2013-09-05,6.292042866691092,6.502557225802726,6.245262145854213,6.4323859214782715,31600,0.0,0.0
2013-09-06,6.502557225802726,6.5493383927778765,6.4323859214782715,6.4323859214782715,18800,0.0,0.0
2013-09-09,6.549338864419859,6.73646265351939,6.502557694075824,6.619510173797607,31000,0.0,0.0
2013-09-10,6.666293144226074,6.713074327202329,6.666293144226074,6.666293144226074,5500,0.0,0.0
2013-09-11,6.5025591222040635,6.5025591222040635,6.081530281192268,6.362216472625732,22500,0.0,0.0
2013-09-12,6.338826031506612,6.666292965127287,6.338826031506612,6.642902374267578,8000,0.0,0.0
2013-09-13,6.642902769229339,6.642902769229339,6.4791695157532505,6.502559661865234,6300,0.0,0.0
2013-09-16,6.549339733761681,6.549339733761681,6.455777826792759,6.47916841506958,8000,0.0,0.0
2013-09-17,6.502559275247743,6.666292965127287,6.479169130526447,6.642902374267578,8900,0.0,0.0
2013-09-18,6.713072592279013,6.713072592279013,6.549338940315795,6.6896820068359375,7200,0.0,0.0
2013-09-19,6.713074327202329,6.713074327202329,6.57273122441199,6.666293144226074,8400,0.0,0.0
2013-09-20,6.759855270385742,6.759855270385742,6.596122017247719,6.759855270385742,18600,0.0,0.0
2013-09-23,6.783245534378596,6.806636125448964,6.619511843024435,6.713074207305908,11100,0.0,0.0
2013-09-24,6.806635723833633,7.180883820462326,6.7832451341433915,7.110712051391602,71100,0.0,0.0
2013-09-25,7.13410140826546,7.13410140826546,6.596120169048308,6.946977615356445,55800,0.0,0.0
2013-09-26,6.853416041982241,6.853416041982241,6.689682816344225,6.73646354675293,13200,0.0,0.0
2013-09-27,6.7364637932322795,6.970368792249212,6.713073650241291,6.830026149749756,11200,0.0,0.0
2013-09-30,6.876806148962157,7.063930395915627,6.830025421827538,6.923587322235107,21300,0.0,0.0
2013-10-01,6.946980913869523,7.368009870893756,6.946980913869523,7.344619274139404,24800,0.0,0.0
2013-10-02,7.297836872387802,7.297836872387802,7.063931850146378,7.18088436126709,99100,0.0,0.0
2013-10-03,7.204273846953397,7.251055025573742,6.946978702956648,7.1574931144714355,11800,0.0,0.0
2013-10-04,7.157494166466691,7.251056091320557,7.017151056116668,7.040541648864746,17400,0.0,0.0
2013-10-07,7.040541648864747,7.157494166466691,6.993760463368589,7.040541648864746,18600,0.0,0.0
2013-10-08,7.110713391058984,7.227665915405804,6.9001989364624015,6.900198936462402,14300,0.0,0.0
2013-10-09,7.017149222642677,7.22766361009429,6.900196735598632,6.923587322235107,9400,0.0,0.0
2013-10-10,6.923587322235107,7.180882882959672,6.876806148962157,6.923587322235107,12000,0.0,0.0
2013-10-11,6.970368792249212,7.017149970507949,6.619511293723813,6.830026149749756,21200,0.0,0.0
2013-10-14,6.689683207655544,7.157493215937213,6.689683207655544,6.853416442871094,19600,0.0,0.0
2013-10-15,7.063930998919538,7.157492907313906,6.806635416231248,6.876806735992432,12800,0.0,0.0
2013-10-16,6.853417748268284,7.017151460809222,6.572731957519,6.900198936462402,28200,0.0,0.0
2013-10-17,6.94698012465652,6.94698012465652,6.596122551616059,6.900198936462402,21300,0.0,0.0
2013-10-18,6.876807421271376,7.063931702845556,6.876807421271376,6.970369338989258,9800,0.0,0.0
2013-10-21,6.99375981150118,7.157493499338155,6.90019789536794,7.017150402069092,12100,0.0,0.0
2013-10-22,7.040540410286353,7.157492907313906,6.876806735992432,6.876806735992432,13800,0.0,0.0
2013-10-23,6.923586717582487,6.94697730217621,6.736462486971002,6.783243656158447,11800,0.0,0.0
2013-10-24,6.689682065502815,6.970367754866337,6.689682065502815,6.946977615356445,12000,0.0,0.0
2013-10-25,6.99375802522536,6.99375802522536,6.783243656158446,6.783243656158447,4300,0.0,0.0
2013-10-28,6.713074327202329,6.8300268385045415,6.596121815900117,6.666293144226074,6700,0.0,0.0
2013-10-29,6.642901570033401,6.830025828118137,6.2218727700848735,6.40899658203125,21600,0.0,0.0
2013-10-30,6.408997913525317,6.52595043182373,6.315435988114277,6.5259504318237305,6900,0.0,0.0
2013-10-31,6.432389104556196,6.876808626188744,6.198484046208699,6.806637287139893,31000,0.0,0.0
2013-11-01,6.853417748268284,6.9001989364624015,6.666293887768761,6.900198936462402,26900,0.0,0.0
2013-11-04,6.9937592330199845,6.9937592330199845,6.830026004864433,6.876806735992432,7000,0.0,0.0
2013-11-05,6.993758678436279,7.017149265214662,6.900196777461084,6.993758678436279,17600,0.0,0.0
2013-11-06,6.993759371190307,7.157493048718989,6.993759371190307,7.0873212814331055,37300,0.0,0.0
2013-11-07,7.063932418823242,7.063932418823242,6.806636784416589,7.063932418823242,23400,0.0,0.0
2013-11-08,7.017151460809222,7.06393264900334,6.8066370062126405,6.900198936462402,14200,0.0,0.0
2013-11-11,6.900199221251192,6.900199221251192,6.759856097014995,6.806637287139893,25200,0.0,0.0
2013-11-12,6.783245876593443,6.806636468843867,6.408997739001979,6.502559661865234,13900,0.0,0.0
2013-11-13,6.52594986610745,6.759854882427706,6.432387948807031,6.642902374267578,10800,0.0,0.0
2013-11-14,6.783245862587871,6.900198377460076,6.549340832843462,6.759855270385742,10600,0.0,0.0
2013-11-15,6.830027046992129,6.900198377460076,6.455778910173386,6.759855270385742,7700,0.0,0.0
2013-11-18,6.853418031126296,6.876808626188744,6.759856097014995,6.806637287139893,10500,0.0,0.0
2013-11-19,6.806636654195301,6.806636654195301,6.52595043182373,6.5259504318237305,8100,0.0,0.0
2013-11-20,6.525949542092663,6.7598545467994855,6.525949542092663,6.596121311187744,3500,0.0,0.0
2013-11-21,6.596122210485849,6.689684135896888,6.52595043182373,6.5259504318237305,9000,0.0,0.0
2013-11-22,6.549341024711103,6.61951235723477,6.52595043182373,6.5259504318237305,7100,0.0,0.0
2013-11-25,6.642901640730605,6.642901640730605,6.432387238515937,6.47916841506958,16800,0.0,0.0
2013-11-26,6.432385157054609,6.479166318470294,6.432385157054609,6.455775737762451,2900,0.0,0.0
2013-11-27,6.4089971438404705,6.4089971438404705,6.128311401316145,6.292044639587402,16400,0.0,0.0
2013-11-29,6.385605305710552,6.385605305710552,6.0815290325389295,6.128310203552246,11800,0.0,0.0
2013-12-02,6.128310906996009,6.128310906996009,5.847624740973917,6.034748554229736,31200,0.0,0.0
2013-12-03,6.081530281192268,6.525949712513253,5.917796595166346,6.362216472625732,54600,0.0,0.0
2013-12-04,6.362213861069302,6.502556453039917,6.268651538237932,6.455775737762451,21600,0.0,0.0
2013-12-05,6.455779176030001,6.455779176030001,6.221874136653105,6.338826656341553,12200,0.0,0.0
2013-12-06,6.385606450040892,6.6896832238427955,6.315435127084202,6.596121311187744,67700,0.0,0.0
2013-12-09,6.642902044446075,6.642902044446075,6.455778219135973,6.596121311187744,14200,0.0,0.0
2013-12-10,6.455778333791191,6.642902162424629,6.4323877436774115,6.54934024810791,13800,0.0,0.0
2013-12-11,6.61951235723477,6.666293543009515,6.198483469815865,6.5259504318237305,14000,0.0,0.0
2013-12-12,6.38560521435404,6.853415133241173,6.38560521435404,6.619510173797607,16500,0.0,0.0
2013-12-13,6.666293543009515,6.666293543009515,6.268654802339532,6.5259504318237305,22200,0.0,0.0
2013-12-16,6.502559275247743,6.783245473287415,6.385606767087615,6.642902374267578,12200,0.0,0.0
2013-12-17,6.549340515951748,6.736464352237859,6.432388006738323,6.713074207305908,10700,0.0,0.0
2013-12-18,6.66629222807069,6.83002589984707,6.549339732841379,6.73646354675293,9400,0.0,0.0
2013-12-19,6.666291421392862,6.759853317026854,6.642900835949787,6.6896820068359375,4200,0.0,0.0
2013-12-20,6.689684757966143,6.806637287139892,6.572732228792394,6.806637287139893,9000,0.0,0.0
2013-12-23,6.946980569306325,7.4849620372804555,6.830028037473817,7.22766637802124,46000,0.0,0.0
2013-12-24,7.227664767934816,7.227664767934816,7.1341028525390335,7.2042741775512695,3200,0.0,0.0
2013-12-26,7.1341029087702434,7.227664824903483,6.90019789536794,7.017150402069092,11300,0.0,0.0
2013-12-27,7.0873216717719405,7.2042741775512695,7.017150346759705,7.2042741775512695,16000,0.0,0.0
2013-12-30,7.1341044417829345,7.227666378021239,7.04054250554463,7.22766637802124,13500,0.0,0.0
2013-12-31,7.22766673650617,7.368009870893756,7.087323602118584,7.344619274139404,38100,0.0,0.0
2014-01-02,7.391397771296513,7.391397771296513,6.946978379640299,7.368007183074951,34900,0.0,0.0
2014-01-03,7.368009870893756,7.368009870893756,7.040542854748406,7.344619274139404,27000,0.0,0.0
2014-01-06,7.368006928877479,7.57852176947037,7.227663850528334,7.461568832397461,55100,0.0,0.0
2014-01-07,7.4849606756284865,7.4849606756284865,7.344617573732768,7.4381794929504395,11800,0.0,0.0
2014-01-08,7.484962573785964,7.484962573785964,7.274448090625941,7.2978386878967285,9000,0.0,0.0
2014-01-09,7.297836137152377,7.297836137152377,7.06393113847619,7.0873212814331055,9700,0.0,0.0
2014-01-10,7.063933101138832,7.251056973615442,7.063933101138832,7.22766637802124,13600,0.0,0.0
2014-01-13,7.1341044417829345,7.368009505447949,7.1341044417829345,7.22766637802124,16100,0.0,0.0
2014-01-14,7.297834687690532,7.344615410451373,7.227662934341835,7.274444103240967,7500,0.0,0.0
2014-01-15,7.251055538654327,7.6019130647182465,7.204274356723772,7.484960556030273,65900,0.0,0.0
2014-01-16,7.531740252124404,8.022940334800856,7.438177906720958,7.859206676483154,133900,0.0,0.0
2014-01-17,7.859206918887752,7.859206918887752,7.648692973652017,7.695474147796631,88600,0.0,0.0
2014-01-21,7.789036389741409,7.9995512484952735,7.555131387693459,7.742255210876465,73600,0.0,0.0
2014-01-22,7.789038441589573,7.789038441589573,7.017151909950427,7.22766637802124,60700,0.0,0.0
2014-01-23,7.297836994961681,7.297836994961681,6.94697945570657,7.134103298187256,43700,0.0,0.0
2014-01-24,7.063932151815215,7.087322298127506,6.50255971755136,6.5727314949035645,39200,0.0,0.0
2014-01-27,6.52594914548486,6.572730322038503,6.432387238515937,6.47916841506958,35200,0.0,0.0
2014-01-28,6.5025593338110115,6.830026716519332,6.5025593338110115,6.713074207305908,20400,0.0,0.0
2014-01-29,6.736464321625345,7.040541111881481,6.54934048618958,6.970369338989258,21500,0.0,0.0
2014-01-30,7.040541111881481,7.087321847671215,6.876807421271376,6.970369338989258,7900,0.0,0.0
2014-01-31,6.876807785257947,6.9469795618643335,6.6662933477156665,6.759855270385742,13400,0.0,0.0
2014-02-03,6.806635312529992,6.806635312529992,6.432387238515937,6.47916841506958,17400,0.0,0.0
2014-02-04,6.47916892390497,6.5961214283354686,6.455778333791191,6.54934024810791,15800,0.0,0.0
2014-02-05,6.525947809290301,6.525947809290301,6.4323859214782715,6.4323859214782715,10300,0.0,0.0
2014-02-06,6.479169571239069,6.596122087354298,6.432388386337601,6.5727314949035645,5700,0.0,0.0
2014-02-07,6.572730422176143,6.9703686443868,6.525949244909773,6.876806735992432,29600,0.0,0.0
2014-02-10,6.759854943308228,6.830026716519332,6.572731107022116,6.713074207305908,9100,0.0,0.0
2014-02-11,6.736464352237859,6.876807452521652,6.596121698092484,6.713074207305908,9900,0.0,0.0
2014-02-12,6.6896832238427955,6.6896832238427955,6.596121311187745,6.596121311187744,6700,0.0,0.0
2014-02-13,6.596121815900117,6.666293144226074,6.549340632923863,6.666293144226074,5800,0.0,0.0
2014-02-14,6.6896820068359375,6.806634487913006,6.596120111201945,6.6896820068359375,5300,0.0,0.0
2014-02-18,6.68968361623554,6.713074207305908,6.549340515951748,6.713074207305908,9600,0.0,0.0
2014-02-19,6.736464678183614,6.783245862587871,6.619512163311409,6.759855270385742,7200,0.0,0.0
2014-02-20,6.783246412115582,6.923589530559461,6.783246412115582,6.900198936462402,5700,0.0,0.0
2014-02-21,6.853416830307301,7.180884211527513,6.783245503553493,6.970369338989258,11300,0.0,0.0
2014-02-24,6.970369601412832,7.134103298187257,6.689683837691803,7.134103298187256,5600,0.0,0.0
2014-02-25,7.110712706342563,7.134103298187257,6.830026942621533,7.134103298187256,9200,0.0,0.0
2014-02-26,7.063931318149509,7.227664553704418,6.9703689593885425,7.110712051391602,3200,0.0,0.0
2014-02-27,7.017151232153502,7.063932418823242,7.017151232153502,7.063932418823242,2300,0.0,0.0
2014-02-28,7.017151232153502,7.063932418823242,6.8534175249478695,7.063932418823242,6600,0.0,0.0
2014-03-03,6.94698041137609,7.063932940549838,6.736465501952547,6.806637287139893,13900,0.0,0.0
2014-03-04,6.853416442871094,6.9469788014381395,6.666292618013783,6.853416442871094,7000,0.0,0.0
2014-03-05,6.783244971491018,6.99375938137858,6.759854382361649,6.830026149749756,3100,0.0,0.0
2014-03-06,6.830027046992129,6.923588969662204,6.736464678183614,6.759855270385742,7200,0.0,0.0
2014-03-07,6.759855270385742,6.759855270385742,6.6662933477156665,6.759855270385742,2400,0.0,0.0
2014-03-10,6.666293144226074,6.783245655528287,6.642902552737947,6.666293144226074,7300,0.0,0.0
2014-03-11,6.666292752538408,6.736464076741347,6.52594965799413,6.54934024810791,7700,0.0,0.0
2014-03-12,6.572730721489385,6.596121311187745,6.479168808834333,6.596121311187744,4400,0.0,0.0
2014-03-13,6.57273122441199,6.666293144226074,6.455778713109778,6.666293144226074,3900,0.0,0.0
2014-03-14,6.66629222807069,6.736463546752931,6.525949144567845,6.73646354675293,2500,0.0,0.0
2014-03-17,6.68968361623554,6.783245534378596,6.549340515951748,6.713074207305908,9100,0.0,0.0
2014-03-18,6.642902434094804,6.713074207305908,6.549340515951748,6.713074207305908,3800,0.0,0.0
2014-03-19,6.713072592279013,6.713072592279013,6.666291421392862,6.6896820068359375,1500,0.0,0.0
2014-03-20,6.689683735714202,6.689683735714202,6.619511961249819,6.666293144226074,4900,0.0,0.0
2014-03-21,6.596121698092484,6.713074207305908,6.572731107022116,6.713074207305908,10600,0.0,0.0
2014-03-24,6.713072514485677,6.713072514485677,6.432386384698075,6.619510173797607,7300,0.0,0.0
2014-03-25,6.6195122336665895,6.970369782012277,6.572731494903564,6.5727314949035645,4300,0.0,0.0
2014-03-26,6.549337614455602,6.596118775871287,6.432385157054609,6.455775737762451,10900,0.0,0.0
2014-03-27,6.432385157054609,6.596118775871287,6.432385157054609,6.455775737762451,4200,0.0,0.0
2014-03-28,6.572729449591876,6.713072514485677,6.502557694075824,6.619510173797607,2100,0.0,0.0
2014-03-31,6.689682816344225,6.7832447233,6.408996649338534,6.73646354675293,16300,0.0,0.0
2014-04-01,6.713073813541156,6.783245136497846,6.596121311187745,6.596121311187744,14200,0.0,0.0
2014-04-02,6.713074207305908,6.713074207305908,6.642902434094804,6.713074207305908,4600,0.0,0.0
2014-04-03,6.642902044446075,6.666292634144435,6.572730721489385,6.596121311187744,6700,0.0,0.0
2014-04-04,6.642902372873019,6.642902372873019,6.362216621030686,6.38560676574707,20400,0.0,0.0
2014-04-07,6.292045470010791,6.43238858286462,5.964578504110829,6.338826656341553,19600,0.0,0.0
2014-04-08,6.151702381455904,6.175092974713677,6.081531047821045,6.081531047821045,21100,0.0,0.0
2014-04-09,6.151701368731811,6.408996959933097,6.128311225463102,6.268653869628906,16100,0.0,0.0
2014-04-10,6.292043409822231,6.292043409822231,5.987967136650608,6.128310203552246,12900,0.0,0.0
2014-04-11,6.0815287915347565,6.221871852874756,5.987966899354189,6.221871852874756,6100,0.0,0.0
2014-04-14,6.245264754486995,6.268654901606309,5.987969120928413,6.081531047821045,5000,0.0,0.0
2014-04-15,6.19848356797145,6.19848356797145,6.058140454563272,6.081531047821045,12800,0.0,0.0
2014-04-16,6.24526395965193,6.432387789621934,5.987968358839372,6.104920864105225,6300,0.0,0.0
2014-04-17,6.1750910827648555,6.292043567082896,6.011357872402593,6.151700496673584,7500,0.0,0.0
2014-04-21,6.081530423049938,6.525949864737443,6.081530423049938,6.38560676574707,4200,0.0,0.0
2014-04-22,6.385606767087615,6.642902374267578,6.385606767087615,6.642902374267578,5000,0.0,0.0
2014-04-23,6.7130746034695274,6.7130746034695274,6.385607201436131,6.5727314949035645,5300,0.0,0.0
2014-04-24,6.666290864077482,6.666290864077482,6.408995337990697,6.4323859214782715,900,0.0,0.0
2014-04-25,6.385607396533858,6.385607396533858,6.175092950322344,6.338826656341553,6400,0.0,0.0
2014-04-28,6.3388260002904175,6.385606735641044,6.245264083450753,6.315435409545898,3000,0.0,0.0
2014-04-29,6.26865356671655,6.479168415069581,6.26865356671655,6.47916841506958,1200,0.0,0.0
2014-04-30,6.362213861069302,6.502556453039917,6.315432699653616,6.455775737762451,5000,0.0,0.0
2014-05-01,6.3622158521138354,6.455777758087024,6.315434676058062,6.40899658203125,4300,0.0,0.0
2014-05-02,6.362216409822282,6.525949648093539,6.2686540495091085,6.292044639587402,13700,0.0,0.0
2014-05-05,6.3388260002904175,6.408997326385563,6.245264083450753,6.315435409545898,14300,0.0,0.0
2014-05-06,6.502559243225227,6.502559243225227,6.268654228056861,6.315435409545898,9500,0.0,0.0
2014-05-07,6.245264172420372,6.268654317359695,6.104921072092352,6.198482990264893,13100,0.0,0.0
2014-05-08,6.19848356797145,6.19848356797145,6.058140454563272,6.081531047821045,16000,0.0,0.0
2014-05-09,6.011359714186185,6.292045494864082,5.871016600778009,6.081531047821045,27200,0.0,0.0
2014-05-12,6.081530394377532,6.315435409545898,5.94118729604883,6.315435409545898,8000,0.0,0.0
2014-05-13,6.362215919823837,6.502558557208038,6.315434743270193,6.47916841506958,3800,0.0,0.0
2014-05-14,6.572731695718448,6.572731695718448,6.245264729818486,6.338826656341553,9200,0.0,0.0
2014-05-15,6.338825637850194,6.408996959933097,6.0815300466489095,6.268653869628906,22400,0.0,0.0
2014-05-16,6.1984825475460035,6.268653869628906,6.104920636056005,6.268653869628906,4400,0.0,0.0
2014-05-19,6.362214617153818,6.4323859214782715,6.081528507579457,6.4323859214782715,4600,0.0,0.0
2014-05-20,6.315435409545898,6.315435409545898,6.151701720472677,6.315435409545898,3600,0.0,0.0
2014-05-21,6.315436088121855,6.315436088121855,5.987969120928413,6.081531047821045,16600,0.0,0.0
2014-05-22,6.104919603244234,6.104919603244234,5.917795365782962,5.94118595123291,16000,0.0,0.0
2014-05-23,6.034747622375326,6.315433745055325,6.011357483933904,6.221871852874756,15300,0.0,0.0
2014-05-27,6.292044459036002,6.292044459036002,6.175091958138908,6.268653869628906,2100,0.0,0.0
2014-05-28,6.034749212888494,6.362216591034936,6.034749212888494,6.315435409545898,4000,0.0,0.0
2014-05-29,6.268654228056861,6.362216591034936,6.221873492706234,6.315435409545898,3600,0.0,0.0
2014-05-30,6.292045470010791,6.338826656341554,6.221874136653105,6.338826656341553,6100,0.0,0.0
2014-06-02,6.315433450178667,6.455776504965847,6.151699811903911,6.4323859214782715,6100,0.0,0.0
2014-06-03,6.432387797414898,6.455778387724087,6.315435292007354,6.362216472625732,3400,0.0,0.0
2014-06-04,6.2686540495091085,6.338825819743988,6.245263905569213,6.292044639587402,3500,0.0,0.0
2014-06-05,6.268654228056861,6.3388260002904175,6.1049209851220505,6.315435409545898,5600,0.0,0.0
2014-06-06,6.26865487684541,6.385607396533858,6.198483543487725,6.338826656341553,6900,0.0,0.0
2014-06-09,6.221874136653105,6.408997989699239,6.221874136653105,6.338826656341553,2700,0.0,0.0
2014-06-10,6.408997356601867,6.408997356601867,6.31543543932109,6.38560676574707,2500,0.0,0.0
2014-06-11,6.292044818801379,6.408997326385563,6.058139803633013,6.315435409545898,7600,0.0,0.0
2014-06-12,6.3388259697333655,6.432387886122004,6.175092281449442,6.245264053344727,24700,0.0,0.0
2014-06-13,6.198482225432351,6.385606038688172,5.964577235793395,6.034748554229736,19600,0.0,0.0
2014-06-16,6.104919376114473,6.245262437454471,5.987966899354189,6.221871852874756,5700,0.0,0.0
2014-06-17,6.221873376909,6.362216472625733,6.221873376909,6.362216472625732,3100,0.0,0.0
2014-06-18,6.315435292007354,6.408997207105709,6.221873376909,6.362216472625732,4400,0.0,0.0
2014-06-19,6.268654111388976,6.432387797414898,6.198482786599811,6.362216472625732,2100,0.0,0.0
2014-06-20,6.362216591034936,6.47916909861912,6.175092311217196,6.315435409545898,14500,0.0,0.0
2014-06-23,6.26865487684541,6.385607396533858,6.175092950322344,6.338826656341553,1900,0.0,0.0
2014-06-24,6.43238858286462,6.43238858286462,6.198483543487725,6.338826656341553,5000,0.0,0.0
2014-06-25,6.24526411289511,6.38560676574707,6.24526411289511,6.38560676574707,3500,0.0,0.0
2014-06-26,6.292044088030175,6.432387170059137,6.292044088030175,6.40899658203125,1900,0.0,0.0
2014-06-27,6.338825829360692,6.549340248107909,6.2452639150439735,6.54934024810791,7000,0.0,0.0
2014-06-30,6.502558488004439,6.502558488004439,6.3622158521138354,6.40899658203125,1500,0.0,0.0
2014-07-01,6.432386476723868,6.596120129132164,6.128310203552246,6.128310203552246,6800,0.0,0.0
2014-07-02,6.128311410613475,6.642902162424629,6.104920820499696,6.54934024810791,10300,0.0,0.0
2014-07-03,6.198482931185514,6.455778538311463,6.151701749475919,6.38560676574707,3300,0.0,0.0
2014-07-07,6.385607396533858,6.43238858286462,6.338826656341554,6.338826656341553,2600,0.0,0.0
2014-07-08,6.315435409545898,6.385606735641044,6.198482901961715,6.315435409545898,4100,0.0,0.0
2014-07-09,6.268654228056861,6.502559243225227,6.12831157586657,6.315435409545898,6300,0.0,0.0
2014-07-10,6.315435292007354,6.479168978033276,6.268654111388976,6.362216472625732,4000,0.0,0.0
2014-07-11,6.432387549340192,6.525949460830191,6.2218731369531,6.268653869628906,2100,0.0,0.0
2014-07-14,6.268652575895894,6.268652575895894,6.221871852874756,6.221871852874756,800,0.0,0.0
2014-07-15,6.245264172420372,6.245264172420372,6.198482990264893,6.198482990264893,1200,0.0,0.0
2014-07-16,6.2452626849472255,6.2452626849472255,6.128310203552246,6.128310203552246,2200,0.0,0.0
2014-07-17,6.151702381455904,6.151702381455904,6.081531047821045,6.081531047821045,2900,0.0,0.0
2014-07-18,6.151700679844338,6.17509126663208,6.128310539194931,6.17509126663208,100,0.0,0.0
2014-07-21,6.128313502670301,6.292046797084515,6.011360958315056,6.058141708374023,11500,0.0,0.0
2014-07-22,6.1049208641052255,6.128311454386076,6.081530273824374,6.104920864105225,1300,0.0,0.0
2014-07-23,6.151701196988864,6.338825460883119,5.987967967987061,5.9879679679870605,47000,0.0,0.0
2014-07-24,6.011358854692577,6.058139588381035,5.68389148818139,5.964577674865723,10300,0.0,0.0
2014-07-25,5.98796871606841,6.0113593077446925,5.894406795501709,5.894406795501709,2600,0.0,0.0
2014-07-28,5.754062159909949,5.9879671221328055,5.7306715744600005,5.94118595123291,13700,0.0,0.0
2014-07-29,5.94118595123291,6.24526266980561,5.7306715744600005,5.94118595123291,69700,0.0,0.0
2014-07-30,5.871015964675352,5.894406555398842,5.800844192504884,5.800844192504883,3000,0.0,0.0
2014-07-31,5.800843862068826,5.800843862068826,5.730672540033968,5.754063129425049,5100,0.0,0.0
2014-08-01,5.777453056044968,5.777453056044968,5.683890709213821,5.7306718826293945,5700,0.0,0.0
2014-08-04,5.660499572753906,5.660499572753906,5.28625158968833,5.660499572753906,7000,0.0,0.0
2014-08-05,5.613719940185547,5.637110529163996,5.613719940185547,5.613719940185547,5000,0.0,0.0
2014-08-06,5.660501778689192,5.660501778689192,5.59033000356522,5.637111186981201,4300,0.0,0.0
2014-08-07,5.61372059527321,5.683891924258754,5.61372059527321,5.637111186981201,3300,0.0,0.0
2014-08-08,5.660499572753906,5.683889709208172,5.660499572753906,5.660499572753906,1800,0.0,0.0
2014-08-11,5.730672104474295,5.8476245964023414,5.613719612546248,5.8242340087890625,6200,0.0,0.0
2014-08-12,5.871015367090222,6.221872853815076,5.730672283172607,5.847624778747559,4600,0.0,0.0
2014-08-13,5.824234581523556,6.151701501896349,5.824234581523556,5.964577674865723,7300,0.0,0.0
2014-08-14,6.315437395183275,6.315437395183275,5.6371127271505586,6.058141708374023,10600,0.0,0.0
2014-08-15,6.034748998467609,6.058139588381035,5.613720164579504,5.964577674865723,11300,0.0,0.0
2014-08-18,5.847626913267294,6.034750796036436,5.637112433617377,6.0113606452941895,16900,0.0,0.0
2014-08-19,6.081529730612873,6.1049203188044405,6.034748554229736,6.034748554229736,3000,0.0,0.0
2014-08-20,6.058140454563272,6.175092974713677,6.0347498613054995,6.081531047821045,8600,0.0,0.0
2014-08-21,6.081530178294463,6.104920768207889,5.87101576135041,5.964577674865723,14900,0.0,0.0
2014-08-22,5.96457727432251,6.034748593212135,5.8008436020622325,5.847624778747559,7100,0.0,0.0
2014-08-25,5.847625909514623,5.941187834839166,5.73067339132433,5.871016502380371,8700,0.0,0.0
2014-08-26,5.800844821004691,6.175092974713677,5.800844821004691,6.081531047821045,9700,0.0,0.0
2014-08-27,6.151701750767359,6.876807390587834,6.151701750767359,6.642902374267578,30200,0.0,0.0
2014-08-28,6.73646265351939,6.759853238691408,6.151700254910474,6.619510173797607,18500,0.0,0.0
2014-08-29,6.6195122336665895,6.666293418568059,6.54934090245283,6.5727314949035645,1900,0.0,0.0
2014-09-02,6.549340393142404,6.549340393142404,6.175092281449442,6.245264053344727,13400,0.0,0.0
2014-09-03,6.1750915940291,6.4791683461149105,6.128310864111685,6.40899658203125,26200,0.0,0.0
2014-09-04,6.31543543932109,6.596121637301836,6.31543543932109,6.38560676574707,22400,0.0,0.0
2014-09-05,6.38560676574707,6.455778538311463,6.31543543932109,6.38560676574707,8300,0.0,0.0
2014-09-08,6.362213861069302,6.479166318470294,6.338823280361459,6.455775737762451,3800,0.0,0.0
2014-09-09,6.432387170059137,6.4791683461149105,6.315434676058062,6.40899658203125,5800,0.0,0.0
2014-09-10,6.338823280361459,6.455775737762452,6.338823280361459,6.455775737762451,8100,0.0,0.0
2014-09-11,6.40899658203125,6.4791683461149105,6.338825264085949,6.40899658203125,8100,0.0,0.0
2014-09-12,6.455776504965847,6.455776504965847,6.362214617153818,6.4323859214782715,3000,0.0,0.0
2014-09-15,6.43238858286462,6.43238858286462,6.338826656341554,6.338826656341553,1000,0.0,0.0
2014-09-16,6.362216591034936,6.4323879171300815,6.315435409545898,6.315435409545898,5600,0.0,0.0
2014-09-17,6.338825882316544,6.479168978033276,6.338825882316544,6.362216472625732,13500,0.0,0.0
2014-09-18,6.385605994003363,6.525949076032326,6.338825264085949,6.40899658203125,2500,0.0,0.0
2014-09-19,6.385606563449852,6.5961214283354686,6.338825829360692,6.54934024810791,8500,0.0,0.0
2014-09-22,6.549338940315795,6.736462731583779,6.525948354872719,6.6896820068359375,21800,0.0,0.0
2014-09-23,6.713075353028591,6.806637287139892,6.596122823854842,6.806637287139893,15000,0.0,0.0
2014-09-24,6.71307340556107,6.759854135976349,6.455777826792759,6.47916841506958,2600,0.0,0.0
2014-09-25,6.502559449947608,6.806636247016414,6.502559449947608,6.666293144226074,20500,0.0,0.0
2014-09-26,6.713072348515573,6.876805548395042,6.689681763921851,6.783243656158447,29100,0.0,0.0
2014-09-29,6.736464692092595,6.853417207206275,6.4791695157532505,6.502559661865234,10700,0.0,0.0
2014-09-30,6.525947809290301,6.596119559753028,6.315433450178667,6.4323859214782715,13300,0.0,0.0
2014-10-01,6.362215325356713,6.408996051400936,6.151700496673583,6.151700496673584,19800,0.0,0.0
2014-10-02,6.104919952407189,6.198481853419822,6.104919952407189,6.17509126663208,12900,0.0,0.0
2014-10-03,6.198483301025043,6.619512176978915,6.175092708774619,6.502559661865234,19900,0.0,0.0
2014-10-06,6.5493411025530675,6.666293622241515,6.26865487684541,6.338826656341553,5500,0.0,0.0
2014-10-07,6.338826090592914,6.432388008765455,6.175092399187153,6.198482990264893,12500,0.0,0.0
2014-10-08,6.175091958138908,6.338825637850194,6.175091958138908,6.268653869628906,7200,0.0,0.0
2014-10-09,6.1984812682950405,6.315433745055325,6.1984812682950405,6.221871852874756,9300,0.0,0.0
2014-10-10,6.17509126663208,6.315434341220196,6.17509126663208,6.17509126663208,8200,0.0,0.0
2014-10-13,6.221873581342632,6.408997417687715,6.151701808109413,6.198482990264893,7200,0.0,0.0
2014-10-14,6.4323866374922085,6.4323866374922085,6.128310356720633,6.151700496673584,6600,0.0,0.0
2014-10-15,6.104922904571542,6.245266047025547,6.058141708374023,6.058141708374023,5800,0.0,0.0
2014-10-16,5.987968366093913,6.432387797414898,5.987968366093913,6.362216472625732,4100,0.0,0.0
2014-10-17,6.408997356601867,6.432387947456665,6.292044848466292,6.38560676574707,6700,0.0,0.0
2014-10-20,6.362214617153818,6.4323859214782715,6.198480978879062,6.4323859214782715,4400,0.0,0.0
2014-10-21,6.3622158521138354,6.502558488004439,6.151701006001213,6.40899658203125,9500,0.0,0.0
2014-10-22,6.338824563604734,6.713072592279013,6.081529016007523,6.6896820068359375,27900,0.0,0.0
2014-10-23,6.539984217873242,6.745820887602653,6.240586074468172,6.666293144226074,19200,0.0,0.2
2014-10-24,6.661615691362068,6.787924632023812,6.465135414425005,6.769212245941162,31200,0.0,0.0
2014-10-27,6.750497677426749,6.830025404101365,6.722428884308159,6.731785297393799,42300,0.0,0.0
2014-10-28,6.680328310522435,6.78792486885559,6.605478763580322,6.605478763580322,37000,0.0,0.0
2014-10-29,6.572730242186586,6.783244641843719,6.572730242186586,6.661613941192627,16600,0.0,0.0
2014-10-30,6.694362935177949,6.6990406972579635,6.460457877914601,6.605478763580322,12400,0.0,0.0
2014-10-31,6.591444442647717,6.661615779855194,6.460457738329135,6.521272659301758,7900,0.0,0.0
2014-11-03,6.73646265351939,6.78792203012549,6.605476001149718,6.619510173797607,25500,0.0,0.0
2014-11-04,6.619510965535963,6.731785698562805,6.460455948846457,6.469811916351318,16900,0.0,0.0
2014-11-05,6.670971626285894,6.74582116521749,6.525950310002095,6.5727314949035645,11400,0.0,0.0
2014-11-06,6.502559379799243,6.521271763560195,6.123633497105375,6.203161239624023,57000,0.0,0.0
2014-11-07,6.2031602297313,6.2031602297313,6.062817151303221,6.072173118591309,41400,0.0,0.0
2014-11-10,6.067495021646388,6.4838455809974,5.997323263253359,6.404317855834961,123600,0.0,0.0
2014-11-11,6.31075707707223,6.338825874636932,6.086208481108224,6.104920864105225,95800,0.0,0.0
2014-11-12,5.9832911398367115,6.24526499120426,5.899085179372414,5.917797565460205,157700,0.0,0.0
2014-11-13,5.964576806832415,6.109598086279794,5.917795633813692,6.039426326751709,569300,0.0,0.0
2014-11-14,6.081531213195361,6.390285803406201,5.973935105877602,6.235908508300781,102800,0.0,0.0
2014-11-17,6.31543483618573,6.31543483618573,6.175091750598374,6.301400661468506,46500,0.0,0.0
2014-11-18,6.245263711671895,6.3715721803517305,6.114276589755582,6.137667179107666,36000,0.0,0.0
2014-11-19,6.161057782950004,6.357538020148194,6.128311225463102,6.268653869628906,57100,0.0,0.0
2014-11-20,6.3481812982826895,6.79260113706476,6.3341471237739135,6.73646354675293,104200,0.0,0.0
2014-11-21,6.797279476253429,6.797279476253429,6.511915524219411,6.554018497467041,131700,0.0,0.0
2014-11-24,6.56337370545764,6.67564843648931,6.507236563010981,6.582086086273193,37500,0.0,0.0
2014-11-25,6.58208762895175,6.605478221987956,6.507238088146655,6.530628681182861,34200,0.0,0.0
2014-11-26,6.563374809361369,6.713074327202329,6.525950041435736,6.666293144226074,35500,0.0,0.0
2014-11-28,6.661614555736457,6.689683353144697,6.544662051122523,6.68032693862915,37000,0.0,0.0
2014-12-01,6.614834579748087,6.68968411989791,6.572731601879199,6.652259349822998,44100,0.0,0.0
2014-12-02,6.647578965231689,6.670969550403706,6.530626485509906,6.619510173797607,34200,0.0,0.0
2014-12-03,6.666293401843757,6.699039963509565,6.539984470609738,6.6382246017456055,60600,0.0,0.0
2014-12-04,6.554017348746586,6.638222834344775,6.530626762582186,6.591442108154297,21400,0.0,0.0
2014-12-05,6.582087436818407,6.642902798481939,6.525950282853248,6.633546829223633,21300,0.0,0.0
2014-12-08,6.689684486786619,6.689684486786619,6.507238388061524,6.507238388061523,35300,0.0,0.0
2014-12-09,6.5072360652128065,6.596120201890884,6.254618720458679,6.3247904777526855,25400,0.0,0.0
2014-12-10,6.324792165418651,6.423031848794922,6.268654566148731,6.296723365783691,52300,0.0,0.0
2014-12-11,6.348182284884874,6.582087311695824,6.231229771479399,6.35753870010376,26300,0.0,0.0
2014-12-12,6.278008988183097,6.4043174310922915,6.221871852874756,6.221871852874756,24400,0.0,0.0
2014-12-15,6.535305971418677,6.535305971418677,6.058139546575761,6.086208343505859,111800,0.0,0.0
2014-12-16,6.081529876865002,6.1283110543731585,5.987967967987061,5.9879679679870605,68400,0.0,0.0
2014-12-17,5.987967586694227,6.287365676039014,5.987967586694227,6.254619121551514,67300,0.0,0.0
2014-12-18,6.263977620283008,6.301402393910364,6.08620972248382,6.278011798858643,72500,0.0,0.0
2014-12-19,6.268653815747191,6.31543499415928,6.128311172787691,6.259297847747803,317400,0.0,0.0
2014-12-22,6.292044088030175,6.497880727309549,6.292044088030175,6.40899658203125,40500,0.0,0.0
2014-12-23,6.441744652520001,6.497881805418017,6.198483210490165,6.35753870010376,26900,0.0,0.0
2014-12-24,6.362215644513555,6.362215644513555,6.114276044101973,6.254619121551514,6300,0.0,0.0
2014-12-26,6.193804694585129,6.502559243225227,6.193804694585129,6.315435409545898,6800,0.0,0.0
2014-12-29,6.596122551616059,7.368009033849684,6.549341363421941,6.900198936462402,279100,0.0,0.0
2014-12-30,6.900198090983785,7.012472393526571,6.787923788440998,6.848739147186279,168400,0.0,0.0
2014-12-31,6.932942669342138,6.951655047750605,6.8300248111647175,6.904874324798584,297600,0.0,0.0
2015-01-02,6.904875531579927,6.9656908835708595,6.876806735992432,6.876806735992432,34200,0.0,0.0
2015-01-05,6.844060968049026,6.961013478549921,6.815992169227905,6.918910503387451,52900,0.0,0.0
2015-01-06,6.91890970630449,6.928266120213112,6.806635416231248,6.876806735992432,23100,0.0,0.0
2015-01-07,6.867450249333643,6.87680621639698,6.811313108538614,6.872128009796143,27500,0.0,0.0
2015-01-08,6.88148521947184,6.914231777191162,6.811313896890898,6.914231777191162,48300,0.0,0.0
2015-01-09,6.8908400513554895,6.8908400513554895,6.806634567371069,6.825346946716309,20500,0.0,0.0
2015-01-12,6.815991601864766,6.830026223176295,6.689683133029695,6.778566837310791,37000,0.0,0.0
2015-01-13,6.769209483857531,6.783243656158446,6.717750108523683,6.783243656158447,31500,0.0,0.0
2015-01-14,6.614832250132574,6.801956034605766,6.614832250132574,6.783243656158447,21300,0.0,0.0
2015-01-15,6.7083958095145295,6.7738889272871035,6.6756492506282425,6.755176544189453,18800,0.0,0.0
2015-01-16,6.6803280774447185,6.77856821591325,6.605478533114118,6.769212245941162,19300,0.0,0.0
2015-01-20,6.675650202804745,6.694362588571423,6.619512599366242,6.624190807342529,26700,0.0,0.0
2015-01-21,6.5867643205133355,6.685004431739759,6.5867643205133355,6.647579669952393,14000,0.0,0.0
2015-01-22,6.6803269272185615,6.694361548967909,6.66161454435783,6.675649166107178,26100,0.0,0.0
2015-01-23,6.685004431739759,6.694360845255776,6.619510875542693,6.647579669952393,37500,0.0,0.0
2015-01-26,6.596120111201945,6.722428558773258,6.591441904885668,6.6896820068359375,26800,0.0,0.0
2015-01-27,6.656936168670654,6.731786144358082,6.596121260515849,6.656936168670654,44600,0.0,0.0
2015-01-28,6.689683353144697,6.727108118930084,6.577409055788536,6.68032693862915,32400,0.0,0.0
2015-01-29,6.689683353144697,6.689683353144697,6.605477407058377,6.68032693862915,19400,0.0,0.0
2015-01-30,6.6475803687468815,6.736464075800755,6.6429021614970996,6.675649166107178,14300,0.0,0.0
2015-02-02,6.759854455033803,6.84406039834944,6.736463865652972,6.778566837310791,143900,0.0,0.0
2015-02-03,6.77856651641762,6.801957104691155,6.713073404617759,6.73646354675293,125200,0.0,0.0
2015-02-04,6.736462486971002,6.797277828459363,6.722428314670086,6.783243656158447,81700,0.0,0.0
2015-02-05,6.820670631655902,6.84406122385803,6.750499301187954,6.759855270385742,61700,0.0,0.0
2015-02-06,6.750499045217283,6.820670373024419,6.745820837726561,6.787923812866211,40600,0.0,0.0
2015-02-09,6.815991384001499,6.932943881029052,6.783244827598064,6.876806735992432,63000,0.0,0.0
2015-02-10,6.965689994647347,7.017148926162747,6.918908823350936,6.946977615356445,109500,0.0,0.0
2015-02-11,6.9282666932771155,7.040540992637004,6.9282666932771155,7.017150402069092,66800,0.0,0.0
2015-02-12,7.040541376946913,7.218309250372781,7.021828992698844,7.134103298187256,94500,0.0,0.0
2015-02-13,7.1574929941870655,7.1715271690819655,7.068608845529817,7.077965259552002,76900,0.0,0.0
2015-02-17,7.176207143392309,7.709510382119975,7.176207143392309,7.32122802734375,160800,0.0,0.0
2015-02-18,7.456891083996215,7.5317410575509145,7.358650967727694,7.5223846435546875,62300,0.0,0.0
2015-02-19,7.531741858306534,7.531741858306534,7.410111140254349,7.4381794929504395,27600,0.0,0.0
2015-02-20,7.466248527359237,7.55513224188587,7.442857935282197,7.531742095947266,23600,0.0,0.0
2015-02-23,7.555129611038777,7.770322626302296,7.531739473245086,7.751609802246094,89800,0.0,0.0
2015-02-24,7.751610322114584,7.756288528442383,7.7095073574410184,7.756288528442383,73500,0.0,0.0
2015-02-25,7.7562893971019,7.7562893971019,7.718864634564776,7.7469329833984375,33400,0.0,0.0
2015-02-26,7.72354327469655,7.742255210876465,7.545774973465115,7.742255210876465,66900,0.0,0.0
2015-02-27,7.742254706401962,7.948091344629627,7.732899185059983,7.798392295837402,98600,0.0,0.0
2015-03-02,7.821782907977299,7.896632436874555,7.821782907977299,7.863885879516602,71300,0.0,0.0
2015-03-03,7.915346707279933,8.219423085357215,7.877921936013143,8.121183395385742,118800,0.0,0.0
2015-03-04,8.121182030084674,8.139893966433826,7.971482970184329,8.135215759277344,50700,0.0,0.0
2015-03-05,8.125860396293007,8.139894125760367,8.07440100884123,8.09311294555664,65300,0.0,0.0
2015-03-06,8.13989475805763,8.177319526672363,8.069723428439618,8.177319526672363,71200,0.0,0.0
2015-03-09,8.186675619828907,8.35508751810826,8.177319204974093,8.26152515411377,122000,0.0,0.0
2015-03-10,8.242811531867897,8.24748884606244,8.102468014562074,8.167961120605469,56200,0.0,0.0
2015-03-11,8.167961098158809,8.397188753234039,8.167961098158809,8.289591789245605,116400,0.0,0.0
2015-03-12,8.289594051438145,8.345731651981227,8.289594051438145,8.33637523651123,71100,0.0,0.0
2015-03-13,8.355090241526465,8.425261591256913,8.327020987812588,8.373802185058594,82100,0.0,0.0
2015-03-16,8.420578489657858,8.785470545429277,8.411222077189631,8.66851806640625,189600,0.0,0.0
2015-03-17,8.673198587685963,8.673198587685963,8.467361919826173,8.593670845031738,73000,0.0,0.0
2015-03-18,8.560921238212089,8.79014888579858,8.523496480044694,8.748045921325684,128800,0.0,0.0
2015-03-19,8.74804882806041,8.925816265353587,8.729335996620648,8.888391494750977,208900,0.0,0.0
2015-03-20,8.888389111648863,9.000663393354385,8.822896003723145,8.822896003723145,158600,0.0,0.0
2015-03-23,8.888390106469384,8.977274257371574,8.846287134582914,8.893068313598633,216300,0.0,0.0
2015-03-24,8.8930680233826,8.986629486083984,8.888389816406018,8.986629486083984,230200,0.0,0.0
2015-03-25,9.052124514767947,9.33281071915549,8.981953186740274,9.187788963317871,383000,0.0,0.0
2015-03-26,9.240290692704223,9.25460874189794,8.471857160366152,8.720046997070312,252700,0.39,0.0
2015-03-27,8.653224533334845,9.049373239067911,8.653224533334845,8.85368537902832,126300,0.0,0.0
2015-03-30,8.405036559767717,8.629361447609467,7.946839901391218,8.209348678588867,401000,0.0,0.0
2015-03-31,8.11389034372775,8.161619292526355,7.8895654678344735,7.889565467834473,228400,0.0,0.0
2015-04-01,7.870474312540777,8.25707710686204,7.837064318141344,8.252305030822754,78900,0.0,0.0
2015-04-02,8.252304723346565,8.572086606600001,8.23321277848449,8.242758750915527,86700,0.0,0.0
2015-04-06,8.185483520989624,8.37639841071032,8.123436523213151,8.2332124710083,67600,0.0,0.0
2015-04-07,8.233212133188845,8.567313859256934,8.113890218215094,8.467082977294922,91600,0.0,0.0
2015-04-08,8.438446432595287,8.581632374227526,8.409809426339642,8.481402397155762,35100,0.0,0.0
2015-04-09,8.447994880946014,8.519587872746381,8.366855914144457,8.438448905944824,35100,0.0,0.0
2015-04-10,8.486174611392578,8.486174611392578,8.347760758097444,8.457536697387695,27600,0.0,0.0
2015-04-13,8.457537749396746,8.457537749396746,8.185483904987885,8.276168823242188,45700,0.0,0.0
2015-04-14,8.242759212459816,8.328671148441629,8.218894280045932,8.319125175476074,43300,0.0,0.0
2015-04-15,8.323899421852408,8.328672409057617,8.257078511333699,8.328672409057617,26500,0.0,0.0
2015-04-16,8.328672145836553,8.352536170754172,8.152075266241905,8.22844123840332,67900,0.0,0.0
2015-04-17,8.233212699082276,8.233212699082276,8.16161972724802,8.209348678588867,18900,0.0,0.0
2015-04-20,8.190258252322613,8.37640019567179,8.152075266241905,8.22844123840332,36600,0.0,0.0
2015-04-21,8.214121743069487,8.352535627582265,8.118664739252457,8.18071174621582,46100,0.0,0.0
2015-04-22,8.22366641827993,8.22366641827993,8.132982415523237,8.19980239868164,52300,0.0,0.0
2015-04-23,8.123436595982865,8.261849550887522,8.11866360990284,8.204575538635254,43100,0.0,0.0
2015-04-24,8.247531839882827,8.247531839882827,8.113890955245445,8.12343692779541,23000,0.0,0.0
2015-04-27,8.113889707587742,8.209347597700924,8.113889707587742,8.175936698913574,57800,0.0,0.0
2015-04-28,8.190254432794976,8.209346372108898,8.128207450732278,8.166390419006348,21300,0.0,0.0
2015-04-29,8.161619042625988,8.252303951531264,8.132982038365252,8.218893051147461,28600,0.0,0.0
2015-04-30,8.16162021608072,8.304806168325227,8.090027239958468,8.132983207702637,106900,0.0,0.0
2015-05-01,8.137756125544035,8.295261053446366,8.023207169829083,8.03752613067627,33300,0.0,0.0
2015-05-04,8.027979561138913,8.03752553432877,7.880020618112582,7.942067623138428,55200,0.0,0.0
2015-05-05,7.965932324433521,7.989796346359996,7.875247402475568,7.903884410858154,22900,0.0,0.0
2015-05-06,7.999340298550383,8.280940055847168,7.999340298550383,8.280940055847168,78200,0.0,0.0
2015-05-07,8.233213768619363,8.419355701640038,8.11389182994372,8.366854667663574,65600,0.0,0.0
2015-05-08,8.400265335503192,8.634136244736927,8.395492348332601,8.543451309204102,89100,0.0,0.0
2015-05-11,8.963464548866176,8.963464548866176,8.595952751559198,8.834596633911133,177900,0.0,0.0
2015-05-12,8.786865055081348,8.9968718638251,8.758228052637984,8.963461875915527,192100,0.0,0.0
2015-05-13,8.977781577163876,8.977781577163876,8.605497745701738,8.648453712463379,117000,0.0,0.0
2015-05-14,8.64845299382667,8.734364009857178,8.643680007877089,8.686635971069336,29000,0.0,0.0
2015-05-15,8.667545354072292,8.743911320247491,8.57208744117623,8.576860427856445,45400,0.0,0.0
2015-05-18,8.543450967425635,8.653226936895054,8.495722007983309,8.562542915344238,40100,0.0,0.0
2015-05-19,8.59595115360879,8.615042187263837,8.4957202682693,8.567314147949219,35600,0.0,0.0
2015-05-20,8.60072439941024,8.657998412459435,8.486175462957824,8.514812469482422,33900,0.0,0.0
2015-05-21,8.548222487853733,8.55299547401452,8.405036544446231,8.424127578735352,36500,0.0,0.0
2015-05-22,8.447992509539286,8.452764585346047,8.400263558285443,8.424127578735352,38300,0.0,0.0
2015-05-26,8.424127705492008,8.543449630245023,8.419354719259402,8.519585609436035,31400,0.0,0.0
2015-05-27,8.52435878136176,8.543449816354018,8.447992820684611,8.495720863342285,54300,0.0,0.0
2015-05-28,8.54345070354038,8.54345070354038,8.400264739990234,8.400264739990234,57900,0.0,0.0
2015-05-29,8.400265263951512,8.567316172082482,8.400265263951512,8.510041236877441,39300,0.0,0.0
2015-06-01,8.510039428234954,8.529131372697085,8.352534527838447,8.390717506408691,76800,0.0,0.0
2015-06-02,8.447993967489708,8.447993967489708,8.1616211208986,8.347763061523438,62500,0.0,0.0
2015-06-03,8.357307593192388,8.53867651553216,8.3525346070316,8.424127578735352,73000,0.0,0.0
2015-06-04,8.385945704467522,8.529132577090781,8.295260776174873,8.366854667663574,46700,0.0,0.0
2015-06-05,8.352533716247681,8.490947569086813,8.32866969834283,8.486174583435059,43300,0.0,0.0
2015-06-08,8.443220557363608,8.443220557363608,7.970705793828275,8.118664741516113,105500,0.0,0.0
2015-06-09,8.08048171789318,8.419355581944338,8.08048171789318,8.333443641662598,46900,0.0,0.0
2015-06-10,8.352536310205133,8.447994232177734,8.333444361668928,8.447994232177734,92100,0.0,0.0
2015-06-11,8.44799217859746,8.543449167011683,8.44799217859746,8.505266189575195,42400,0.0,0.0
2015-06-12,8.50526736660125,8.514813339869917,8.261850510374945,8.266623497009277,26600,0.0,0.0
2015-06-15,8.195029326599123,8.433673161490939,8.132982330083005,8.381171226501465,42600,0.0,0.0
2015-06-16,8.385946079254442,8.572088020594222,8.385946079254442,8.471858024597168,47900,0.0,0.0
2015-06-17,8.538676984324498,8.567314902861506,8.476629981535803,8.500494003295898,32700,0.0,0.0
2015-06-18,8.581632374227526,8.624588338788001,8.457537466647711,8.481402397155762,65600,0.0,0.0
2015-06-19,8.743911788242258,8.743911788242258,8.552996862586042,8.591179847717285,194000,0.0,0.0
2015-06-22,8.739137495805181,8.820276440882354,8.662771536950672,8.73436450958252,125800,0.0,0.0
2015-06-23,8.75823074904929,8.75823074904929,8.552996862586042,8.591179847717285,104900,0.0,0.0
2015-06-24,8.67231868622872,8.710501670837402,8.595952717011356,8.710501670837402,71200,0.0,0.0
2015-06-25,8.930956089084752,8.935855244722006,8.759489379454457,8.818278312683105,96000,0.47,0.0
2015-06-26,8.82807754641994,8.82807754641994,8.720297979975065,8.749692916870117,66200,0.0,0.0
2015-06-29,8.769289926566707,8.877069509229218,8.622318957650632,8.63211727142334,79100,0.0,0.0
2015-06-30,8.651713512296684,8.749694787389757,8.632117817929284,8.681107521057129,72600,0.0,0.0
2015-07-01,8.700703933309141,8.81828089984348,8.646814139907235,8.79378604888916,75900,0.0,0.0
2015-07-02,8.793784759706138,8.94565486907959,8.671308654052396,8.94565486907959,67500,0.0,0.0
2015-07-06,8.955452702609636,8.955452702609636,8.803581666943872,8.8231782913208,50000,0.0,0.0
2015-07-07,8.818278101300791,8.901561876300923,8.573325931820214,8.720296859741211,67900,0.0,0.0
2015-07-08,8.588027823872254,8.720301353395616,8.588027823872254,8.627220153808594,35800,0.0,0.0
2015-07-09,8.637017535478538,8.715403129770069,8.592926981916653,8.627220153808594,42800,0.0,0.0
2015-07-10,8.710500827794917,8.940755566261393,8.705601671518798,8.916260719299316,47900,0.0,0.0
2015-07-13,8.940755886123634,9.053433681249945,8.916261038285235,9.043635368347168,75300,0.0,0.0
2015-07-14,8.979946750854145,9.043633905584027,8.867268973952907,8.88686466217041,51300,0.0,0.0
2015-07-15,8.97015022124704,9.220001602971534,8.911362210499268,9.171010971069336,73300,0.0,0.0
2015-07-16,9.146515154879133,9.234698096092059,9.00934158694586,9.136716842651367,51700,0.0,0.0
2015-07-17,9.166110616565563,9.220000398057262,9.063231143992455,9.21510124206543,40400,0.0,0.0
2015-07-20,9.24449701699242,9.25919355188323,9.195506387046454,9.254294395446777,58000,0.0,0.0
2015-07-21,9.254293555581633,9.28368849153263,9.19550555251656,9.21510124206543,51200,0.0,0.0
2015-07-22,9.195506550316608,9.288587721006243,9.161213389071104,9.283689498901367,45500,0.0,0.0
2015-07-23,9.308185191764927,9.709906718955168,9.24449802001811,9.357175827026367,162600,0.0,0.0
2015-07-24,9.460055230012156,9.636421141506377,9.4159637521386,9.499247550964355,51600,0.0,0.0
2015-07-27,9.4600553305607,9.4600553305607,9.308185202059063,9.39146900177002,57500,0.0,0.0
2015-07-28,9.445358026279445,9.553136667677945,9.357175076763138,9.489449501037598,46900,0.0,0.0
2015-07-29,9.479652988648114,9.479652988648114,9.063233944839315,9.146517753601074,85900,0.0,0.0
2015-07-30,9.455156173587271,9.4600553305607,9.205305708873045,9.39146900177002,57100,0.0,0.0
2015-07-31,9.381669707308058,9.391468020230851,9.278790224874378,9.322881698608398,19900,0.0,0.0
2015-08-03,9.504143064505275,9.60212429653433,9.371868681591536,9.52863883972168,57600,0.0,0.0
2015-08-04,9.49924740785073,9.67561331668786,9.440459394517436,9.469853401184082,36400,0.0,0.0
2015-08-05,9.509047340088985,9.592331151835817,9.4061678320352,9.411066055297852,25200,0.0,0.0
2015-08-06,9.376770488755522,9.435559431484442,9.136717430247971,9.220001220703125,42600,0.0,0.0
2015-08-07,9.239596380309417,9.283687846755178,9.038735670686897,9.063230514526367,37300,0.0,0.0
2015-08-10,9.063230514526367,9.112221136623702,9.063230514526367,9.063230514526367,49600,0.0,0.0
2015-08-11,9.004442953772564,9.234698632404937,8.970149793402264,9.082828521728516,128700,0.0,0.0
2015-08-12,9.009341109038575,9.07792835657619,8.940754795919393,9.014240264892578,58300,0.0,0.0
2015-08-13,9.019140437186664,9.117121696472168,8.975048963950039,9.117121696472168,32000,0.0,0.0
2015-08-14,9.068133183400194,9.122022982027364,8.940757890366099,8.970151901245117,58100,0.0,0.0
2015-08-17,8.940754628843747,9.033836719493523,8.891764005637631,8.950552940368652,34900,0.0,0.0
2015-08-18,8.935856477313928,8.935856477313928,8.793784681910092,8.808481216430664,55000,0.0,0.0
2015-08-19,8.51943635301928,8.798681683193701,8.406758576706514,8.607619285583496,151900,0.0,0.0
2015-08-20,8.367568135751272,8.573328046237721,8.205899701398963,8.328375816345215,192500,0.0,0.0
2015-08-21,8.328375029490502,8.352869876398069,8.107917669648348,8.147109985351562,145500,0.0,0.0
2015-08-24,7.652307274372586,7.730691909790038,7.181998994658595,7.730691909790039,206700,0.0,0.0
2015-08-25,7.921754116486073,8.367567041855631,7.921754116486073,8.088321685791016,91200,0.0,0.0
2015-08-26,8.058929120412317,8.35287106272463,8.058929120412317,8.313678741455078,62900,0.0,0.0
2015-08-27,8.313676649031684,8.646811763187255,8.230392870492793,8.426355361938477,52200,0.0,0.0
2015-08-28,8.47044998428203,8.514540533420616,8.396963555407279,8.485146522521973,38300,0.0,0.0
2015-08-31,8.534135580428087,8.754592957316824,8.534135580428087,8.612520217895508,53300,0.0,0.0
2015-09-01,8.852573048190216,8.852573048190216,8.396961771186932,8.411659240722656,45500,0.0,0.0
2015-09-02,8.563529192113286,8.563529192113286,8.323476134104888,8.34797191619873,41800,0.0,0.0
2015-09-03,8.450852709130581,8.450852709130581,8.161808976499575,8.196102142333984,86200,0.0,0.0
2015-09-04,8.093220203006432,8.220595447974047,7.907056024046684,7.936450958251953,61600,0.0,0.0
2015-09-08,8.014836851216407,8.132413803421668,8.014836851216407,8.029533386230469,61700,0.0,0.0
2015-09-09,8.08832335211792,8.171607153928218,7.946250599563255,7.975645542144775,45800,0.0,0.0
2015-09-10,7.897262055204145,8.08832453790125,7.858069727101691,8.01973819732666,50100,0.0,0.0
2015-09-11,8.000139700835556,8.04913033314617,7.902158436214324,7.965846538543701,50300,0.0,0.0
2015-09-14,7.9462501862006185,8.000139977044729,7.8874621729330645,7.990341663360596,26600,0.0,0.0
2015-09-15,7.965846266988237,8.107918067985349,7.960947110482328,8.09812068939209,25400,0.0,0.0
2015-09-16,8.12261588212817,8.33817410544102,7.990341454112197,8.25978946685791,47400,0.0,0.0
2015-09-17,8.31367687431936,8.31367687431936,8.039330687046823,8.137311935424805,57900,0.0,0.0
2015-09-18,8.083422578696672,8.205898678373893,8.02463363970747,8.191201210021973,45100,0.0,0.0
2015-09-21,8.240193622526423,8.240193622526423,8.08342433047273,8.196102142333984,43300,0.0,0.0
2015-09-22,8.205899488908413,8.205899488908413,8.08342337713366,8.161808013916016,35400,0.0,0.0
2015-09-23,8.245091455160342,8.245091455160342,7.83847081881125,7.8776631355285645,90200,0.0,0.0
2015-09-24,7.931552785629041,8.02953310853558,7.667003951502493,8.005038261413574,79800,0.0,0.0
2015-09-25,8.034432402397824,8.117716192224435,7.740490027017963,7.8776631355285645,40600,0.0,0.0
2015-09-28,7.862967079199049,7.9217560320477025,7.569024651002548,7.618015289306641,101200,0.0,0.0
2015-09-29,7.61801335536789,7.711094983864377,7.373061160450654,7.583719730377197,114500,0.0,0.0
2015-09-30,7.667005532375905,8.147111736541897,7.652308527630449,8.049131393432617,186400,0.0,0.0
2015-10-01,8.215697118267155,8.94565457155554,8.20589880588029,8.921158790588379,292200,0.0,0.0
2015-10-02,9.06323077627577,9.303283803625296,8.940754684704476,9.264091491699219,152300,0.0,0.0
2015-10-05,9.357174977915813,9.396367295684755,9.234698868085548,9.283689498901367,155700,0.0,0.0
2015-10-06,9.273891199288768,9.376770683174312,9.210203098810377,9.31798267364502,122700,0.0,0.0
2015-10-07,9.32778130152328,9.32778130152328,9.063232446457121,9.131818771362305,81600,0.0,0.0
2015-10-08,8.646812587387728,8.862370787873601,8.32347575386817,8.431254386901855,384600,0.0,0.0
2015-10-09,8.24509080023847,8.450850680265143,8.20589848663427,8.303879737854004,978000,0.0,0.0
2015-10-12,8.303880942863234,8.377366424732575,8.249991153430372,8.25978946685791,201300,0.0,0.0
2015-10-13,8.279382705688477,8.485142554596589,8.279382705688477,8.279382705688477,142500,0.0,0.0
2015-10-14,8.396962540955206,8.396962540955206,8.279385577146552,8.313678741455078,140900,0.0,0.0
2015-10-15,8.323475660683663,8.779086903110981,8.323475660683663,8.715399742126465,186600,0.0,0.0
2015-10-16,8.759490689410988,8.935856581053546,8.60762057961797,8.73499584197998,132300,0.0,0.0
2015-10-19,8.803583428619687,8.965251874406738,8.744795412561851,8.79378604888916,284800,0.0,0.0
2015-10-20,8.839140261178603,8.950007119023624,8.698036201127215,8.90969181060791,144100,0.5,0.0
2015-10-21,8.944966615415968,8.970163319996411,8.758507733465622,8.834099769592285,108100,0.0,0.0
2015-10-22,8.788744932917428,8.919769911367412,8.768586800297738,8.818981170654297,66800,0.0,0.0
2015-10-23,8.919770537156031,8.919770537156031,8.44102542697018,8.551892280578613,155600,0.0,0.0
2015-10-26,8.501499812685484,8.667800592176183,8.491420744548389,8.567011833190918,72000,0.0,0.0
2015-10-27,8.501498832544813,8.501498832544813,8.088265737301283,8.158818244934082,141400,0.0,0.0
2015-10-28,8.163857493700934,8.531734774726626,8.113463121775828,8.451104164123535,46200,0.0,0.0
2015-10-29,8.446064944916046,8.561971331819395,8.320079491014301,8.34023666381836,106900,0.0,0.0
2015-10-30,8.395669292097566,8.521654726806343,8.320078223510816,8.360393524169922,69500,0.0,0.0
2015-11-02,8.355354958036255,8.66275976186974,8.355354958036255,8.496459007263184,195100,0.0,0.0
2015-11-03,8.66779994192223,8.718193356441532,8.38055228872125,8.456144332885742,107300,0.0,0.0
2015-11-04,8.592207590208163,8.642601964116418,8.380551988747678,8.597247123718262,131300,0.0,0.0
2015-11-05,8.607327151960863,8.607327151960863,8.244489349448473,8.325119972229004,173300,0.0,0.0
2015-11-06,8.355356216430664,8.385592459678616,8.214252145952148,8.355356216430664,111600,0.0,0.0
2015-11-09,8.441023804974296,8.617403599107792,8.315038375049307,8.365432739257812,124600,0.0,0.0
2015-11-10,8.652680086795232,8.929847671251851,8.54181324525111,8.687955856323242,146000,0.0,0.0
2015-11-11,8.76858838662996,8.76858838662996,8.430947293708572,8.582130432128906,81100,0.0,0.0
2015-11-12,8.587169649921861,8.617405892015162,8.51661713678042,8.572051048278809,102900,0.0,0.0
2015-11-13,8.572051993898867,8.682918867933044,8.516618076285324,8.677879333496094,172900,0.0,0.0
2015-11-16,8.45689881199657,8.892883303038207,8.33147867836225,8.54648494720459,319200,2.69,0.0
2015-11-17,8.63009858295997,8.731629201430067,8.068694489276357,8.122446060180664,233200,0.0,0.0
2015-11-18,8.098556363065581,8.42106521201764,8.098556363065581,8.3314790725708,110300,0.0,0.0
2015-11-19,8.37328744898222,8.498707038204769,8.301618298610407,8.313563346862793,65900,0.0,0.0
2015-11-20,8.313563225761946,8.361342278933007,8.104529440960125,8.200087547302246,71500,0.0,0.0
2015-11-23,8.122445923862802,8.265783064154563,7.859660597090074,8.008970260620117,190100,0.0,0.0
2015-11-24,7.90146690490177,8.1582797014251,7.859660382517469,8.092583656311035,111400,0.0,0.0
2015-11-25,8.146335318571007,8.367313548756515,8.146335318571007,8.212031364440918,62900,0.0,0.0
2015-11-27,8.16425360275005,8.295646284730404,8.128419027820408,8.218005180358887,55900,0.0,0.0
2015-11-30,8.319534968518486,8.474816591956406,8.277727873741457,8.385231018066406,129300,0.0,0.0
2015-12-01,8.409119748488783,8.5405124047508,8.361340704315527,8.522595405578613,80900,0.0,0.0
2015-12-02,8.438980372185615,8.576344958655815,8.349394252270624,8.373284339904785,70900,0.0,0.0
2015-12-03,8.450927050145244,8.498706098730638,8.313562427855036,8.36134147644043,56100,0.0,0.0
2015-12-04,8.38522996294236,8.38522996294236,8.247865357652962,8.265782356262207,34300,0.0,0.0
2015-12-07,8.247865377840583,8.415092027602103,8.22397585644608,8.289671897888184,165100,0.0,0.0
2015-12-08,8.212031140810085,8.39120284325108,8.212031140810085,8.349395751953125,137000,0.0,0.0
2015-12-09,8.289672230853554,8.510650455021361,8.283699707872254,8.349395751953125,90100,0.0,0.0
2015-12-10,8.391203165535359,8.46884425856082,8.271755549177405,8.3314790725708,92500,0.0,0.0
2015-12-11,8.247865553258379,8.373285685639766,8.110500375140129,8.158279418945312,150600,0.0,0.0
2015-12-14,8.086611288339048,8.271755520224199,7.644654824575994,7.740212917327881,143900,0.0,0.0
2015-12-15,7.722297550973885,8.056750946358763,7.722297550973885,8.020916938781738,95100,0.0,0.0
2015-12-16,8.06272325789548,8.229949951171875,8.03286120598902,8.229949951171875,54200,0.0,0.0
2015-12-17,8.182170941870359,8.325508108340284,8.122447407293524,8.223978042602539,54500,0.0,0.0
2015-12-18,8.23592166692941,8.468844965447692,7.913412791057827,8.026887893676758,148600,0.0,0.0
2015-12-21,8.062720483492843,8.206057599835658,7.9373003643001105,7.955217361450195,61300,0.0,0.0
2015-12-22,8.002997241792901,8.170224464682173,7.973135766593009,8.158279418945312,76500,0.0,0.0
2015-12-23,8.164252548325846,8.194114595315284,7.985080835960402,8.074666976928711,41100,0.0,0.0
2015-12-24,8.07466741977962,8.361341719629896,8.044805371152416,8.301617622375488,42000,0.0,0.0
2015-12-28,8.367315583549955,8.444956694588793,8.235922890286435,8.379260063171387,78400,0.0,0.0
2015-12-29,8.468844222351054,8.863021639432523,8.415092652827006,8.653987884521484,237700,0.0,0.0
2015-12-30,8.624126417474372,8.773436089705772,8.528568318377667,8.600236892700195,91600,0.0,0.0
2015-12-31,8.653989396727052,8.785382081904267,8.373287592828756,8.552458763122559,89900,0.0,0.0
2016-01-04,8.415091854212712,8.665932108472093,8.074666038962594,8.421064376831055,331300,0.0,0.0
2016-01-05,8.310422536724857,8.802163029619068,8.304275634013452,8.593173027038574,203300,0.4,0.0
2016-01-06,8.47023986434158,8.697670041496497,8.224369560985194,8.414918899536133,143000,0.0,0.0
2016-01-07,8.187487829947747,8.26739581637889,8.052259470942102,8.144460678100586,111100,0.0,0.0
2016-01-08,8.095287394685467,8.205929322786282,7.867857220634598,7.90473747253418,167500,0.0,0.0
2016-01-11,7.89858990922529,7.923176935348443,7.640425841831716,7.757214069366455,136700,0.0,0.0
2016-01-12,7.812536845581292,7.886297941142433,7.628133813577899,7.849417686462402,84300,0.0,0.0
2016-01-13,7.9170288329225285,7.9170288329225285,7.1671237704675255,7.345379829406738,185900,0.0,0.0
2016-01-14,7.3085014259609045,7.3085014259609045,6.915108382501776,7.136391639709473,216200,0.0,0.0
2016-01-15,6.964281759224458,7.197858801000681,6.786025672895359,7.185564994812012,125800,0.0,0.0
2016-01-19,7.271620240532382,7.283914047331383,6.767585885792827,6.7983198165893555,141600,0.0,0.0
2016-01-20,6.675385232927757,6.76144013660788,6.0791495702189255,6.632358074188232,268500,0.0,0.0
2016-01-21,6.613916902328826,6.663090957749778,6.048414678786897,6.331165790557861,146200,0.0,0.0
2016-01-22,6.435660688667638,6.786025973765551,6.39263295130053,6.693824768066406,96500,0.0,0.0
2016-01-25,6.693823977582902,6.693823977582902,6.497127196478119,6.534008026123047,63700,0.0,0.0
2016-01-26,6.472541496022019,6.669238317359572,6.361900156858228,6.6200642585754395,91200,0.0,0.0
2016-01-27,6.62621057627269,6.681531538955095,6.509422333210629,6.6200642585754395,46100,0.0,0.0
2016-01-28,6.558596288279813,6.761439424106941,6.484835201270041,6.687678337097168,71600,0.0,0.0
2016-01-29,6.7368522325550035,6.822907125090554,6.534009101622132,6.5524492263793945,85200,0.0,0.0
2016-02-01,6.5463019302909915,6.810612909504566,6.429513698894855,6.773732662200928,93000,0.0,0.0
2016-02-02,6.681529690433335,6.75529075820269,6.460246487125269,6.540154457092285,65800,0.0,0.0
2016-02-03,6.638504384069234,6.742999405535772,6.497128525414086,6.6200642585754395,64900,0.0,0.0
2016-02-04,6.6139165893732095,6.829052925109863,6.6139165893732095,6.829052925109863,76200,0.0,0.0
2016-02-05,6.798320517578235,6.798320517578235,6.706118715681533,6.74299955368042,71300,0.0,0.0
2016-02-08,6.620064495742749,6.687678682442991,6.577036753114375,6.6507978439331055,88700,0.0,0.0
2016-02-09,6.54015519332987,6.663090320117834,6.177496129654681,6.306578159332275,82800,0.0,0.0
2016-02-10,6.312726490598323,6.460248676123627,6.2451117159151,6.3004326820373535,55100,0.0,0.0
2016-02-11,6.232817301175358,6.288137670513396,6.146762416314613,6.257404327392578,54300,0.0,0.0
2016-02-12,6.269697189331055,6.312724922404536,6.214376236951516,6.269697189331055,54500,0.0,0.0
2016-02-16,6.3741937748000055,6.478688802764026,6.281992555396954,6.3004326820373535,68900,0.0,0.0
2016-02-17,6.306577534450616,6.638502636990077,6.257403488607797,6.2635498046875,111500,0.0,0.0
2016-02-18,6.220522792028059,6.288136959934571,6.02997350692749,6.02997350692749,154600,0.0,0.0
2016-02-19,5.950067043304443,5.999241102653983,5.839425116667468,5.950067043304443,158600,0.0,0.0
2016-02-22,5.968506434424034,6.042267514370046,5.888598451265617,5.90089225769043,95900,0.0,0.0
2016-02-23,5.864011859476021,5.900892695284485,5.759516841919869,5.784103870391846,107100,0.0,0.0
2016-02-24,5.777957489607144,6.0238283827783095,5.77181117158368,5.999241352081299,125100,0.0,0.0
2016-02-25,5.993093189440275,6.079148071910726,5.771809959631738,5.839424133300781,220800,0.0,0.0
2016-02-26,5.956212523480445,6.275844450505258,5.888598347933324,6.257404327392578,82800,0.0,0.0
2016-02-29,6.245110590557272,6.484834538488854,6.245110590557272,6.454100608825684,115200,0.0,0.0
2016-03-01,6.527862146665707,6.527862146665707,6.288138181901351,6.3618998527526855,77900,0.0,0.0
2016-03-02,6.361900947089073,6.595477462226437,6.232818880196796,6.577037334442139,57500,0.0,0.0
2016-03-03,6.595477388740888,6.915109393179949,6.552450228989894,6.872082233428955,120800,0.0,0.0
2016-03-04,6.816758704099643,7.142536904567816,6.669236566476417,6.730703830718994,142600,0.0,0.0
2016-03-07,6.712265585075586,7.296207982603743,6.712265585075586,7.1179518699646,111100,0.0,0.0
2016-03-08,7.29620770426743,7.683453848579982,7.283914482934226,7.443729877471924,123800,0.0,0.0
2016-03-09,7.665013525221844,7.953910960391308,7.5113444522249395,7.59739875793457,208900,0.0,0.0
2016-03-10,7.646571739383705,7.677305666902472,7.474462565959881,7.591251373291016,128000,0.0,0.0
2016-03-11,7.665013027953357,7.929323417744194,7.665013027953357,7.8801493644714355,68400,0.0,0.0
2016-03-14,7.880149285604397,8.126020135708389,7.880149285604397,7.97235107421875,112400,0.0,0.0
2016-03-15,7.984643405650083,7.990790308113767,7.566664003534579,7.615838050842285,198400,0.0,0.0
2016-03-16,7.566664424527022,7.8186815775509135,7.566664424527022,7.781800746917725,102500,0.0,0.0
2016-03-17,7.837123394012451,7.960058545697928,7.701894434057905,7.837123394012451,197600,0.0,0.0
2016-03-18,7.660153096453353,7.950885006507134,7.584310068101951,7.906643390655518,206200,0.35,0.0
2016-03-21,7.824480416650441,8.052009515005317,7.786558598884539,7.87504243850708,86300,0.0,0.0
2016-03-22,7.818162583324585,7.906646452034749,7.742319525607463,7.830803394317627,129900,0.0,0.0
2016-03-23,7.799200609617002,7.887683860151089,7.407344578367215,7.540070056915283,155400,0.0,0.0
2016-03-24,7.540070211190331,8.007769296501756,7.489508180494336,7.931926250457764,222600,0.0,0.0
2016-03-28,7.976168580037393,8.292181601129588,7.931926949963526,8.064652442932129,211000,0.0,0.0
2016-03-29,8.020409897172785,8.020409897172785,7.761279326427401,7.862403392791748,102100,0.0,0.0
2016-03-30,7.950888912354021,8.096255240165025,7.805523187290122,7.88136625289917,86200,0.0,0.0
2016-03-31,7.976166423184295,8.039369251410717,7.830800762109101,7.900323390960693,100200,0.0,0.0
2016-04-01,7.9003257697894504,7.931927193418013,7.830803120004232,7.868724346160889,64200,0.0,0.0
2016-04-04,7.837123394012451,7.925607264946197,7.773921145700111,7.837123394012451,66700,0.0,0.0
2016-04-05,7.811842035871995,7.900325902974238,7.792881422474026,7.818162441253662,37900,0.0,0.0
2016-04-06,7.7991994057221214,7.969846078801567,7.7991994057221214,7.87504243850708,66500,0.0,0.0
2016-04-07,7.912964256272982,8.045689111586524,7.837120620741178,7.87504243850708,52700,0.0,0.0
2016-04-08,7.93192486378251,7.98880728905794,7.837120620741178,7.87504243850708,43000,0.0,0.0
2016-04-11,7.881364829058497,7.988809303280598,7.849763406743704,7.912966251373291,45000,0.0,0.0
2016-04-12,7.881362783591503,7.931924805073904,7.830800762109101,7.900323390960693,71200,0.0,0.0
2016-04-13,7.868721976847482,7.944565009071083,7.868721976847482,7.900323390960693,108600,0.0,0.0
2016-04-14,7.8940046156562165,7.963527861593193,7.837122179070313,7.856083393096924,96800,0.0,0.0
2016-04-15,7.843443053363377,7.906645898409018,7.710717560965133,7.824482440948486,164400,0.0,0.0
2016-04-18,7.856084404959772,7.856084404959772,7.7486399226246645,7.7676005363464355,75900,0.0,0.0
2016-04-19,7.7991994057221214,7.995127089729886,7.79287900230333,7.87504243850708,71300,0.0,0.0
2016-04-20,7.868723599701033,7.988808877548376,7.742318519925118,7.856083393096924,91000,0.0,0.0
2016-04-21,7.900324839627559,8.020409511981239,7.881364228781599,7.963527679443359,53600,0.0,0.0
2016-04-22,7.976168068197302,8.02040969543213,7.786560147159947,7.856083393096924,54500,0.0,0.0
2016-04-25,7.8687244788129345,7.8687244788129345,7.761279998312722,7.818162441253662,77000,0.0,0.0
2016-04-26,7.837122922532326,7.925606788142896,7.818162309453998,7.868724346160889,60200,0.0,0.0
2016-04-27,7.925605043436654,8.04568970349388,7.8434416011882835,7.9951276779174805,56500,0.0,0.0
2016-04-28,7.995127452774533,8.001447856480322,7.900323808175179,7.925604820251465,38400,0.0,0.0
2016-04-29,7.9698466051750545,8.020408630371094,7.8308013372593885,8.020408630371094,86500,0.0,0.0
2016-05-02,8.007770383474451,8.052012015652055,7.74863979029642,7.818162441253662,92500,0.0,0.0
2016-05-03,7.811840895216803,7.919285360028384,7.79288028458739,7.8940043449401855,82100,0.0,0.0
2016-05-04,7.830800762109101,7.919283998329883,7.79287894462388,7.900323390960693,77000,0.0,0.0
2016-05-05,7.93824783452762,8.443868216617817,7.919286618138957,8.241620063781738,285600,0.0,0.0
2016-05-06,8.228978479928056,8.3743441647908,8.03937056696831,8.184736251831055,84600,0.0,0.0
2016-05-09,8.24161794266393,8.24161794266393,7.906644375053448,8.020408630371094,99500,0.0,0.0
2016-05-10,8.089932596724651,8.216337671115502,7.925605698643076,8.184736251831055,79200,0.0,0.0
2016-05-11,8.178416395540456,8.25426004800493,8.083612734080333,8.191057205200195,102800,0.0,0.0
2016-05-12,8.235299028718371,8.266900450869795,8.033050891344454,8.115214347839355,75600,0.0,0.0
2016-05-13,8.140494201707641,8.247938660020116,8.108892784072165,8.127853393554688,61900,0.0,0.0
2016-05-16,8.12153456031257,8.26057985008782,8.10889375065283,8.191057205200195,52700,0.0,0.0
2016-05-17,8.153134676322347,8.279540351038047,8.06465142731767,8.089932441711426,59800,0.0,0.0
2016-05-18,8.07097353314432,8.241620265591571,8.07097353314432,8.165777206420898,39900,0.0,0.0
2016-05-19,8.102573932265203,8.146816166529442,7.982489245541178,8.04569149017334,41500,0.0,0.0
2016-05-20,8.077292456492595,8.210017946275789,8.03937123240996,8.140495300292969,39600,0.0,0.0
2016-05-23,8.108893287891279,8.247939172478384,8.108893287891279,8.222658157348633,37400,0.0,0.0
2016-05-24,8.216340540504593,8.279543401145796,8.210020133891044,8.247941970825195,33700,0.0,0.0
2016-05-25,8.260581563768612,8.279542782191779,8.210019520134379,8.266901969909668,55400,0.0,0.0
2016-05-26,8.273221347025398,8.27954175238032,8.058332386934293,8.14681625366211,50400,0.0,0.0
2016-05-27,8.153135924546698,8.216338771580741,8.108894293271078,8.197378158569336,30600,0.0,0.0
2016-05-31,8.210019520134379,8.292182991726785,8.203699113993324,8.266901969909668,61200,0.0,0.0
2016-06-01,8.260578986241624,8.349062836365702,8.228978170890878,8.311141014099121,49800,0.0,0.0
2016-06-02,8.323784899005332,8.330105305510344,8.235301016176576,8.298503875732422,74900,0.0,0.0
2016-06-03,8.279540446731223,8.279540446731223,8.191056593956942,8.210017204284668,79100,0.0,0.0
2016-06-06,8.241620063781738,8.254260874707514,8.18473762010983,8.241620063781738,62600,0.0,0.0
2016-06-07,8.247940261519135,8.247940261519135,8.134175377040505,8.172097206115723,104200,0.0,0.0
2016-06-08,8.191057885652503,8.191057885652503,8.127855037597344,8.14681625366211,98200,0.0,0.0
2016-06-09,8.127853195035074,8.159454611898697,7.988807925230156,8.121533393859863,90800,0.0,0.0
2016-06-10,8.115214763876407,8.228979648355038,8.058332321637092,8.172097206115723,115600,0.0,0.0
2016-06-13,8.20369780468988,8.20369780468988,8.00144966243158,8.039371490478516,115200,0.0,0.0
2016-06-14,8.001447796478491,8.058330223910298,7.919284357159977,7.950885772705078,113900,0.0,0.0
2016-06-15,7.963526219187115,8.058329858779906,7.887682584216672,7.900323390960693,208700,0.0,0.0
2016-06-16,8.069385346046314,8.153915646719335,7.822296917950571,7.965348243713379,246000,0.35,0.0
2016-06-17,7.913330213271798,8.173422986219151,7.854809184331121,8.04987907409668,249400,0.0,0.0
2016-06-20,8.108401716669773,8.147415330320833,7.913331788083844,8.03687572479248,126000,0.0,0.0
2016-06-21,8.030371541942618,8.147412969085755,7.952343097033823,8.121403694152832,73000,0.0,0.0
2016-06-22,8.16041902779814,8.186428306272703,7.9913584076584225,8.010865211486816,70400,0.0,0.0
2016-06-23,8.062884682321124,8.12140572054947,7.9458432259746195,8.043377876281738,64800,0.0,0.0
2016-06-24,7.8092918187031675,8.043375275826241,7.692249780086639,7.952342510223389,124000,0.0,0.0
2016-06-27,7.9328372461520695,7.965348998740377,7.809293330448623,7.874316215515137,78400,0.0,0.0
2016-06-28,7.880817187763586,7.99135675342602,7.880817187763586,7.939338207244873,50000,0.0,0.0
2016-06-29,7.997861034856451,8.160419183450646,7.945842476915119,8.13440990447998,116800,0.0,0.0
2016-06-30,8.205933499622928,8.270956993103027,8.088891459402747,8.270956993103027,94600,0.0,0.0
2016-07-01,8.270957463341562,8.498538463240859,8.251450042122459,8.40100383758545,77600,0.0,0.0
2016-07-05,8.335978080678615,8.36848982045376,8.062880458743166,8.127903938293457,53000,0.0,0.0
2016-07-06,8.121404844485392,8.244949382998398,8.082391236615056,8.212437629699707,56900,0.0,0.0
2016-07-07,8.251448653488987,8.283960396606076,8.134407246421361,8.238444328308105,74500,0.0,0.0
2016-07-08,8.270957490099656,8.270957490099656,8.101896892980648,8.121403694152832,136900,0.0,0.0
2016-07-11,8.1214038195706,8.186427317962071,8.00436239062001,8.03037166595459,113300,0.0,0.0
2016-07-12,8.03687572479248,8.121406047850057,7.971852828670643,8.03687572479248,127300,0.0,0.0
2016-07-13,8.062883658586333,8.10840036037928,7.997860773340861,8.088892936706543,95200,0.0,0.0
2016-07-14,8.108399081585603,8.21243617765852,8.036873112952966,8.095394134521484,44800,0.0,0.0
2016-07-15,8.13440990447998,8.179925987651115,8.062883922228055,8.13440990447998,53600,0.0,0.0
2016-07-18,8.134408567005694,8.290464215170738,8.134408567005694,8.186427116394043,76100,0.0,0.0
2016-07-19,8.153916186101316,8.290465046973518,8.075888354190068,8.277460098266602,58900,0.0,0.0
2016-07-20,8.283962133318385,8.41400851294072,8.166920701713309,8.381497383117676,101100,0.0,0.0
2016-07-21,8.374995066683486,8.427013619511142,8.212436934069544,8.251450538635254,62400,0.0,0.0
2016-07-22,8.28396300814461,8.446521154866963,8.264456204168761,8.427014350891113,67400,0.0,0.0
2016-07-25,8.446518808888305,8.544054041897859,8.355486668877989,8.52454662322998,93900,0.0,0.0
2016-07-26,8.5245483930824,8.622083646342059,8.361990257759706,8.387999534606934,44800,0.0,0.0
2016-07-27,8.394503384744192,8.570066497321141,8.374996578939033,8.537554740905762,50100,0.0,0.0
2016-07-28,8.485533714294434,8.615580082077376,8.394500946791375,8.485533714294434,54700,0.0,0.0
2016-07-29,8.511542987851021,8.518045461267668,8.440017020487906,8.485533714294434,58000,0.0,0.0
2016-08-01,8.472530133672432,8.65459569803696,8.453023330386982,8.648093223571777,92100,0.0,0.0
2016-08-02,8.68060382246325,8.817152667539412,8.622082800272032,8.804147720336914,101600,0.0,0.0
2016-08-03,8.83665883387008,8.83665883387008,8.648091453740763,8.79764461517334,77000,0.0,0.0
2016-08-04,8.830159115495062,8.914689432284092,8.791145504737148,8.875675201416016,73200,0.0,0.0
2016-08-05,8.934195476678463,9.096753621247329,8.830158363372005,8.966707229614258,109700,0.0,0.0
2016-08-08,8.986212864745577,9.18128273688294,8.914687513676222,9.142269134521484,113000,0.0,0.0
2016-08-09,8.999217162606731,9.057738182034228,8.739123811830073,8.888677597045898,163900,0.0,0.0
2016-08-10,8.86267077891702,9.064242545991076,8.596075501109953,8.72612190246582,121600,0.0,0.0
2016-08-11,8.7456266981457,8.89518049042436,8.59607352597705,8.804147720336914,163200,0.0,0.0
2016-08-12,8.791143179562722,8.810649979782314,8.67410113802517,8.713114738464355,59000,0.0,0.0
2016-08-15,8.758631805328225,8.758631805328225,8.622082957757941,8.680603981018066,79300,0.0,0.0
2016-08-16,8.680604367284497,8.680604367284497,8.622083341420323,8.628585815429688,58600,0.0,0.0
2016-08-17,8.648091407873089,8.687105006252942,8.433514756454002,8.570063591003418,125600,0.0,0.0
2016-08-18,8.583067928293609,8.661095745265099,8.531049383645948,8.550556182861328,58800,0.0,0.0
2016-08-19,8.55055766221421,8.635087966918945,8.50504158280015,8.635087966918945,66000,0.0,0.0
2016-08-22,8.62208349542492,8.77163667965125,8.550557520264448,8.745627403259277,62000,0.0,0.0
2016-08-23,8.771636255886007,8.999217878403655,8.771636255886007,8.830157279968262,77900,0.0,0.0
2016-08-24,8.882176873310618,8.921191100650404,8.628586565987382,8.765134811401367,82600,0.0,0.0
2016-08-25,8.791143203609607,8.810650003882557,8.68060363521289,8.70011043548584,33700,0.0,0.0
2016-08-26,8.895181048713098,8.895181048713098,8.537553039628746,8.628585815429688,43800,0.0,0.0
2016-08-29,8.615581164328644,8.700111469033379,8.563562610681126,8.635087966918945,56000,0.0,0.0
2016-08-30,8.602577675357491,8.758633982886314,8.583070869457705,8.719619750976562,53500,0.0,0.0
2016-08-31,8.674101409163944,8.778138507067137,8.628585333858801,8.758631706237793,45300,0.0,0.0
2016-09-01,8.804148576328416,8.823655378918716,8.596074361738344,8.635087966918945,72800,0.0,0.0
2016-09-02,8.635089111461635,8.830159023550515,8.635089111461635,8.72612190246582,73200,0.0,0.0
2016-09-06,8.836660626025065,8.90818598468012,8.706614237511287,8.895181655883789,62600,0.0,0.0
2016-09-07,8.940696597056668,9.38935673526056,8.84966382664703,9.298324584960938,213700,0.0,0.0
2016-09-08,9.298324659261915,9.298324659261915,9.116259737097813,9.233301162719727,93100,0.0,0.0
2016-09-09,9.194289207458496,9.29832632446966,9.122763224430722,9.194289207458496,110000,0.0,0.0
2016-09-12,9.168278606431072,9.252808286733549,9.018724807205835,9.226799011230469,115000,0.0,0.0
2016-09-13,9.200790823093744,9.226800101670648,9.116261132801394,9.135767936706543,104900,0.0,0.0
2016-09-14,9.187786732617765,9.2788195200576,9.142270648952914,9.194289207458496,96300,0.0,0.0
2016-09-15,9.226798897574646,9.369850221134495,9.142269218313407,9.324334144592285,165300,0.0,0.0
2016-09-16,9.257299740941004,9.384662739696804,9.243892773030176,9.277409553527832,100500,0.43,0.0
2016-09-19,9.277411678317831,9.39807186003223,9.250598375634583,9.264004707336426,82600,0.0,0.0
2016-09-20,9.264004209259559,9.344444112984473,9.089718070828676,9.116531372070312,66300,0.0,0.0
2016-09-21,9.150048227925279,9.317631533486399,9.150048227925279,9.230488777160645,56300,0.0,0.0
2016-09-22,9.217080736885656,9.35114723792991,9.163454136467953,9.297520637512207,48300,0.0,0.0
2016-09-23,9.33774172905221,9.505325029922323,9.324334758128412,9.40477466583252,140900,0.0,0.0
2016-09-26,9.337741035679565,9.344443881364185,9.11653114609929,9.190267562866211,66400,0.0,0.0
2016-09-27,9.217081037928297,9.424884600793671,9.156750950668043,9.357851028442383,107500,0.0,0.0
2016-09-28,9.384662524051222,9.418179303778714,9.257299528222035,9.35114574432373,67000,0.0,0.0
2016-09-29,9.284112717099267,9.485212114586673,9.22378264214129,9.458398818969727,131100,0.0,0.0
2016-09-30,9.512026671184591,9.652796651654867,9.351146876155555,9.558950424194336,224400,0.0,0.0
2016-10-03,9.625985239065788,9.81367900933163,9.558952297639077,9.659502029418945,160500,0.0,0.0
2016-10-04,9.585765745628075,9.652798688058713,9.50532583114354,9.55224895477295,84400,0.0,0.0
2016-10-05,9.552246839234067,9.686313333683213,9.478510427106906,9.525433540344238,86400,0.0,0.0
2016-10-06,9.558951269433177,9.65279750519195,9.478511364805858,9.565654754638672,61200,0.0,0.0
2016-10-07,9.585763310123925,9.585763310123925,9.438289851398478,9.465103149414062,60600,0.0,0.0
2016-10-10,9.538839781501975,9.585763533582703,9.37125650517808,9.391366958618164,71200,0.0,0.0
2016-10-11,9.371255446822026,9.451695972938762,9.3578491186555,9.398069381713867,64700,0.0,0.0
2016-10-12,9.411477825682626,9.458400943733384,9.391368009272234,9.424884796142578,52600,0.0,0.0
2016-10-13,9.418179303778714,9.485212223954296,9.264002372744013,9.35114574432373,60700,0.0,0.0
2016-10-14,9.384664351192455,9.424884622551986,9.223784544313384,9.257301330566406,96100,0.0,0.0
2016-10-17,9.223782748494543,9.39806949165398,9.223782748494543,9.35114574432373,33700,0.0,0.0
2016-10-18,9.364554481967335,9.532137773001143,9.24389430785355,9.498620986938477,111600,0.0,0.0
2016-10-19,9.438289007076865,9.525432377651791,9.357849120226025,9.458398818969727,54100,0.0,0.0
2016-10-20,9.438289650051566,9.478509915856652,9.337739944458008,9.337739944458008,65400,0.0,0.0
2016-10-21,9.317629690688616,9.525433229768993,9.317629690688616,9.465103149414062,68700,0.0,0.0
2016-10-24,9.49862140902543,9.558951498763191,9.40477453173563,9.512027740478516,41000,0.0,0.0
2016-10-25,9.52543372479404,9.76005057408275,9.478510610648092,9.69301700592041,192300,0.0,0.0
2016-10-26,9.693017230387056,9.699720715214424,9.592467515094542,9.619280815124512,60700,0.0,0.0
2016-10-27,9.625984518939982,9.686314609206413,9.565655067953106,9.58576488494873,64100,0.0,0.0
2016-10-28,9.625983954880333,9.793567245009529,9.612577624095348,9.739940643310547,149800,0.0,0.0
2016-10-31,10.303022551617962,10.303022551617962,9.887415990103442,10.155549049377441,474500,0.0,0.0
2016-11-01,10.222579229063241,10.229282713132312,9.954446259094665,10.008072853088379,141500,0.0,0.0
2016-11-02,10.054997038539547,10.108623638269398,9.847193485126752,9.961150169372559,115500,0.0,0.0
2016-11-03,10.122031149641405,10.14884445094156,9.471807794013221,9.491917610168457,260200,0.0,0.0
2016-11-04,9.518730878711173,9.806974346155542,9.465104276295412,9.63268756866455,156500,0.0,0.0
2016-11-07,9.652797119983376,10.048293781411164,9.652797119983376,9.88741397857666,214000,0.0,0.0
2016-11-08,9.853896377789921,9.914226458680627,9.639389991760254,9.639389991760254,118300,0.0,0.0
2016-11-09,9.391368184172988,10.075107708375803,9.384664698818169,9.967854499816895,157700,0.0,0.0
2016-11-10,9.98796424446078,10.021481031713241,9.766754343585898,9.83378791809082,108000,0.0,0.0
2016-11-11,9.80027107136378,10.12203133204339,9.80027107136378,10.07510757446289,98500,0.0,0.0
2016-11-14,10.08851231825371,10.142138909983903,9.847192016188433,9.954445838928223,109100,0.0,0.0
2016-11-15,9.954446259094665,10.034886150085237,9.900819665100949,10.008072853088379,82900,0.0,0.0
2016-11-16,9.914228609767939,10.061702101800343,9.900822277372045,10.04159164428711,78700,0.0,0.0
2016-11-17,9.987965457626654,10.168955747205798,9.987965457626654,10.034889221191406,151000,0.0,0.0
2016-11-18,10.054997746320359,10.175657923845655,10.02818444456802,10.115327835083008,103300,0.0,0.0
2016-11-21,10.215876129427103,10.457196450759358,10.142139719730833,10.4437894821167,261300,0.0,0.0
2016-11-22,10.457198046597355,10.57785758639748,10.282911263322172,10.423681259155273,173600,0.0,0.0
2016-11-23,10.383460224797494,10.564450480142334,10.296316839551404,10.551043510437012,195300,0.0,0.0
2016-11-25,10.57115460607687,10.57785745205652,10.450494428529607,10.53093433380127,37000,0.0,0.0
2016-11-28,10.53093190189035,10.53093190189035,10.22257868325063,10.303018569946289,135200,0.0,0.0
2016-11-29,10.095216821139307,10.430383372927366,9.853896494713046,10.3700532913208,307400,0.0,0.0
2016-11-30,10.450494820223717,10.450494820223717,10.222581427105167,10.26950454711914,190100,0.0,0.0
2016-12-01,10.256097291050281,10.269503621583363,10.068404188630607,10.12873363494873,76100,0.0,0.0
2016-12-02,10.155549049377441,10.249395939763161,10.068406284573122,10.155549049377441,76800,0.0,0.0
2016-12-05,10.249393312601303,10.644889953115042,10.235986982713781,10.537636756896973,241500,0.0,0.0
2016-12-06,10.611371033866524,10.624778000335278,10.349940941239954,10.510821342468262,128900,0.0,0.0
2016-12-07,10.437087458011225,10.618077724332123,10.430384612031576,10.53093433380127,125600,0.0,0.0
2016-12-08,10.53093389126831,10.678407364375637,10.51082407561534,10.618077278137207,123000,0.0,0.0
2016-12-09,10.665002381565458,10.725332479044827,10.591265950912693,10.711925506591797,122000,0.0,0.0
2016-12-12,10.738736377343,10.78565948893676,10.53763632307346,10.62477970123291,230700,0.0,0.0
2016-12-13,10.617903335886352,10.76919489240614,10.487242893321833,10.721056938171387,159000,0.4,0.0
2016-12-14,10.666041660814406,11.003008643110359,10.549134641514923,10.693549156188965,113700,0.0,0.0
2016-12-15,10.755440047816373,10.8585929806094,10.645409422118698,10.782947540283203,101200,0.0,0.0
2016-12-16,10.741686716256483,10.858593731280056,10.556011293226948,10.62477970123291,90100,0.0,0.0
2016-12-19,10.549135756128877,10.968625268871461,10.494120759566915,10.927364349365234,153100,0.0,0.0
2016-12-20,10.989254760653791,10.989254760653791,10.748564335853658,10.87922477722168,103500,0.0,0.0
2016-12-21,10.934240159876458,10.934240159876458,10.624780656451739,10.748564720153809,99800,0.0,0.0
2016-12-22,10.769193160080565,10.831085180329588,10.666040230219084,10.707301139831543,37500,0.0,0.0
2016-12-23,10.748566236349497,10.831088738514705,10.714181696489689,10.803581237792969,39400,0.0,0.0
2016-12-27,10.803579715371592,10.968624696444161,10.803579715371592,10.87234878540039,111100,0.0,0.0
2016-12-28,10.865470978417232,10.954870500796796,10.755440998820971,10.858593940734863,65700,0.0,0.0
2016-12-29,10.85859384900772,10.96862382767451,10.85859384900772,10.941116333007812,56000,0.0,0.0
2016-12-30,10.996132374063842,10.996132374063842,10.892979423155287,10.934240341186523,119100,0.0,0.0
2017-01-03,11.003007805439623,11.174929802399616,10.87234737631539,11.161175727844238,199800,0.0,0.0
2017-01-04,11.264331334897626,11.34685449013859,11.18868653022622,11.326223373413086,195400,0.0,0.0
2017-01-05,11.360606674801282,11.51877460835623,11.202438741246336,11.42249870300293,133600,0.0,0.0
2017-01-06,11.429377354406963,11.58066827155922,11.312470319260802,11.470638275146484,106000,0.0,0.0
2017-01-09,11.484393653279628,11.553161425080123,11.154302314995865,11.174933433532715,112700,0.0,0.0
2017-01-10,11.27808262147379,11.298713733093248,10.934238631113852,10.968623161315918,202400,0.0,0.0
2017-01-11,10.899857451141512,10.927364950936832,10.528505875989433,10.65916633605957,335300,0.0,0.0
2017-01-12,10.693550101630205,10.796703054447185,10.645411488595865,10.769195556640625,109200,0.0,0.0
2017-01-13,10.796700651765649,10.886100163699755,10.62477866477629,10.707301139831543,173200,0.0,0.0
2017-01-17,10.707302184338303,10.872347806379487,10.604149244414161,10.62477970123291,159500,0.0,0.0
2017-01-18,10.611025181609474,11.064899119537987,10.569763616420367,10.83796215057373,246400,0.0,0.0
2017-01-19,10.83108662471451,10.83108662471451,10.528504175827553,10.569765090942383,166900,0.0,0.0
2017-01-20,10.52162893085485,11.02364162638168,10.52162893085485,10.700428009033203,125700,0.0,0.0
2017-01-23,10.762317855672048,10.934239870336652,10.7141799014317,10.920486450195312,102900,0.0,0.0
2017-01-24,10.934242297247469,11.250579556506665,10.817335248860989,11.174933433532715,202300,0.0,0.0
2017-01-25,10.473487960890088,10.6179024676154,10.418472973169054,10.590394973754883,1695100,0.0,0.0
2017-01-26,10.556011098302026,10.686671530181885,10.556011098302026,10.590394973754883,521200,0.0,0.0
2017-01-27,10.604150201833965,10.631657698686007,10.487243176255177,10.549135208129883,317300,0.0,0.0
2017-01-30,10.556011476471644,10.590395353156305,10.425350384080458,10.535380363464355,353500,0.0,0.0
2017-01-31,10.556011293226948,10.714179221888019,10.521626761308768,10.62477970123291,277100,0.0,0.0
2017-02-01,10.62478085372105,10.707303345777799,10.494120405255483,10.58351993560791,261400,0.0,0.0
2017-02-02,10.569766919373501,10.645412380723307,10.487244419038111,10.500998497009277,217700,0.0,0.0
2017-02-03,10.549134255677233,10.666041270700806,10.542257218127517,10.62477970123291,240400,0.0,0.0
2017-02-06,10.659166149478613,10.727935225678424,10.528505691695592,10.672920227050781,149900,0.0,0.0
2017-02-07,10.659166149478613,10.727935225678424,10.611028189637056,10.672920227050781,176100,0.0,0.0
2017-02-08,10.700428274044096,10.899857818234318,10.617905116048338,10.803581237792969,228700,0.0,0.0
2017-02-09,10.782949440175345,11.003009418683261,10.782949440175345,10.982378959655762,169000,0.0,0.0
2017-02-10,11.003008836498022,11.071777904058308,10.837963861349856,10.87922477722168,165300,0.0,0.0
2017-02-13,11.003009975575079,11.126794047666058,10.879225903484098,11.11303997039795,174200,0.0,0.0
2017-02-14,11.133669945644337,11.133669945644337,10.947993856530571,11.126792907714844,135300,0.0,0.0
2017-02-15,11.140548139573573,11.140548139573573,11.016764067319931,11.085533142089844,67500,0.0,0.0
2017-02-16,11.099285045585788,11.099285045585788,10.989255059164833,11.078655242919922,85900,0.0,0.0
2017-02-17,11.016763684428884,11.154300517527568,11.016763684428884,11.140547752380371,104400,0.0,0.0
2017-02-21,11.147422709842461,11.188684937419431,11.05802384008076,11.126792907714844,111300,0.0,0.0
2017-02-22,11.126793675572214,11.154300517527568,10.982379148238973,11.140547752380371,92700,0.0,0.0
2017-02-23,11.20243949362404,11.20243949362404,11.051147276009674,11.188685417175293,111600,0.0,0.0
2017-02-24,11.209313978445694,11.236822128295898,11.08553123910211,11.236822128295898,94500,0.0,0.0
2017-02-27,11.140545927671916,11.243698863515762,11.092406666728092,11.161175727844238,150300,0.0,0.0
2017-02-28,11.209315606638947,11.209315606638947,11.058024695469612,11.133670806884766,113100,0.0,0.0
2017-03-01,11.264330779506304,11.436252808759008,11.147423747148027,11.367485046386719,187200,0.0,0.0
2017-03-02,11.429375627621107,11.450005429043541,11.271206383971109,11.333098411560059,185400,0.0,0.0
2017-03-03,11.401868051607078,11.415622127689256,11.223068997521457,11.388113975524902,107900,0.0,0.0
2017-03-06,11.415622420116712,11.511898331836413,11.3881142672477,11.463760375976562,246000,0.0,0.0
2017-03-07,11.415622042223216,11.415622042223216,10.734810365352796,11.24370002746582,483200,0.0,0.0
2017-03-08,11.25745530640312,11.51877621962801,11.250578267678646,11.49814510345459,187600,0.0,0.0
2017-03-09,11.51877537070763,11.628805358868084,11.422499458982465,11.587544441223145,271200,0.0,0.0
2017-03-10,11.68381816932061,11.766341300848387,11.587542275588767,11.759464263916016,207600,0.0,0.0
2017-03-13,11.75946616285844,11.945142255033783,11.75946616285844,11.910757064819336,192900,0.0,0.0
2017-03-14,11.93138808629391,11.945142162272882,11.766343109528904,11.917634010314941,182200,0.0,0.0
2017-03-15,11.945142918100279,12.027664755873902,11.910757725977135,11.958895683288574,215600,0.0,0.0
2017-03-16,11.98698533066407,12.345120384649777,11.958897015910043,12.043163299560547,457900,0.36,0.0
2017-03-17,12.015073839050526,12.197652555400502,11.87462826050799,11.91676139831543,176000,0.0,0.0
2017-03-20,11.90271732045751,11.90271732045751,11.649915827399424,11.706093788146973,151900,0.0,0.0
2017-03-21,11.649917465948946,12.036140832986755,11.586717083795351,11.82547378540039,313100,0.0,0.0
2017-03-22,11.825473278538347,11.867606418372029,11.27773710314701,11.600761413574219,301400,0.0,0.0
2017-03-23,11.593737459637827,11.762271335963861,11.44626948073493,11.453291893005371,181600,0.0,0.0
2017-03-24,11.46031663927132,11.79738446057025,11.46031663927132,11.69205093383789,131700,0.0,0.0
2017-03-27,11.58671523532147,11.600760060090183,11.319870261657,11.432226181030273,243800,0.0,0.0
2017-03-28,11.376048374663077,11.769294097769457,11.376048374663077,11.720138549804688,195300,0.0,0.0
2017-03-29,11.755247779945314,11.895693332912867,11.68502500346154,11.888670921325684,218100,0.0,0.0
2017-03-30,11.88867270967434,12.064229007597735,11.769294373510903,11.979961395263672,198700,0.0,0.0
2017-03-31,12.015076209207571,12.071254183828886,11.776319482219835,11.923786163330078,233400,0.0,0.0
2017-04-03,11.89569536002836,11.91676125899164,11.678004581893713,11.713116645812988,99100,0.0,0.0
2017-04-04,11.7131167752661,11.83249511513443,11.699071949543166,11.769294738769531,90600,0.0,0.0
2017-04-05,11.769293748234302,11.769293748234302,11.44626948073493,11.453291893005371,189000,0.0,0.0
2017-04-06,11.460314624123543,11.586715369731824,11.425203901182675,11.488404273986816,116600,0.0,0.0
2017-04-07,11.516492209748412,11.678003673042443,11.509469797511082,11.551604270935059,84000,0.0,0.0
2017-04-10,11.55160418940331,11.656937693443439,11.390091387861062,11.397113800048828,101300,0.0,0.0
2017-04-11,11.37604866039045,11.41818179693446,11.33391418445818,11.354981422424316,102600,0.0,0.0
2017-04-12,11.319871522641957,11.35498224908671,11.263693556697337,11.29880428314209,115000,0.0,0.0
2017-04-13,11.284758550322453,11.305825788130022,11.0108911557653,11.053024291992188,302000,0.0,0.0
2017-04-17,11.060046029964662,11.305825098508176,11.053023617790483,11.24964714050293,141400,0.0,0.0
2017-04-18,11.228580240048585,11.453292078795132,11.05302394860432,11.432226181030273,284300,0.0,0.0
2017-04-19,11.481383513499324,11.642895005287265,11.411160718125485,11.523516654968262,190900,0.0,0.0
2017-04-20,11.537560017870765,11.628848702700857,11.509470367530277,11.530537605285645,135200,0.0,0.0
2017-04-21,11.579694109409301,11.656939314830735,11.530538556645974,11.614806175231934,101900,0.0,0.0
2017-04-24,11.685027628100482,11.769295246686442,11.586716522573827,11.614806175231934,112200,0.0,0.0
2017-04-25,11.699071312367689,11.790361335206455,11.64991576440292,11.720138549804688,82300,0.0,0.0
2017-04-26,11.720140711086966,11.804406997597843,11.670985154057542,11.748229026794434,119200,0.0,0.0
2017-04-27,11.804406874270867,11.867607258187974,11.614807061908007,11.69205093383789,85200,0.0,0.0
2017-04-28,11.741204243562349,11.811427027742274,11.4884040956581,11.593737602233887,88800,0.0,0.0
2017-05-01,11.656937599182129,11.76929351450148,11.50946962320788,11.656937599182129,151200,0.0,0.0
2017-05-02,11.656936462532235,11.70609200326785,11.60778092179662,11.67800235748291,132300,0.0,0.0
2017-05-03,11.706094806263003,11.706094806263003,11.39009291245671,11.460315704345703,165800,0.0,0.0
2017-05-04,11.516492864026088,11.867605459510957,11.095158151260721,11.832494735717773,386300,0.0,0.0
2017-05-05,11.93782895319286,12.113385261328048,11.685027440873919,11.951873779296875,279400,0.0,0.0
2017-05-08,12.01507415737661,12.099340435224033,11.881650988165132,11.951873779296875,159100,0.0,0.0
2017-05-09,11.951873650822147,12.043162340740285,11.81142807006836,11.81142807006836,85000,0.0,0.0
2017-05-10,11.874629795949224,11.930807766752634,11.713118297312981,11.748229026794434,114600,0.0,0.0
2017-05-11,11.692049228210989,11.979961450993642,11.692049228210989,11.902717590332031,107800,0.0,0.0
2017-05-12,11.874628890750623,12.10636317007323,11.874628890750623,12.050185203552246,165000,0.0,0.0
2017-05-15,12.134449631104015,12.380227332864635,12.10635998553822,12.34511661529541,150600,0.0,0.0
2017-05-16,12.359164298533235,12.373209124566726,12.050184822738114,12.113385200500488,118800,0.0,0.0
2017-05-17,12.07124965521452,12.21871628100162,12.01507170166876,12.120405197143555,104100,0.0,0.0
2017-05-18,12.148496245333233,12.366187036406004,12.057207552494082,12.21169662475586,164800,0.0,0.0
2017-05-19,12.218718529499863,12.394274834059885,12.190630217252181,12.302986145019531,141000,0.0,0.0
2017-05-22,12.408318073937714,12.436406382595354,12.33107288119996,12.40129566192627,170000,0.0,0.0
2017-05-23,12.492586902803284,12.527697626912778,12.20467333967469,12.513652801513672,202600,0.0,0.0
2017-05-24,12.51365157533311,12.64005231276284,12.239784203827453,12.40129566192627,579500,0.0,0.0
2017-05-25,12.464496721540177,12.464496721540177,12.183606922453535,12.2889404296875,373500,0.0,0.0
2017-05-26,12.360804704439378,12.482975498020792,11.93680026616969,12.18114185333252,242400,0.4,0.0
2017-05-30,12.181144250193269,12.482977954272789,12.181144250193269,12.26738166809082,134700,0.0,0.0
2017-05-31,12.260192898701753,12.310498279021866,12.10927675774141,12.159582138061523,113100,0.0,0.0
2017-06-01,12.152394798167542,12.339244322561214,12.152394798167542,12.303312301635742,68300,0.0,0.0
2017-06-02,12.360806138803186,12.47579026719698,12.346432780074228,12.36799144744873,99200,0.0,0.0
2017-06-05,12.418299984918646,12.418299984918646,12.109279581498972,12.209890365600586,144000,0.0,0.0
2017-06-06,12.145210094453894,12.253007545475171,11.96554721917878,12.037412643432617,223000,0.0,0.0
2017-06-07,12.037413712730222,12.152397853462954,11.951174921821133,12.0086669921875,97300,0.0,0.0
2017-06-08,12.015851305102219,12.195514160941945,12.001479318381335,12.159582138061523,77800,0.0,0.0
2017-06-09,12.231449050580569,12.33205982352659,12.087718200041413,12.145210266113281,62000,0.0,0.0
2017-06-12,12.195516587742834,12.30331541927274,11.850564164860563,11.958361625671387,151600,0.0,0.0
2017-06-13,12.037412320789656,12.087717705203302,11.951173539852748,12.058972358703613,56600,0.0,0.0
2017-06-14,11.987107066650823,12.07334447780603,11.886496296730103,11.979920387268066,73800,0.0,0.0
2017-06-15,11.9727333207569,11.9727333207569,11.721205033369122,11.864935874938965,137100,0.0,0.0
2017-06-16,11.857749325071877,11.864936004300615,11.56310233028821,11.785883903503418,147900,0.0,0.0
2017-06-19,11.584664448317358,12.044601035799426,11.584664448317358,11.793072700500488,158500,0.0,0.0
2017-06-20,11.778699105076944,11.915243290788265,11.749953754290896,11.836191177368164,55300,0.0,0.0
2017-06-21,11.843378158789621,11.965548986853799,11.807446126713929,11.879311561584473,80300,0.0,0.0
2017-06-22,11.893681605393922,12.030225772228427,11.82181755300423,11.979920387268066,70500,0.0,0.0
2017-06-23,11.972733917898868,11.987107276916504,11.92961521156492,11.987107276916504,40900,0.0,0.0
2017-06-26,12.001480576820313,12.073344630116605,11.81463102266826,11.850563049316406,115600,0.0,0.0
2017-06-27,11.843375854346403,12.037412079526225,11.778697112619795,11.814630508422852,100900,0.0,0.0
2017-06-28,11.850563511185237,11.850563511185237,11.742766056320505,11.764326095581055,85300,0.0,0.0
2017-06-29,11.764325675277696,11.807444381539288,11.685273571532312,11.74995231628418,52800,0.0,0.0
2017-06-30,11.757139226160582,11.77869789435434,11.606221695209362,11.706833839416504,95700,0.0,0.0
2017-07-03,11.72120596290703,11.76432604122891,11.620595188260642,11.627781867980957,70300,0.0,0.0
2017-07-05,11.620594202120017,11.749951684670192,11.577475498176254,11.728391647338867,102600,0.0,0.0
2017-07-06,11.73558002684109,11.800258777487612,11.268456782731054,11.484051704406738,270400,0.0,0.0
2017-07-07,11.563103308360901,11.706834163655389,11.426559132903039,11.685274124145508,89400,0.0,0.0
2017-07-10,11.69246140845259,11.77869882951232,11.67808804803627,11.757140159606934,77500,0.0,0.0
2017-07-11,11.8146311552051,11.8146311552051,11.656526946454155,11.77151107788086,43100,0.0,0.0
2017-07-12,11.771510416702899,11.994293358208044,11.771510416702899,11.864935874938965,46700,0.0,0.0
2017-07-13,11.893683291271582,12.00148212657401,11.879311301187839,11.972735404968262,96300,0.0,0.0
2017-07-14,12.001480345488575,12.001480345488575,11.864936179563431,11.893681526184082,49500,0.0,0.0
2017-07-17,11.965548673873883,12.375179859986456,11.915243281996077,12.073346138000488,121900,0.0,0.0
2017-07-18,12.13802440096928,12.2386365513853,11.979921551342777,12.224263191223145,179700,0.0,0.0
2017-07-19,12.3105007272509,12.3105007272509,12.166771236426456,12.195516586303711,96800,0.0,0.0
2017-07-20,12.267380751654967,12.267380751654967,12.145209943161014,12.166769981384277,80800,0.0,0.0
2017-07-21,12.173955736168862,12.231447796345387,12.044598258091973,12.066158294677734,91300,0.0,0.0
2017-07-24,12.058971795294,12.217074620452834,12.058971795294,12.173955917358398,72400,0.0,0.0
2017-07-25,12.217075217533605,12.310499307257242,12.16676983301173,12.296127319335938,45300,0.0,0.0
2017-07-26,12.288941965161296,12.447044815095637,12.288941965161296,12.411112785339355,107800,0.0,0.0
2017-07-27,12.418299394236582,12.42548607429045,12.253008494435761,12.324873924255371,81900,0.0,0.0
2017-07-28,12.288941846294001,12.339247235753836,12.11646563783783,12.188329696655273,47700,0.0,0.0
2017-07-31,12.188329581743508,12.231449661490307,12.0805321238146,12.217076301574707,53300,0.0,0.0
2017-08-01,12.231449127197266,12.303314552917001,12.087718275757796,12.231449127197266,66800,0.0,0.0
2017-08-02,12.296128783742837,12.403926244944836,12.238636713053832,12.332060813903809,102100,0.0,0.0
2017-08-03,12.324872001612333,12.461416159897206,12.217074559058528,12.375177383422852,84600,0.0,0.0
2017-08-04,12.382365500032465,12.43267088768378,12.102091842707123,12.238636016845703,115600,0.0,0.0
2017-08-07,12.288940812716708,12.454230327245435,12.138023286311261,12.403924942016602,131100,0.0,0.0
2017-08-08,12.360806465148926,12.454230557915833,12.303314399434145,12.360806465148926,80600,0.0,0.0
2017-08-09,12.324873221129632,12.324873221129632,12.109278314689412,12.231449127197266,129100,0.0,0.0
2017-08-10,12.23863520177594,12.23863520177594,11.714018579461653,11.821817398071289,233900,0.0,0.0
2017-08-11,11.800257261960892,11.915241388182864,11.678086456510183,11.785883903503418,162800,0.0,0.0
2017-08-14,11.829002493522777,12.159582881246495,11.785883789287126,12.152396202087402,98100,0.0,0.0
2017-08-15,12.231449661490307,12.288941730433663,12.087718803772399,12.217076301574707,96600,0.0,0.0
2017-08-16,12.217076626750965,12.288942057522728,12.073345765207439,12.195516586303711,57000,0.0,0.0
2017-08-17,12.23145027216158,12.2889423439753,12.008667294504182,12.051787376403809,79700,0.0,0.0
2017-08-18,11.987108322499537,12.066160433272945,11.951174921821133,12.0086669921875,45700,0.0,0.0
2017-08-21,12.044600255749863,12.35362064447084,12.044600255749863,12.324873924255371,99900,0.0,0.0
2017-08-22,12.389551197009272,12.389551197009272,12.209888329238165,12.2889404296875,106900,0.0,0.0
2017-08-23,12.253008540828386,12.288941941233775,12.145211081050357,12.224263191223145,95500,0.0,0.0
2017-08-24,12.26019517448963,12.382365993967246,12.20988978483162,12.324873924255371,50900,0.0,0.0
2017-08-25,12.353621837823782,12.375180509348874,12.23145100654453,12.281756401062012,68300,0.0,0.0
2017-08-28,12.375179893050124,12.504537398635312,12.332061181428102,12.44704532623291,120800,0.0,0.0
2017-08-29,12.375178892521841,12.4254856511859,12.231449408495868,12.310500144958496,130300,0.0,0.0
2017-08-30,12.31768782064772,12.49016403785493,12.31768782064772,12.44704532623291,124600,0.0,0.0
2017-08-31,12.49734818384219,12.518908220640492,12.360805396276168,12.375177383422852,114600,0.0,0.0
2017-09-01,12.375179039428524,12.518909895879755,12.375179039428524,12.482977867126465,54200,0.0,0.0
2017-09-05,12.526095474611859,12.526095474611859,12.202701761385477,12.260193824768066,184500,0.0,0.0
2017-09-06,12.274569118442802,12.346434551680725,12.15958497354978,12.209890365600586,275400,0.0,0.0
2017-09-07,12.245822028618834,12.389551503965334,12.217075311118174,12.317686080932617,217400,0.0,0.0
2017-09-08,12.288941806095561,12.62670754187748,12.288941806095561,12.540470123291016,114600,0.0,0.0
2017-09-11,12.590774115244859,12.712944920282878,12.540468731532538,12.576400756835938,138300,0.0,0.0
2017-09-12,12.641077783881265,12.69856983899782,12.475788296761007,12.633891105651855,146100,0.0,0.0
2017-09-13,12.677010957724148,12.712944352140584,12.633892255143268,12.691384315490723,121400,0.0,0.0
2017-09-14,12.712945498392216,12.813556270392036,12.66982542120461,12.74887752532959,105400,0.0,0.0
2017-09-15,12.748875917309645,12.885420069743445,12.748875917309645,12.842301368713379,160800,0.0,0.0
2017-09-18,12.978845273843861,13.021965349325082,12.878234505825501,13.000405311584473,230300,0.0,0.0
2017-09-19,12.971657752990723,13.050709848858453,12.935725729806567,12.971657752990723,202000,0.0,0.0
2017-09-20,12.986035168310861,13.007595211389535,12.899797737434664,12.928543090820312,239400,0.0,0.0
2017-09-21,12.972742337852338,13.068508695507704,12.899075152302604,12.92854118347168,141100,0.44,0.0
2017-09-22,12.891709183283323,12.950642654774942,12.818041992647602,12.862241744995117,82600,0.0,0.0
2017-09-25,12.832775734160125,12.84750945332991,12.714908790971439,12.759108543395996,82600,0.0,0.0
2017-09-26,12.751740407397923,12.795941560482868,12.648607193702366,12.737008094787598,87300,0.0,0.0
2017-09-27,12.825407440303511,13.024308411598023,12.803306864020353,12.965374946594238,138400,0.0,0.0
2017-09-28,12.965376236657846,13.03904342651367,12.891709046802022,13.039043426513672,149700,0.0,0.0
2017-09-29,13.061140134727562,13.179007054216552,12.928539499031322,13.127440452575684,109700,0.0,0.0
2017-10-02,13.201107022091339,13.201107022091339,12.972740051707772,13.097973823547363,122500,0.0,0.0
2017-10-03,13.127441809466012,13.16427610379144,13.083242061360156,13.11270809173584,63400,0.0,0.0
2017-10-04,13.142174245067633,13.164274819506794,13.031674183040863,13.090607643127441,136900,0.0,0.0
2017-10-05,13.105342038291516,13.105342038291516,13.046407170067525,13.08324146270752,145200,0.0,0.0
2017-10-06,13.08324146270752,13.134808067318918,13.039041716624121,13.08324146270752,74100,0.0,0.0
2017-10-09,13.112707952733768,13.26004231830434,13.075875063883446,13.23794174194336,81200,0.0,0.0
2017-10-10,13.26004226981916,13.26004226981916,13.149542198587593,13.223209381103516,57700,0.0,0.0
2017-10-11,13.237939756498324,13.252673471862527,13.11270598607147,13.171639442443848,66300,0.0,0.0
2017-10-12,13.142176879627868,13.304243576083698,13.142176879627868,13.252676963806152,110700,0.0,0.0
2017-10-13,13.201107897468512,13.223208472229636,11.794070287954717,12.670706748962402,1526400,0.0,0.0
2017-10-16,12.685440006951065,12.707540583361297,12.33920607369865,12.516006469726562,291400,0.0,0.0
2017-10-17,12.523372047304475,12.692805567194785,12.523372047304475,12.597039222717285,122700,0.0,0.0
2017-10-18,12.611774011464938,12.781207545765795,12.611774011464938,12.678072929382324,129000,0.0,0.0
2017-10-19,12.678074493046976,12.84750945332991,12.523374657018625,12.759108543395996,128400,0.0,0.0
2017-10-20,12.86960860456717,12.965376373919044,12.788575959444191,12.862241744995117,97300,0.0,0.0
2017-10-23,12.869606852843365,12.96537460915998,12.751739925903378,12.78857421875,69700,0.0,0.0
2017-10-24,12.8180401696739,12.913807925405743,12.729640677550991,12.825407028198242,129800,0.0,0.0
2017-10-25,12.84014171539929,12.854875433561196,12.670708171791464,12.722274780273438,102000,0.0,0.0
2017-10-26,12.72964223610761,12.876975209379403,12.707541657828697,12.751741409301758,128300,0.0,0.0
2017-10-27,12.6707076911838,12.818040651960338,12.641240255977705,12.77384090423584,158000,0.0,0.0
2017-10-30,12.751739974492684,12.832774013979424,12.69280651079813,12.803306579589844,49700,0.0,0.0
2017-10-31,12.810674900085855,12.840142337838133,12.648608207702637,12.648608207702637,104000,0.0,0.0
2017-11-01,12.663340568542482,12.729640891290186,12.582306528498703,12.66334056854248,73100,0.0,0.0
2017-11-02,12.678072523995104,12.722273674639506,12.162405078904944,12.331838607788086,322500,0.0,0.0
2017-11-03,12.317104953654246,12.317104953654246,11.970871035683391,12.140304565429688,229200,0.0,0.0
2017-11-06,12.140304843088696,12.523373062211958,12.140304843088696,12.405506134033203,207000,0.0,0.0
2017-11-07,12.420240126937665,12.589673664318857,12.361306661540526,12.412873268127441,122000,0.0,0.0
2017-11-08,12.427606837759797,12.471806585010158,12.309738503284448,12.383405685424805,94700,0.0,0.0
2017-11-09,12.346572738661559,12.538106849289218,12.317105303910553,12.471806526184082,64800,0.0,0.0
2017-11-10,12.479173727503701,12.597040659574661,12.420240261468221,12.5454740524292,76200,0.0,0.0
2017-11-13,12.523373112434053,12.707540364087494,12.523373112434053,12.678072929382324,107000,0.0,0.0
2017-11-14,12.663340892052505,12.766474105590513,12.633873456707557,12.685440063476562,53900,0.0,0.0
2017-11-15,12.65597356152486,12.707540166371963,12.457072595613516,12.633872985839844,222000,0.0,0.0
2017-11-16,12.6412394964581,12.685439241526957,12.49390513944916,12.560205459594727,134900,0.0,0.0
2017-11-17,12.567572927596764,12.840141079760002,12.567572927596764,12.744373321533203,228800,0.0,0.0
2017-11-20,12.832774571427084,13.009574970190844,12.744373669502869,12.972742080688477,140600,0.0,0.0
2017-11-21,12.980106879377832,13.009572905285886,12.854873107828602,12.943272590637207,86900,0.0,0.0
2017-11-22,13.024309158094672,13.024309158094672,12.832775034583314,12.869607925415039,129700,0.0,0.0
2017-11-24,12.943273067727985,12.943273067727985,12.862239034596133,12.891706466674805,51800,0.0,0.0
2017-11-27,12.891708179386569,12.935907928292183,12.751740668586661,12.847508430480957,138500,0.0,0.0
2017-11-28,12.847508016586671,12.99484097655381,12.737007945340155,12.965374946594238,169400,0.0,0.0
2017-11-29,12.987474781482984,13.097976263461021,12.943275031742596,13.061141967773438,218700,0.0,0.0
2017-11-30,13.083241945258452,13.156909128170925,12.950641297032934,13.031675338745117,124900,0.0,0.0
2017-12-01,13.039043411602083,13.142176634231427,12.832775561258622,12.987475395202637,140800,0.0,0.0
2017-12-04,13.04640682303806,13.142174576270067,12.972741049886741,13.009573936462402,205900,0.0,0.0
2017-12-05,13.009574694075917,13.009574694075917,12.92117519911256,12.965374946594238,60200,0.0,0.0
2017-12-06,12.965374605925044,13.156908713425885,12.965374605925044,13.149541854858398,261000,0.0,0.0
2017-12-07,13.179008274098457,13.621009965637203,13.179008274098457,13.495776176452637,323600,0.0,0.0
2017-12-08,13.591542719792956,13.731508808943715,13.510508685485505,13.643109321594238,391500,0.0,0.0
2017-12-11,13.65047592853903,14.063010140442778,13.65047592853903,13.996709823608398,549600,0.0,0.0
2017-12-12,14.03354597225208,14.1587797770554,13.967245639998275,14.136680603027344,255300,0.0,0.0
2017-12-13,14.144046783447266,14.217712566782659,14.107212486694818,14.144046783447266,205400,0.0,0.0
2017-12-14,14.173508756821446,14.291375662505606,14.004075255536012,14.048274993896484,321100,0.0,0.0
2017-12-15,14.078439886003991,14.327282096464433,13.897463863693632,14.319741249084473,1241100,0.44,0.0
2017-12-18,14.349905877877157,14.410231223857037,13.995493211759378,14.055818557739258,237900,0.0,0.0
2017-12-19,14.13122651081441,14.13122651081441,13.980413855276746,14.033198356628418,254800,0.0,0.0
2017-12-20,14.040736352750207,14.19908982463549,13.739108226411478,13.806974411010742,164200,0.0,0.0
2017-12-21,13.874843063459616,13.96533180510992,13.799436018462657,13.927627563476562,206300,0.0,0.0
2017-12-22,13.987950553424351,14.153846312101264,13.897463265300138,14.101061820983887,211100,0.0,0.0
2017-12-26,14.085982723597452,14.289581316814214,13.987953132076886,14.214174270629883,99200,0.0,0.0
2017-12-27,14.221714056836909,14.221714056836909,13.950249286157282,13.995492935180664,105800,0.0,0.0
2017-12-28,14.048277820575832,14.131225711303921,13.920086279573198,13.950249671936035,91400,0.0,0.0
2017-12-29,13.950249817285489,14.06335966328521,13.942708969116211,13.942708969116211,140600,0.0,0.0
2018-01-02,13.98795042385228,14.003032117823116,13.535511110883187,13.806974411010742,190300,0.0,0.0
2018-01-03,13.829599414116192,13.85976136915824,13.595838869028729,13.67878532409668,106000,0.0,0.0
2018-01-04,13.656162457485499,14.078439841542739,13.618458220704763,13.671242713928223,335000,0.0,0.0
2018-01-05,13.724028594153273,13.754190545195618,13.57321452413286,13.648621559143066,99200,0.0,0.0
2018-01-08,13.66370383375205,13.73156858604522,13.512889757330365,13.61845874786377,112000,0.0,0.0
2018-01-09,13.663704499239023,13.7240298450919,13.573215761324857,13.633541107177734,75900,0.0,0.0
2018-01-10,13.603378065185462,13.693865357591411,13.535511876746211,13.565673828125,89800,0.0,0.0
2018-01-11,13.58075404527489,13.58075404527489,13.42993998998175,13.543049812316895,212600,0.0,0.0
2018-01-12,13.57321642513716,13.57321642513716,13.135857286746864,13.399781227111816,346600,0.0,0.0
2018-01-16,13.39977917535354,13.550591805134287,13.384697480894602,13.407320022583008,131600,0.0,0.0
2018-01-17,13.460108163898225,13.693868738305092,13.40732365725183,13.66370677947998,118600,0.0,0.0
2018-01-18,13.626000938763656,13.761733333269754,13.573216438293455,13.573216438293457,162400,0.0,0.0
2018-01-19,13.565674368434479,13.573215216146917,13.384698338144876,13.437482833862305,102200,0.0,0.0
2018-01-22,13.445024764625721,13.588298006164008,13.41486280961594,13.505350112915039,80600,0.0,0.0
2018-01-23,13.452565727530855,13.490268531181663,13.384699530343587,13.399781227111816,94600,0.0,0.0
2018-01-24,13.460103754892392,13.558131886801224,13.346993929376215,13.422399520874023,98600,0.0,0.0
2018-01-25,13.437481591796805,13.558132267504448,13.362074559912152,13.452563285827637,87300,0.0,0.0
2018-01-26,13.50534970601428,13.512890554106967,13.27913001631252,13.377158164978027,84000,0.0,0.0
2018-01-29,13.354537403273811,13.407323346968527,13.27159093972192,13.309293746948242,135600,0.0,0.0
2018-01-30,13.241425247174067,13.324373134612149,13.090612606150785,13.105692863464355,120500,0.0,0.0
2018-01-31,13.19618098919184,13.218803531521791,12.690955716646283,12.88701343536377,318800,0.0,0.0
2018-02-01,12.841770191154612,13.158478602344738,12.841770191154612,13.090612411499023,96300,0.0,0.0
2018-02-02,13.067989762711996,13.067989762711996,12.773903896940116,12.796525001525879,114400,0.0,0.0
2018-02-05,12.668332630142551,12.917174832004545,12.442112969638748,12.540141105651855,231000,0.0,0.0
2018-02-06,12.3591671919219,12.608009436112617,12.117865796133298,12.577847480773926,257700,0.0,0.0
2018-02-07,12.570306342653078,12.985042927322224,12.570306342653078,12.841771125793457,142400,0.0,0.0
2018-02-08,12.841769753828517,12.924716198938828,12.675873987068732,12.713578224182129,98300,0.0,0.0
2018-02-09,12.80406736604196,12.871933564378596,12.253598369106832,12.419492721557617,229500,0.0,0.0
2018-02-12,12.487356876645164,12.985041290833479,12.464735773080866,12.826687812805176,251000,0.0,0.0
2018-02-13,12.819148439702145,13.12077517415884,12.819148439702145,13.098154067993164,132200,0.0,0.0
2018-02-14,13.120774910290342,13.188641103961974,12.864391831590774,12.962421417236328,97600,0.0,0.0
2018-02-15,13.00766372680664,13.13585525294943,12.954879234560117,13.00766372680664,68700,0.0,0.0
2018-02-16,13.015207392622582,13.218805996753359,13.015207392622582,13.158480644226074,77600,0.0,0.0
2018-02-20,13.128314270003518,13.18109876170432,12.826687575806417,12.86439037322998,87200,0.0,0.0
2018-02-21,12.879474785802918,13.173560694930115,12.856852239612428,12.871933937072754,80700,0.0,0.0
2018-02-22,12.932258074137325,13.052908765949603,12.894555272297124,12.985042572021484,64200,0.0,0.0
2018-02-23,13.00012216318467,13.120772835462112,12.871930644106207,12.894553184509277,76500,0.0,0.0
2018-02-26,12.917175514443123,13.045367045706417,12.917175514443123,13.03028678894043,60400,0.0,0.0
2018-02-27,12.969962701766,13.105693655407935,12.902096505810164,12.939799308776855,43600,0.0,0.0
2018-02-28,12.977502687862373,13.045368886831039,12.713580178839566,12.736201286315918,92500,0.0,0.0
2018-03-01,12.7512812946257,13.03028690212928,12.721119342562123,12.849310874938965,84100,0.0,0.0
2018-03-02,12.819148230347025,13.000124268065443,12.690956690512767,12.985042572021484,70500,0.0,0.0
2018-03-05,12.954880720190834,13.233884907852058,12.887014525728437,13.203722953796387,152500,0.0,0.0
2018-03-06,13.128315950238317,13.626000418927338,13.128315950238317,13.550593376159668,222200,0.0,0.0
2018-03-07,13.505348739195094,13.942707829373347,13.362075512230092,13.85222053527832,151000,0.0,0.0
2018-03-08,13.844678121415638,14.00303158730151,13.693864063960046,13.935165405273438,108200,0.0,0.0
2018-03-09,13.987954654045568,14.063361708434615,13.867303942331068,14.010577201843262,95300,0.0,0.0
2018-03-12,13.995492500695919,14.093522081851235,13.799434776654913,14.018115043640137,92600,0.0,0.0
2018-03-13,14.055817730025273,14.221713500403006,13.927626197583214,14.199090957641602,117900,0.0,0.0
2018-03-14,14.199091236587622,14.27449827567075,14.08598139709775,14.259416580200195,89500,0.0,0.0
2018-03-15,14.289579658338727,14.289579658338727,13.972871251738129,14.025655746459961,120900,0.0,0.0
2018-03-16,13.950249963064765,14.259417549887324,13.86730207060563,14.18401050567627,252600,0.0,0.0
2018-03-19,14.284171328906568,14.284171328906568,13.945172261866304,14.091558456420898,179800,0.4,0.0
2018-03-20,14.083852631424419,14.145488686877327,13.898944465065696,13.98369312286377,132800,0.0,0.0
2018-03-21,13.983695442746717,14.09926288220352,13.775673170012634,13.821901321411133,100300,0.0,0.0
2018-03-22,13.752558539652968,14.099260806993763,13.698627173812367,13.952876091003418,126500,0.0,0.0
2018-03-23,13.99909917235715,14.160893228344658,13.660100213287302,13.698623657226562,155200,0.0,0.0
2018-03-26,13.814194417974917,13.883535164452073,13.77567096464345,13.845011711120605,63300,0.0,0.0
2018-03-27,13.883535513774433,13.968284174197043,13.675513269108936,13.752558708190918,90400,0.0,0.0
2018-03-28,13.767964989240715,13.96828102841355,13.74485092186576,13.860418319702148,74800,0.0,0.0
2018-03-29,13.945171223799175,14.045329263447417,13.82189911214619,13.922057151794434,149600,0.0,0.0
2018-04-02,13.9605812642686,13.991398558877105,13.50601478001657,13.575355529785156,98800,0.0,0.0
2018-04-03,13.636989425629935,13.85271486223306,13.606170666389875,13.683216094970703,90100,0.0,0.0
2018-04-04,13.567650155137656,14.022216616486036,13.567650155137656,13.914352416992188,86800,0.0,0.0
2018-04-05,13.837307020454311,13.960580601595524,13.77567096464345,13.845011711120605,80000,0.0,0.0
2018-04-06,13.821901321411133,13.975990750846966,13.752560563833105,13.821901321411133,55400,0.0,0.0
2018-04-09,13.868124085374712,13.95287420280929,13.783373967940133,13.806488037109375,56000,0.0,0.0
2018-04-10,13.914351760188707,13.937465831029073,13.752557672864372,13.814193725585938,72300,0.0,0.0
2018-04-11,13.798784345025693,13.914351760188707,13.791079654745571,13.814193725585938,52200,0.0,0.0
2018-04-12,13.852714705928552,13.92976013364005,13.791078657663213,13.806488037109375,54500,0.0,0.0
2018-04-13,13.868125088027384,13.875829778307505,13.775670274185327,13.814193725585938,54700,0.0,0.0
2018-04-16,13.86042039774726,13.891239158867752,13.806489035305816,13.814193725585938,28200,0.0,0.0
2018-04-17,13.868125058486234,14.014511234457911,13.868125058486234,13.960579872131348,51000,0.0,0.0
2018-04-18,13.999100761832212,13.999100761832212,13.86812397660572,13.937464714050293,30300,0.0,0.0
2018-04-19,13.898945634280407,13.906648856030492,13.80649080856377,13.86812686920166,41100,0.0,0.0
2018-04-20,13.852714705928552,13.914350754193888,13.791078657663213,13.806488037109375,56500,0.0,0.0
2018-04-23,13.845011796241076,13.914352543144547,13.752558446716113,13.78337574005127,30100,0.0,0.0
2018-04-24,13.814194458694043,13.88353520537559,13.721739639945483,13.775671005249023,69700,0.0,0.0
2018-04-25,13.783374994454988,13.798784375048761,13.613876216481739,13.667807579040527,87900,0.0,0.0
2018-04-26,13.683216229719774,13.783374259197656,13.636989559923778,13.706330299377441,47900,0.0,0.0
2018-04-27,13.706329978023424,13.937464791103631,13.683215908907682,13.875828742980957,45400,0.0,0.0
2018-04-30,13.837307020454311,13.937466529596643,13.806489727308623,13.845011711120605,56200,0.0,0.0
2018-05-01,13.852713024426219,13.852713024426219,13.58305479492791,13.698623657226562,99200,0.0,0.0
2018-05-02,13.706329752689893,14.168599371250547,13.706329752689893,14.060736656188965,90000,0.0,0.0
2018-05-03,14.029919721557988,14.299578013782837,13.98369304759699,14.199419975280762,147500,0.0,0.0
2018-05-04,14.230235986299173,14.553825613917898,14.214828076046347,14.368917465209961,103700,0.0,0.0
2018-05-07,14.376622188860804,14.499894288288944,14.160895280101887,14.299576759338379,88600,0.0,0.0
2018-05-08,14.299576859637433,14.49989438999305,14.1994188292193,14.3920316696167,71600,0.0,0.0
2018-05-09,14.399734264918385,14.630869051965513,14.399734264918385,14.507596969604492,104800,0.0,0.0
2018-05-10,14.56153118692171,14.56153118692171,14.253350920384841,14.430554389953613,88400,0.0,0.0
2018-05-11,14.44596213349775,14.53841693774061,14.39973546613595,14.476780891418457,48500,0.0,0.0
2018-05-14,14.469077804011537,14.715622016598495,14.469077804011537,14.499895095825195,96300,0.0,0.0
2018-05-15,14.507600696330554,14.553827371710904,14.399737963936566,14.492191314697266,75100,0.0,0.0
2018-05-16,14.523007109509853,14.75414190868794,14.484483663300697,14.623165130615234,57700,0.0,0.0
2018-05-17,14.677100048653196,15.000689727765403,14.638578062612046,14.808076858520508,93600,0.0,0.0
2018-05-18,14.838892588622793,15.093141465254927,14.792665920922206,15.07773208618164,75000,0.0,0.0
2018-05-21,15.185593978188518,15.193298667307866,15.05461867171716,15.100845336914062,73500,0.0,0.0
2018-05-22,15.093142385203116,15.208709796258216,15.093142385203116,15.147073745727539,72000,0.0,0.0
2018-05-23,15.108553842215828,15.216416578092756,15.108553842215828,15.177894592285156,67000,0.0,0.0
2018-05-24,15.177891624738182,15.324276317801907,15.116255577785225,15.308868408203125,43300,0.0,0.0
2018-05-25,15.247232211301405,15.447548259789052,15.224118142851633,15.432140350341797,64100,0.0,0.0
2018-05-29,15.401321531516032,15.432140289327211,15.239527461565102,15.347390174865723,56200,0.0,0.0
2018-05-30,15.38591497979401,15.555415239862901,15.378210288925466,15.493779182434082,59400,0.0,0.0
2018-05-31,15.501484650817886,15.62475677185854,15.424439207787579,15.540006637573242,71200,0.0,0.0
2018-06-01,15.563117891070112,15.678685299913242,15.516889751917393,15.547708511352539,93700,0.0,0.0
2018-06-04,15.563118538795717,15.994570902209162,15.563118538795717,15.948344230651855,91400,0.0,0.0
2018-06-05,15.486070975766363,15.486070975766363,13.636988203179154,15.100845336914062,604600,0.0,0.0
2018-06-06,15.100847910818711,15.370506197881792,15.100847910818711,15.355096817016602,184000,0.0,0.0
2018-06-07,15.347393764757271,15.655574067358904,15.308871778001917,15.540006637573242,156400,0.0,0.0
2018-06-08,15.547709636540823,15.817367923036198,15.262641969212698,15.501482963562012,159400,0.0,0.0
2018-06-11,15.601641117323846,15.694095933496545,15.10084799264697,15.293460845947266,147400,0.0,0.0
2018-06-12,15.370504200061491,15.60934369435042,15.254935328113355,15.563117027282715,147700,0.0,0.0
2018-06-13,15.647867796198634,15.647867796198634,15.301165541846846,15.370506286621094,108000,0.0,0.0
2018-06-14,15.291802853995227,15.433466731358822,15.150138976631633,15.252450942993164,105700,0.42,0.0
2018-06-15,15.220972009066895,15.260322421774697,14.953384999512178,15.032087326049805,282600,0.0,0.0
2018-06-18,15.032086781883761,15.480688075450102,15.032086781883761,15.417726516723633,134100,0.0,0.0
2018-06-19,15.37050626921603,15.480688625622662,15.205231233484062,15.307544708251953,77300,0.0,0.0
2018-06-20,15.496429552719386,15.496429552719386,15.236712923394347,15.260322570800781,58700,0.0,0.0
2018-06-21,15.268193410889765,15.346895740552913,15.071438337292932,15.110790252685547,43400,0.0,0.0
2018-06-22,15.14226882176425,15.220971143828027,15.047827236185265,15.071436882019043,50100,0.0,0.0
2018-06-25,15.354766254645533,15.826978735531485,15.197361593976183,15.677444458007812,251200,0.0,0.0
2018-06-26,15.685313282575773,15.811236398150012,15.590870195334121,15.598740577697754,136900,0.0,0.0
2018-06-27,15.677445629228531,15.984383089229947,15.62235444421517,15.771888732910156,209200,0.0,0.0
2018-06-28,15.779755458411364,15.850587401209225,15.472818040368635,15.614481925964355,140200,0.0,0.0
2018-06-29,15.583001072001835,15.874199238495885,15.583001072001835,15.669573783874512,131800,0.0,0.0
2018-07-02,15.724662176797734,16.141783395111766,15.685311769896437,16.070951461791992,113800,0.0,0.0
2018-07-03,16.047340316978133,16.181133802013065,15.992249146867596,16.070951461791992,59600,0.0,0.0
2018-07-05,16.126044583984818,16.21261729099359,16.055212642090726,16.196876525878906,114000,0.0,0.0
2018-07-06,16.20474755464066,16.20474755464066,16.031603634840558,16.12604522705078,80400,0.0,0.0
2018-07-09,16.16539446350249,16.16539446350249,16.031600979100077,16.094562530517578,80100,0.0,0.0
2018-07-10,16.078824982586717,16.126045780311905,15.9607722377127,16.0158634185791,48300,0.0,0.0
2018-07-11,15.968641495591143,16.16539655689046,15.945030347831308,16.11030387878418,54500,0.0,0.0
2018-07-12,16.12604748463131,16.173268287347142,15.913551620726695,15.921422004699707,74300,0.0,0.0
2018-07-13,15.929287722596724,16.251965865358752,15.929287722596724,16.173263549804688,65000,0.0,0.0
2018-07-16,16.173263549804688,16.244095483691165,16.0552108270345,16.173263549804688,65200,0.0,0.0
2018-07-17,16.102434701692307,16.362152843128086,16.102434701692307,16.330671310424805,57100,0.0,0.0
2018-07-18,16.33067079233893,16.613998573191576,16.33067079233893,16.566776275634766,107700,0.0,0.0
2018-07-19,16.55890418503458,16.56677306531383,16.377888415054947,16.432979583740234,64600,0.0,0.0
2018-07-20,16.401501441937427,16.519554174259927,16.330669502319537,16.370019912719727,48200,0.0,0.0
2018-07-23,16.37001665121644,16.4959397407549,16.25983432315069,16.322795867919922,53600,0.0,0.0
2018-07-24,16.37789011733695,16.488073967281554,16.22048697632196,16.354280471801758,56200,0.0,0.0
2018-07-25,16.346411446778767,16.56677616272039,16.189006791572996,16.46446418762207,75800,0.0,0.0
2018-07-26,16.456594386436617,16.56677674830202,16.370021672901178,16.480205535888672,48500,0.0,0.0
2018-07-27,16.48020176783805,16.495941029418685,16.173262899628536,16.39362907409668,160900,0.0,0.0
2018-07-30,16.291319097825966,16.692698087643606,16.291319097825966,16.645477294921875,102200,0.0,0.0
2018-07-31,16.68483100884829,16.68483100884829,16.37002168703741,16.543167114257812,150100,0.0,0.0
2018-08-01,16.511684983734984,16.606128077082854,16.377891477146694,16.46446418762207,81800,0.0,0.0
2018-08-02,16.48807652466174,16.771402822882763,16.354283008429924,16.621870040893555,94700,0.0,0.0
2018-08-03,16.747790168402258,16.865842896570726,16.590385530096377,16.84223175048828,74100,0.0,0.0
2018-08-06,16.873713946548214,17.164910587482733,16.873713946548214,17.109819412231445,81300,0.0,0.0
2018-08-07,17.164913823032446,17.26722731160381,16.96028834701194,17.03112030029297,77700,0.0,0.0
2018-08-08,17.031115163616004,17.21213093469564,16.96028323169827,17.046855926513672,73700,0.0,0.0
2018-08-09,17.04685719549989,17.275093771140934,17.02324604939575,17.11768913269043,64800,0.0,0.0
2018-08-10,17.070469001658218,17.2042624991779,17.054728236980154,17.109819412231445,38300,0.0,0.0
2018-08-13,17.17278291160875,17.267226009234218,17.117691730128104,17.23574447631836,48000,0.0,0.0
2018-08-14,17.30657358028893,19.077368985516443,17.30657358028893,18.7468204498291,587700,0.0,0.0
2018-08-15,18.652383250968697,18.723215203908552,17.55842392285443,18.235261917114258,301200,0.0,0.0
2018-08-16,18.243130360330284,18.5421974067243,18.203778445592878,18.447755813598633,101700,0.0,0.0
2018-08-17,18.48710378296935,18.534324573288956,18.23525756643564,18.345439910888672,79800,0.0,0.0
2018-08-20,18.35331460754936,18.573680849384065,18.266741887342477,18.384796142578125,56600,0.0,0.0
2018-08-21,18.41627241076037,18.518585877560774,18.250998889020817,18.298219680786133,91500,0.0,0.0
2018-08-22,18.29034856081878,18.565805920394858,18.2037758618064,18.329700469970703,110300,0.0,0.0
2018-08-23,18.369054758743026,18.98293116110714,18.29035242493396,18.644512176513672,143500,0.0,0.0
2018-08-24,18.683860707205962,18.849135741636985,18.353312139465924,18.43201446533203,84800,0.0,0.0
2018-08-27,18.51071502518166,18.786172388871993,18.47923349738991,18.597286224365234,109800,0.0,0.0
2018-08-28,17.684343273663934,17.999152553138536,16.637606472439998,17.98341178894043,526400,0.0,0.0
2018-08-29,17.99128297263447,18.526456970239497,17.99128297263447,18.41627311706543,151900,0.0,0.0
2018-08-30,18.392663509942793,18.487105097296258,18.11720612810491,18.266738891601562,111800,0.0,0.0
2018-08-31,18.235258764381957,18.31396108749947,18.148686058840493,18.227388381958008,78100,0.0,0.0
2018-09-04,18.243129091265253,18.6051576749329,18.243129091265253,18.589418411254883,105800,0.0,0.0
2018-09-05,18.707473743336493,18.707473743336493,18.432016325565847,18.644512176513672,79200,0.0,0.0
2018-09-06,18.65237754368659,18.76255988071384,18.50284329977692,18.550064086914062,64000,0.0,0.0
2018-09-07,18.620900362290946,18.620900362290946,18.227390208394482,18.251001358032227,82000,0.0,0.0
2018-09-10,18.25099764604102,18.471362326685878,18.17229533104423,18.290348052978516,77100,0.0,0.0
2018-09-11,18.298222305503806,18.49497738405761,18.06211681168809,18.140817642211914,150400,0.0,0.0
2018-09-12,18.10146724015219,18.298222318849493,18.077856090304547,18.203779220581055,291800,0.0,0.0
2018-09-13,18.258871890241892,18.479236617503997,18.030635278580863,18.140817642211914,151300,0.0,0.0
2018-09-14,18.30156859719484,18.349793644171733,17.851463048588478,17.988101959228516,104600,0.48,0.0
2018-09-17,17.955951494897835,18.213153775981084,17.883613161712354,17.9639892578125,75300,0.0,0.0
2018-09-18,17.963990350352972,17.972028113756483,17.682674763416568,17.730899810791016,95500,0.0,0.0
2018-09-19,17.730897548672978,17.875574205385004,17.176305742005432,17.2406063079834,226000,0.0,0.0
2018-09-20,17.200419954888265,17.64248775059586,17.120043852664462,17.594261169433594,130100,0.0,0.0
2018-09-21,17.650523174000284,17.666598700319312,17.264719740622986,17.312946319580078,133100,0.0,0.0
2018-09-24,17.385283987856088,17.40939727853568,17.12808168612705,17.15219497680664,88800,0.0,0.0
2018-09-25,17.216494160756113,17.320982012496057,17.09593078319571,17.256681442260742,184500,0.0,0.0
2018-09-26,17.264720996341975,17.353134864480694,17.120044315041042,17.136119842529297,90800,0.0,0.0
2018-09-27,17.48977325809035,17.505848785097022,16.9673308947465,17.031631469726562,142100,0.0,0.0
2018-09-28,17.04770577766015,17.17630846303543,16.822654527608396,16.830692291259766,151300,0.0,0.0
2018-10-01,16.91910565873219,16.99144400296622,16.67797886664993,16.72620391845703,128400,0.0,0.0
2018-10-02,16.71816399477939,16.77442833650772,16.41273666205837,16.485074996948242,168000,0.0,0.0
2018-10-03,16.42077436725087,16.42881213032657,16.187683837195213,16.235910415649414,163200,0.0,0.0
2018-10-04,16.23591457541543,16.444890336738627,16.23591457541543,16.28413963317871,88000,0.0,0.0
2018-10-05,16.260023722447944,16.56545261626522,16.235911963968004,16.50115203857422,111000,0.0,0.0
2018-10-08,16.509188940351585,16.58152574506087,15.882257190815972,16.018896102905273,153100,0.0,0.0
2018-10-09,15.86618349040874,16.010860182575023,15.633094456510573,15.834033966064453,187400,0.0,0.0
2018-10-10,15.842068095114717,16.043007578003824,15.432152899101943,15.512527465820312,195300,0.0,0.0
2018-10-11,15.359816010282918,15.592905035218726,14.15417899931683,14.451568603515625,1020700,0.0,0.0
2018-10-12,14.668582235775729,15.287476210367036,14.636431182684268,15.19906234741211,434000,0.0,0.0
2018-10-15,15.27943801990854,15.391963636489457,14.893634591876921,14.92578411102295,150300,0.0,0.0
2018-10-16,14.974009804728983,15.17494929049481,14.740920798424861,15.126724243164062,176400,0.0,0.0
2018-10-17,15.126726064932436,15.954597397888078,15.126726064932436,15.793845176696777,352800,0.0,0.0
2018-10-18,15.753655245428298,15.753655245428298,14.96597286641852,15.0302734375,172700,0.0,0.0
2018-10-19,15.070460187328294,15.456263600192742,14.85344519269961,14.949896812438965,226500,0.0,0.0
2018-10-22,14.877559773732184,15.070461496927258,14.660544760245243,14.68465805053711,118000,0.0,0.0
2018-10-23,14.499795616408994,14.66054630279541,14.29081834436455,14.66054630279541,135900,0.0,0.0
2018-10-24,14.604281203745368,14.652506248820647,14.29081611118624,14.298853874206543,138200,0.0,0.0
2018-10-25,14.314928597961584,14.805221435903203,14.314928597961584,14.68465805053711,115100,0.0,0.0
2018-10-26,14.556059873331213,14.821299988503513,14.178292580204621,14.515871047973633,133800,0.0,0.0
2018-10-29,14.692694889360899,15.118685593050074,14.588205504384915,14.998122215270996,177800,0.0,0.0
2018-10-30,14.998124703532914,15.440191006412658,14.917748593996567,15.263364791870117,146200,0.0,0.0
2018-10-31,15.432152669141816,15.801880576285956,15.35177657057457,15.58486557006836,127800,0.0,0.0
2018-11-01,15.689357154054614,15.825996080829404,15.472342117462867,15.737582206726074,95500,0.0,0.0
2018-11-02,15.825992331897348,15.962631226304504,15.311586270751716,15.544676780700684,103800,0.0,0.0
2018-11-05,15.520564776963216,15.745617543139648,15.383925871257265,15.633091926574707,81000,0.0,0.0
2018-11-06,15.64916762263221,16.002821569953742,15.633093627835509,15.954596519470215,72600,0.0,0.0
2018-11-07,16.059082058978028,16.179645434252432,15.552715269606933,15.617015838623047,222000,0.0,0.0
2018-11-08,16.034970392103993,16.790501698944713,15.842067150946255,16.573488235473633,222200,0.0,0.0
2018-11-09,16.573490930704533,16.597602689985504,16.20376144691327,16.541339874267578,123500,0.0,0.0
2018-11-12,16.477036763881113,16.477036763881113,15.882256108565132,15.922443389892578,127300,0.0,0.0
2018-11-13,15.930484117225005,16.25198702681166,15.625056736379383,15.769733428955078,138800,0.0,0.0
2018-11-14,15.90637150930655,16.075159952950102,15.528604269262324,15.600942611694336,77000,0.0,0.0
2018-11-15,15.48037898340408,15.761694584914949,15.432153933531177,15.673280715942383,76800,0.0,0.0
2018-11-16,15.705431338784043,15.817956963071397,15.52056584210912,15.753656387329102,67000,0.0,0.0
2018-11-19,16.284137444352023,17.071819925146308,15.92244572712672,16.4207763671875,476000,0.0,0.0
2018-11-20,16.35647266150178,16.468998270665736,15.970669258899838,16.203758239746094,214200,0.0,0.0
2018-11-21,16.251985434403856,16.589563839654815,16.235911440284593,16.444887161254883,152900,0.0,0.0
2018-11-23,16.356473659034716,16.55741313510874,16.243946509961617,16.493112564086914,58000,0.0,0.0
2018-11-26,16.653866249076287,17.039671278307075,16.645828484608266,16.83873176574707,137800,0.0,0.0
2018-11-27,16.830692995166878,17.023594731727503,16.686016309484728,16.927143096923828,90300,0.0,0.0
2018-11-28,16.93518015503622,17.48977358268622,16.93518015503622,17.457622528076172,102700,0.0,0.0
2018-11-29,17.337058076012053,17.44958369415212,17.272757503782504,17.312946319580078,77000,0.0,0.0
2018-11-30,17.28079612767116,17.497811144647528,17.039669353061846,17.15219497680664,137500,0.0,0.0
2018-12-03,17.30490801972212,17.562110300663385,17.05574196864456,17.256681442260742,124100,0.0,0.0
2018-12-04,17.280791646543438,17.280791646543438,16.758349415001373,16.782461166381836,229500,0.0,0.0
2018-12-06,16.637791082003407,16.75835447444323,16.010859295050935,16.308250427246094,320700,0.0,0.0
2018-12-07,16.284134194793708,16.509186944273438,16.059081445313975,16.083194732666016,127200,0.0,0.0
2018-12-10,16.155535174849682,16.428813001732305,16.043008018867837,16.075159072875977,145200,0.0,0.0
2018-12-11,16.27610037134775,16.27610037134775,15.938521931953478,15.97870922088623,191400,0.0,0.0
2018-12-12,16.051048476521085,16.404702464737856,16.01086118531216,16.043010711669922,187400,0.0,0.0
2018-12-13,16.251984010536955,16.251984010536955,15.898331642150879,15.898331642150879,145500,0.0,0.0
2018-12-14,15.793844389229726,15.970672130333043,15.528604310621473,15.536642074584961,182900,0.0,0.0
2018-12-17,15.404625313641294,15.404625313641294,14.04320989922018,14.265987396240234,687800,0.5,0.0
2018-12-18,14.3815003542652,15.247855152622856,14.067961318118563,14.191727638244629,393200,0.0,0.0
2018-12-19,14.290740437974977,14.290740437974977,13.630660666101383,13.655412673950195,399800,0.0,0.0
2018-12-20,13.548149471070568,13.688416610718695,13.12734805212619,13.47389030456543,406900,0.0,0.0
2018-12-21,13.490392706108608,13.696667819126311,12.863316173684286,12.937575340270996,907400,0.0,0.0
2018-12-24,13.374876732202631,14.001953225222127,13.003582496355037,13.242860794067383,263000,0.0,0.0
2018-12-26,13.333623569495767,14.439258333504448,13.333623569495767,14.331995964050293,440600,0.0,0.0
2018-12-27,14.125719907889927,14.719791644791432,13.9194448025243,14.32374382019043,225000,0.0,0.0
2018-12-28,14.596027261415712,14.851807957815808,14.216480239697123,14.257736206054688,289700,0.0,0.0
2018-12-31,14.356747614370594,14.629030701800314,14.241234054174418,14.389752388000488,263900,0.0,0.0
2019-01-02,14.257733776805166,15.008574925287428,14.216477817476841,14.719789505004883,233100,0.0,0.0
2019-01-03,14.686785788183675,14.959068844213071,14.480510698047645,14.530017852783203,171100,0.0,0.0
2019-01-04,14.64553550225413,15.28086333554595,14.64553550225413,15.016831398010254,190700,0.0,0.0
2019-01-07,15.049829982266376,15.404623379548388,14.909562861800323,15.346866607666016,128500,0.0,0.0
2019-01-08,15.429376956249692,15.62740084859812,15.305610646497176,15.346866607666016,82700,0.0,0.0
2019-01-09,15.404623732363397,15.429377309631638,15.181846258211353,15.280858993530273,155500,0.0,0.0
2019-01-10,15.231351834538701,15.421126112698289,15.157094250263778,15.297361373901367,104400,0.0,0.0
2019-01-11,15.198348798023366,15.586145403322309,15.107587254201762,15.57789421081543,98000,0.0,0.0
2019-01-14,15.487135523504005,15.726413831006004,15.355119579967553,15.569645881652832,67200,0.0,0.0
2019-01-15,15.544892083984518,16.039952652177522,15.544892083984518,15.924437522888184,120800,0.0,0.0
2019-01-16,15.940940609466539,16.048204550394413,15.808924661981642,15.84192943572998,239500,0.0,0.0
2019-01-17,15.841929086786582,16.006948230630783,15.693410755698865,15.883183479309082,194500,0.0,0.0
2019-01-18,15.949189795111797,16.05645214878253,15.907935406873985,15.99044418334961,235100,0.0,0.0
2019-01-22,15.957442783714331,16.064705149458746,15.561394946536813,15.643903732299805,157400,0.0,0.0
2019-01-23,15.635653635367557,15.759418383987695,14.942569154589792,15.371620178222656,195100,0.0,0.0
2019-01-24,15.371620772632548,15.51188791282718,15.31386399262668,15.437628746032715,75900,0.0,0.0
2019-01-25,15.536641701159025,15.643904069213487,15.470633726874532,15.63565444946289,132300,0.0,0.0
2019-01-28,15.520138979901107,15.792422064679926,15.47063339369247,15.643903732299805,119300,0.0,0.0
2019-01-29,15.668658263816116,15.874933388258805,15.487136720858102,15.652155876159668,94700,0.0,0.0
2019-01-30,15.759417538768814,15.841927891341713,15.594396833623016,15.742915153503418,105200,0.0,0.0
2019-01-31,15.751168466366707,15.965694782431536,15.718163691393213,15.916189193725586,153800,0.0,0.0
2019-02-01,15.998695472689448,16.064703438522333,15.775919571599742,15.80892276763916,106300,0.0,0.0
2019-02-04,15.899684548549384,16.056452486150203,15.767668614909713,15.982194900512695,98700,0.0,0.0
2019-02-05,16.039953231811523,16.05645404480272,15.866681318493093,16.039953231811523,66500,0.0,0.0
2019-02-06,16.039951322258034,16.064703325675215,15.957440972108014,16.048202514648438,78400,0.0,0.0
2019-02-07,16.0729562029193,16.0729562029193,15.874932286053744,15.883183479309082,53200,0.0,0.0
2019-02-08,15.817176097612801,16.023451215435735,15.817176097612801,15.94919204711914,46400,0.0,0.0
2019-02-11,16.04820372090742,16.147214889526367,15.973944557566137,16.147214889526367,94400,0.0,0.0
2019-02-12,16.23797521836566,16.25447760314647,16.015197745086816,16.048202514648438,60300,0.0,0.0
2019-02-13,16.05645523301511,16.221475965172726,16.048205612786134,16.155467987060547,64000,0.0,0.0
2019-02-14,16.188472403365004,16.254480380010808,16.114213232919187,16.213224411010742,66500,0.0,0.0
2019-02-15,16.287482014662626,16.287482014662626,15.965693356188465,16.171968460083008,191700,0.0,0.0
2019-02-19,16.12246404737576,16.328739166259766,15.982196903584468,16.328739166259766,107300,0.0,0.0
2019-02-20,16.270978573447067,16.369991309347117,16.17196741130107,16.345237731933594,64700,0.0,0.0
2019-02-21,16.402995331219405,16.799044721003032,16.295732971202543,16.60102081298828,127500,0.0,0.0
2019-02-22,16.683530087299776,16.87330438178944,16.502008559694637,16.832048416137695,88400,0.0,0.0
2019-02-25,16.914558290467905,17.030071843484414,16.1802194341416,16.551513671875,191300,0.0,0.0
2019-02-26,16.44425046783364,16.51025843384899,16.10595944528572,16.345237731933594,130900,0.0,0.0
2019-02-27,16.336986892590456,16.36999166318856,16.10595979342005,16.27923011779785,94200,0.0,0.0
2019-02-28,16.336988436122443,16.41949879665927,16.006948567729367,16.369993209838867,85100,0.0,0.0
2019-03-01,16.452500262931636,16.658775335929136,16.237973998163767,16.625770568847656,85300,0.0,0.0
2019-03-04,16.66702878503962,16.733036754388618,16.444251298328965,16.592769622802734,65400,0.0,0.0
2019-03-05,16.60102047685981,16.667028444861565,16.378242994696095,16.609270095825195,91600,0.0,0.0
2019-03-06,16.741285673508226,16.92280717112554,16.452500256670838,16.658775329589844,91200,0.0,0.0
2019-03-07,16.675278771308513,17.112582561469935,16.295733332633972,16.50200843811035,153600,0.0,0.0
2019-03-08,16.427751614085974,16.790796292084966,16.427751614085974,16.766042709350586,106600,0.0,0.0
2019-03-11,16.79079317027634,16.91455791342866,16.667028427124023,16.667028427124023,127500,0.0,0.0
2019-03-12,16.766042243620337,16.78254463165152,16.526763912185583,16.535015106201172,130500,0.0,0.0
2019-03-13,16.54326260465172,16.955812809992203,16.54326260465172,16.88980484008789,151700,0.0,0.0
2019-03-14,16.830899311617106,17.201179545906182,16.72991320949476,17.091777801513672,145900,0.4,0.0
2019-03-15,17.108610652441932,17.31058127005851,16.881393105703367,17.0665340423584,112100,0.0,0.0
2019-03-18,17.066531438743915,17.12543932592198,16.72991218895004,16.83089828491211,121500,0.0,0.0
2019-03-19,16.78882110532392,16.99920732666823,16.713081937230406,16.771989822387695,117700,0.0,0.0
2019-03-20,16.755156908033104,16.814064787454644,16.426954948330625,16.58684730529785,189400,0.0,0.0
2019-03-21,16.410126062789434,16.544773122587372,15.863122181720367,15.980937957763672,291800,0.0,0.0
2019-03-22,15.930444214895376,15.938859855982011,15.442348267706373,15.56857967376709,255200,0.0,0.0
2019-03-25,15.518086031170155,15.846287978317093,15.332945154220173,15.770548820495605,131100,0.0,0.0
2019-03-26,15.85470553681489,16.199738806358955,15.694811561500496,16.17449188232422,91900,0.0,0.0
2019-03-27,16.166076507798426,16.763574212193074,16.13241554698267,16.662588119506836,172900,0.0,0.0
2019-03-28,16.755158852752974,17.01603732266458,16.713082249745124,16.90663719177246,156500,0.0,0.0
2019-03-29,16.94029754423088,16.990791392168706,16.5195251087991,16.52794075012207,191100,0.0,0.0
2019-04-01,16.620510939364873,16.847728436169664,16.57843433852818,16.603679656982422,121600,0.0,0.0
2019-04-02,16.814066461426357,17.41156416601467,16.738327293167,17.226423263549805,253300,0.0,0.0
2019-04-03,17.344240607901995,17.495718944146997,17.268501439779495,17.335824966430664,108500,0.0,0.0
2019-04-04,17.33582338742854,17.529378308281117,17.28533114831903,17.470470428466797,123400,0.0,0.0
2019-04-05,17.57145489070798,17.89124281672256,17.50413137025007,17.82391929626465,111900,0.0,0.0
2019-04-08,17.85758251187843,17.92490604084885,17.739766737460087,17.849166870117188,115500,0.0,0.0
2019-04-09,17.84916578351886,17.882828348514575,17.57987168403093,17.697689056396484,94000,0.0,0.0
2019-04-10,17.69769015958938,17.7818433670855,17.504133609037485,17.605119705200195,53300,0.0,0.0
2019-04-11,17.63036594920986,17.78184267992091,17.537795498397983,17.689273834228516,49400,0.0,0.0
2019-04-12,17.69769036037837,17.924906270363135,17.69769036037837,17.882829666137695,68500,0.0,0.0
2019-04-15,17.8659956518773,17.916489495374154,17.377899733909608,17.54620933532715,116700,0.0,0.0
2019-04-16,17.621950307761555,17.832336528610742,17.50413293260476,17.689273834228516,64300,0.0,0.0
2019-04-17,17.739767880843775,17.739767880843775,17.470473747605254,17.512550354003906,56500,0.0,0.0
2019-04-18,17.571458320832438,17.60512089019233,17.31057982877186,17.47888946533203,72100,0.0,0.0
2019-04-22,17.478886816497187,17.63877918136687,17.276916246304367,17.3526554107666,91500,0.0,0.0
2019-04-23,17.35265485336832,17.647194255572085,17.35265485336832,17.42839241027832,57600,0.0,0.0
2019-04-24,17.394733428955078,17.571457090360184,17.31057861656808,17.394733428955078,65900,0.0,0.0
2019-04-25,17.377902300509586,17.495719680950433,17.167516070224675,17.46205711364746,49900,0.0,0.0
2019-04-26,17.47888745643845,17.748181559888334,17.243254313360065,17.621950149536133,85400,0.0,0.0
2019-04-29,17.672442551331905,17.79867396281752,17.529379856949678,17.689273834228516,102000,0.0,0.0
2019-04-30,17.638780667174732,17.714519838016876,17.377902192673762,17.605119705200195,64500,0.0,0.0
2019-05-01,17.605118753431995,18.093214714071948,17.56304215195868,18.00905990600586,171700,0.0,0.0
2019-05-02,18.093213033451622,19.15355966430543,17.958565995100596,18.640216827392578,159600,0.0,0.0
2019-05-03,18.758035262047823,19.027329354143433,18.556063087856714,18.90109634399414,127600,0.0,0.0
2019-05-06,18.59814142030138,20.054013618862317,18.59814142030138,19.321868896484375,144300,0.0,0.0
2019-05-07,19.296624823603043,19.591165859776286,19.018915070667017,19.161977767944336,86600,0.0,0.0
2019-05-08,19.103066576193424,19.15355881204853,18.976833578876807,19.010496139526367,47600,0.0,0.0
2019-05-09,18.90109467157292,19.01049639000622,18.76644763743906,18.934757232666016,50500,0.0,0.0
2019-05-10,18.875852355260463,19.002083769179325,18.758036582952126,18.84218978881836,46500,0.0,0.0
2019-05-13,18.69070816040039,18.892680313265775,18.606554969345584,18.69070816040039,62900,0.0,0.0
2019-05-14,18.766448625134714,18.884265990042127,18.699125104524484,18.74120330810547,47400,0.0,0.0
2019-05-15,18.589727974890724,18.833775174428602,18.530820085523636,18.648635864257812,59200,0.0,0.0
2019-05-16,18.699126100771153,18.85902007265899,18.69071045960659,18.791696548461914,59500,0.0,0.0
2019-05-17,18.766449784675736,19.010498565166692,18.72437318361427,18.859020233154297,43300,0.0,0.0
2019-05-20,18.833771552787706,19.035743713378906,18.816941877004517,19.035743713378906,42500,0.0,0.0
2019-05-21,19.02732767055277,19.103066827892974,18.7412023217385,18.934757232666016,67400,0.0,0.0
2019-05-22,18.9010971090784,18.9010971090784,18.42983242883509,18.539234161376953,59400,0.0,0.0
2019-05-23,18.421416497262182,18.50557130440256,18.101630156272062,18.295185089111328,73200,0.0,0.0
2019-05-24,18.404584649557297,18.52240040258867,18.2026124941903,18.370922088623047,60800,0.0,0.0
2019-05-28,18.303600569668507,18.429831976711302,18.219445763266837,18.227861404418945,80500,0.0,0.0
2019-05-29,18.219447360491802,18.31201781616086,17.9417375986042,18.093215942382812,89000,0.0,0.0
2019-05-30,18.084797742580776,18.16895254445711,17.958566342325945,18.06796646118164,32300,0.0,0.0
2019-05-31,17.924905957559282,17.98381544961427,17.55462735250229,17.74818229675293,155600,0.0,0.0
2019-06-03,17.714518672610126,17.84075168578875,17.26850092379304,17.487302780151367,117800,0.0,0.0
2019-06-04,17.62195211662806,18.513989335161426,17.55462858325044,18.49715805053711,133100,0.0,0.0
2019-06-05,18.614973471612664,19.035745912059323,18.52240302107617,18.850605010986328,92600,0.0,0.0
2019-06-06,18.808528670286712,18.884267839028876,18.623387766641653,18.774866104125977,58700,0.0,0.0
2019-06-07,18.816945159890718,19.119900243393797,18.808529517971248,19.077823638916016,70700,0.0,0.0
2019-06-10,19.271378897564666,19.32187114477377,19.00208477228999,19.21247100830078,112800,0.0,0.0
2019-06-11,19.220883649857285,19.481762092352447,19.010497446689076,19.305038452148438,86900,0.0,0.0
2019-06-12,19.28820717066634,19.557501253902554,19.212468009116236,19.305038452148438,116500,0.0,0.0
2019-06-13,19.493969698545474,19.536907301164412,19.28786461967384,19.339391708374023,101100,0.46,0.0
2019-06-14,19.399504650820372,19.476793644486154,19.1934012136998,19.408092498779297,98100,0.0,0.0
2019-06-17,19.322214126586914,19.37373957229445,18.918595132276497,19.322214126586914,133400,0.0,0.0
2019-06-18,19.322215557130857,19.717246733409237,19.279277955523035,19.605607986450195,121200,0.0,0.0
2019-06-19,19.579844186882713,19.717246475789896,19.44244189797553,19.47679328918457,57300,0.0,0.0
2019-06-20,19.579843480026206,19.665720316984057,19.33939030210154,19.614194869995117,79800,0.0,0.0
2019-06-21,19.665720950185733,19.82888678186286,19.571257900658537,19.657133102416992,84800,0.0,0.0
2019-06-24,19.83747520034787,20.095104088964074,19.751598358154293,19.751598358154297,162900,0.0,0.0
2019-06-25,19.70865883410805,19.751596432035424,18.815542383132247,19.159048080444336,155800,0.0,0.0
2019-06-26,19.244925159099598,19.665719848405853,19.193399713338366,19.305038452148438,75000,0.0,0.0
2019-06-27,19.30503947172026,19.751597726473747,19.30503947172026,19.708660125732422,64000,0.0,0.0
2019-06-28,19.751598358154293,19.93193825259273,19.30504008911932,19.751598358154297,114400,0.0,0.0
2019-07-01,19.940524260396128,20.095102234486422,19.459616281643058,19.554080963134766,94400,0.0,0.0
2019-07-02,19.562670384842374,19.66572128388695,19.373741006653145,19.605607986450195,53500,0.0,0.0
2019-07-03,19.605607063648918,19.854649727552903,19.579843521118164,19.579843521118164,32900,0.0,0.0
2019-07-05,19.433854163755296,19.940525721298474,19.433854163755296,19.837474822998047,47700,0.0,0.0
2019-07-08,19.493967464444196,19.493967464444196,18.824130129789292,19.37373924255371,254200,0.0,0.0
2019-07-09,19.20198885127706,19.30503974972604,19.07317277126909,19.24492645263672,186700,0.0,0.0
2019-07-10,19.167636237537632,19.31362636600128,19.116110791598814,19.124698638916016,76300,0.0,0.0
2019-07-11,19.16763700777876,19.219162455788105,18.901420282105295,18.93577003479004,68200,0.0,0.0
2019-07-12,18.901422118452288,19.0302365699727,18.764019818435234,18.9872989654541,83500,0.0,0.0
2019-07-15,18.961536384042613,19.253516695915426,18.832721925972773,18.97871208190918,110400,0.0,0.0
2019-07-16,18.961532902706935,19.064585433021193,18.764017327399376,18.927183151245117,108700,0.0,0.0
2019-07-17,18.901419260435603,19.055997234072755,18.806954579220818,18.99588394165039,73200,0.0,0.0
2019-07-18,19.047410851382807,19.047410851382807,18.626616134108016,18.686729431152344,65100,0.0,0.0
2019-07-19,18.772604046374177,18.927182013572008,18.72107696533203,18.72107696533203,58200,0.0,0.0
2019-07-22,18.678142172322467,18.678142172322467,17.87090246578512,18.205821990966797,213800,0.0,0.0
2019-07-23,18.21440882968634,18.360398976992034,18.085594379231814,18.248760223388672,83900,0.0,0.0
2019-07-24,18.162881948270673,18.600852355733757,18.162881948270673,18.540739059448242,84700,0.0,0.0
2019-07-25,18.61802861916162,18.86706965965048,18.429099238827458,18.635204315185547,48600,0.0,0.0
2019-07-26,18.71249531683622,19.004473990744327,18.71249531683622,18.97871208190918,87100,0.0,0.0
2019-07-29,18.97870907255933,18.97870907255933,17.647622182328266,18.05124282836914,307600,0.0,0.0
2019-07-30,18.918597458435222,19.12470090457145,18.25734787835362,19.055999755859375,143300,0.0,0.0
2019-07-31,19.030233967703882,19.030233967703882,18.34322256156325,18.51497459411621,77600,0.0,0.0
2019-08-01,18.53214881476983,18.70390247162642,18.128529850510386,18.23158073425293,59500,0.0,0.0
2019-08-02,18.188646338389546,18.248759637473956,18.051244043921024,18.171470642089844,50400,0.0,0.0
2019-08-05,18.0684188203822,18.08559287784304,17.484458279637337,17.57033348083496,209300,0.0,0.0
2019-08-06,17.66479798966668,18.034067247766693,17.5016321606997,17.836551666259766,124400,0.0,0.0
2019-08-07,17.493044535267046,17.793610988032405,17.35564062233447,17.535982131958008,137100,0.0,0.0
2019-08-08,17.544572677833564,17.87949056984477,17.544572677833564,17.776439666748047,76800,0.0,0.0
2019-08-09,17.70773874331861,18.068420184661537,17.656211653152056,17.92243003845215,66000,0.0,0.0
2019-08-12,17.767852221034694,18.40333826441028,17.74208867569454,18.21440887451172,90800,0.0,0.0
2019-08-13,18.257347441777615,18.44627518672697,18.137120843897527,18.205821990966797,73400,0.0,0.0
2019-08-14,17.956778613484975,18.085593054504145,17.60468504364915,17.767850875854492,69400,0.0,0.0
2019-08-15,17.81078840085762,18.145706273670957,17.81078840085762,17.948190689086914,70200,0.0,0.0
2019-08-16,18.025480724905574,18.403337858401922,17.913841973490406,18.317461013793945,64400,0.0,0.0
2019-08-19,18.549328861193157,18.927186012174374,18.4119265586481,18.506389617919922,147200,0.0,0.0
2019-08-20,18.52356270310002,18.892831953353507,18.52356270310002,18.643789291381836,85500,0.0,0.0
2019-08-21,19.28786502089926,19.322216414080625,19.10752512059084,19.236339569091797,352200,0.0,0.0
2019-08-22,19.347980185177505,19.536907935990154,19.29645309480302,19.3823299407959,255200,0.0,0.0
2019-08-23,19.433856071486993,19.554084315259068,19.2363404653849,19.279279708862305,129200,0.0,0.0
2019-08-26,19.442440032958984,19.56266825269324,19.416678129987904,19.442440032958984,76500,0.0,0.0
2019-08-27,19.45961687069765,19.64854460143565,19.45961687069765,19.631370544433594,99200,0.0,0.0
2019-08-28,19.631371761862006,19.785949750217537,19.614196065830384,19.751598358154297,137300,0.0,0.0
2019-08-29,19.81171132199199,19.83747486560468,19.545494589852193,19.803123474121094,77000,0.0,0.0
2019-08-30,19.837473056311445,19.837473056311445,19.53690496010163,19.588430404663086,91700,0.0,0.0
2019-09-03,19.493968673347236,19.597019569399006,19.330802843640065,19.51114273071289,86700,0.0,0.0
2019-09-04,19.545494100463106,19.63995878671322,19.528318405151367,19.528318405151367,118800,0.0,0.0
2019-09-05,19.639956849172094,19.691482292059717,19.42526559284866,19.54549217224121,105800,0.0,0.0
2019-09-06,19.571257028961508,19.614194627928306,19.081759555732177,19.468204498291016,132300,0.0,0.0
2019-09-09,19.51972963431876,19.751596596167833,19.425266590500694,19.502553939819336,159000,0.0,0.0
2019-09-10,19.571257643430716,19.734421834998873,19.493968652492345,19.528318405151367,101000,0.0,0.0
2019-09-11,19.631370194163164,19.725833238864507,19.511141969507392,19.700071334838867,126400,0.0,0.0
2019-09-12,19.700072320134066,19.751597768726775,19.459617496760615,19.67430877685547,113400,0.0,0.0
2019-09-13,19.75159730190596,20.077927319233098,19.700071854531032,19.957700729370117,173000,0.0,0.0
2019-09-16,19.794535096172094,20.223917650431485,19.794535096172094,20.138042449951172,117200,0.0,0.0
2019-09-17,20.1552166898704,20.601774943457357,20.1552166898704,20.44719696044922,170200,0.0,0.0
2019-09-18,20.48154640197754,20.5502475392242,20.19815400608953,20.48154640197754,213200,0.0,0.0
2019-09-19,20.516754150390625,20.816011966845448,20.455142543259992,20.516754150390625,134000,0.58,0.0
2019-09-20,20.455143771224392,20.648780502229414,20.199895429390065,20.36712646484375,127400,0.0,0.0
2019-09-23,20.243903114824843,20.296712826802185,19.73340475560262,19.812620162963867,148700,0.0,0.0
2019-09-24,19.856625977032113,20.094272175186255,19.73340276856269,19.742204666137695,79000,0.0,0.0
2019-09-25,19.768607553151057,19.803815141444037,19.61017844220328,19.654186248779297,38500,0.0,0.0
2019-09-26,19.662989525928005,20.191091635856832,19.662989525928005,19.953445434570312,77300,0.0,0.0
2019-09-27,20.12948143480123,20.155885450925588,19.80381791268047,19.944644927978516,68700,0.0,0.0
2019-09-30,20.050264022051127,20.094271830380684,19.847823738880443,19.874229431152344,88400,0.0,0.0
2019-10-01,19.98865195662716,20.094273053352765,19.583774723224813,19.618982315063477,90400,0.0,0.0
2019-10-02,19.55736800964295,19.803816103292878,18.923646498702084,18.985258102416992,194500,0.0,0.0
2019-10-03,18.96765414648769,19.337325444431023,18.96765414648769,19.25811004638672,149700,0.0,0.0
2019-10-04,19.293319381647688,19.407740700958207,19.073276962458635,19.117284774780273,117200,0.0,0.0
2019-10-07,18.9852574734786,19.099680458407395,18.26351869023016,18.80042266845703,312600,0.0,0.0
2019-10-08,18.6507957756504,18.87964009128426,18.448355475688256,18.56277847290039,160000,0.0,0.0
2019-10-09,18.615586788174493,18.712405981823917,18.56277708199767,18.571578979492188,130800,0.0,0.0
2019-10-10,18.923645802500463,19.83022106624055,18.774016908073268,18.835628509521484,277900,0.0,0.0
2019-10-11,19.064474366679907,19.30212057361847,18.800424144830636,18.862035751342773,203700,0.0,0.0
2019-10-14,18.923647455647085,19.187697678860896,18.906043659755397,19.038068771362305,159300,0.0,0.0
2019-10-15,19.055671866475816,19.363731568089854,19.055671866475816,19.19649887084961,166900,0.0,0.0
2019-10-16,19.293319381647688,19.407740700958207,19.055673166013808,19.117284774780273,105000,0.0,0.0
2019-10-17,19.187696885655622,19.266912285103135,19.073275574670497,19.12608528137207,99900,0.0,0.0
2019-10-18,19.099681612301822,19.469352923468644,19.08207781681999,19.407739639282227,129800,0.0,0.0
2019-10-21,19.45174858732663,19.662989090866205,19.434144792334095,19.601377487182617,169300,0.0,0.0
2019-10-22,19.618982158207565,19.77741128384375,19.566170770871803,19.58377456665039,68200,0.0,0.0
2019-10-23,19.645385384052826,19.777410489508874,19.627781588981275,19.671791076660156,87400,0.0,0.0
2019-10-24,19.671790469830263,19.74220396915408,19.451748074594555,19.592575073242188,71700,0.0,0.0
2019-10-25,19.592578733944304,19.636586549697824,19.390140095413223,19.451751708984375,89200,0.0,0.0
2019-10-28,19.601378540504637,19.706997958554965,19.275715030803635,19.310922622680664,122200,0.0,0.0
2019-10-29,19.310921072647638,19.478152084269226,19.275713483596622,19.284515380859375,74800,0.0,0.0
2019-10-30,19.425343506066778,19.522162702781912,19.22290489365363,19.372533798217773,108200,0.0,0.0
2019-10-31,19.372532923997955,19.5749715272757,19.25810993689991,19.39013671875,75900,0.0,0.0
2019-11-01,19.363731629159357,19.60137782933599,19.363731629159357,19.46935272216797,76200,0.0,0.0
2019-11-04,19.627783931939625,19.856628258815945,19.4781550135509,19.715801239013672,205500,0.0,0.0
2019-11-05,19.751007008839444,20.032661022425902,19.751007008839444,19.786212921142578,96700,0.0,0.0
2019-11-06,19.751005158391507,19.883030255042094,19.37253198354702,19.44294548034668,215400,0.0,0.0
2019-11-07,20.06786707708781,20.772003794839357,19.900636054578502,20.129480361938477,333800,0.0,0.0
2019-11-08,19.601378259846005,20.02385928357886,19.469353149778282,19.821420669555664,116000,0.0,0.0
2019-11-11,19.803814900265362,20.023857288046088,19.79501300329931,19.856624603271484,95700,0.0,0.0
2019-11-12,19.85662563404652,20.217495034436745,19.847823736623553,20.182289123535156,144300,0.0,0.0
2019-11-13,20.11187537490218,20.182288874627222,19.874229183783815,20.07666778564453,86400,0.0,0.0
2019-11-14,20.067865707636358,20.217494603053577,19.90943659377422,19.935840606689453,82800,0.0,0.0
2019-11-15,20.07666934561371,20.279109641994417,19.89183452402004,20.208694458007812,172600,0.0,0.0
2019-11-18,20.235099706649414,20.24390160445402,20.09427269935644,20.16468620300293,115500,0.0,0.0
2019-11-19,20.226296752921787,20.551960239529347,20.226296752921787,20.34952163696289,99500,0.0,0.0
2019-11-20,20.2439014179857,20.463943824702937,20.208693827091583,20.331918716430664,113100,0.0,0.0
2019-11-21,20.323117077955217,20.331918975791027,20.09427277059524,20.129480361938477,87300,0.0,0.0
2019-11-22,20.13828066630431,20.235099864118055,20.11187665147537,20.199893951416016,106200,0.0,0.0
2019-11-25,20.59596963789295,20.639979128016865,20.384729121669324,20.587167739868164,200300,0.0,0.0
2019-11-26,20.59596874635931,20.63117633693442,20.33191853220727,20.4991512298584,134400,0.0,0.0
2019-11-27,20.56956621102071,20.59597022705998,20.446341313939172,20.56076431274414,90700,0.0,0.0
2019-11-29,20.59596883358878,20.59596883358878,20.481547521315708,20.569564819335938,87700,0.0,0.0
2019-12-02,20.675184162816326,20.68398606046711,20.50795146503211,20.60477066040039,201300,0.0,0.0
2019-12-03,20.55196174234549,20.622375247464838,20.499152033203575,20.516754150390625,139900,0.0,0.0
2019-12-04,20.61357326442796,20.68398676925679,20.428736765008285,20.446340560913086,159300,0.0,0.0
2019-12-05,20.569567008741007,20.631178620275954,20.463945904116454,20.472747802734375,134600,0.0,0.0
2019-12-06,20.59596790976138,20.84241599740559,20.54315820483414,20.72799301147461,198900,0.0,0.0
2019-12-09,20.727992309799653,20.816009600892368,20.46394211531171,20.5783634185791,188600,0.0,0.0
2019-12-10,20.55196078786403,20.886424501950053,20.50795129996435,20.877622604370117,184500,0.0,0.0
2019-12-11,20.86881955911249,20.86881955911249,20.57836367010942,20.683984756469727,217800,0.0,0.0
2019-12-12,20.727995507947806,20.868822523908445,20.587168491987168,20.70159149169922,229000,0.0,0.0
2019-12-13,20.76511895687181,20.82865006043861,20.492849722910687,20.701589584350586,230600,0.71,0.0
2019-12-16,20.710664699129715,21.427642976618618,20.710664699129715,21.091842651367188,470400,0.0,0.0
2019-12-17,21.055542358257288,21.31873572893655,21.055542358257288,21.2642822265625,188700,0.0,0.0
2019-12-18,21.25520532267245,21.282432938060754,20.746968619409557,20.801422119140625,179000,0.0,0.0
2019-12-19,20.67436161230454,20.93755494775563,20.456545900917135,20.465620040893555,134300,0.0,0.0
2019-12-20,20.54730062962464,20.837721570799562,20.50192300670807,20.710662841796875,639200,0.0,0.0
2019-12-23,20.592683084750007,20.973861060207085,20.47469847772641,20.60175895690918,126500,0.0,0.0
2019-12-24,20.610833098022734,20.683440075296097,20.54730372395416,20.60175895690918,45200,0.0,0.0
2019-12-26,20.692513329240395,20.801422059435478,20.61083221435547,20.61083221435547,110700,0.0,0.0
2019-12-27,20.619907273844305,20.692512514099036,20.483772664747363,20.57452964782715,102200,0.0,0.0
2019-12-30,20.683439313965472,20.737892813870513,20.275033737063765,20.302261352539062,234300,0.0,0.0
2019-12-31,20.27503420928864,20.756045040948788,20.247806593179185,20.556379318237305,205700,0.0,0.0
2020-01-02,20.601758139614205,20.756044498108157,20.52007702446767,20.683439254760742,152800,0.0,0.0
2020-01-03,20.538226439201154,20.828649135182843,20.538226439201154,20.737892150878906,85100,0.0,0.0
2020-01-06,20.583606600865593,20.874027577145544,20.583606600865593,20.774194717407227,126000,0.0,0.0
2020-01-07,20.78326928212527,20.95570737508802,20.701588171303204,20.71973991394043,96200,0.0,0.0
2020-01-08,20.420243340426104,20.58360556411679,19.9664601550833,20.075368881225586,436800,0.0,0.0
2020-01-09,20.02091407775879,20.229655663043488,19.548980870575736,20.02091407775879,377000,0.0,0.0
2020-01-10,19.9755353570712,20.093518219646334,19.83940075223976,19.939231872558594,112200,0.0,0.0
2020-01-13,19.93923346297597,20.029990450451137,19.68511597530017,19.921083450317383,176100,0.0,0.0
2020-01-14,19.96645969761746,20.04814080759135,19.794021606445312,19.794021606445312,115900,0.0,0.0
2020-01-15,19.79402319706591,19.86662844164989,19.739569696389324,19.7758731842041,91000,0.0,0.0
2020-01-16,19.794021995222966,19.921082463814315,19.694190871884977,19.766796112060547,136100,0.0,0.0
2020-01-17,19.803097971932896,19.921082569749025,19.75772034572391,19.81217384338379,133800,0.0,0.0
2020-01-21,19.812174772283573,19.86662827249652,19.56713142475697,19.657888412475586,215900,0.0,0.0
2020-01-22,19.694192393621876,19.76679763940753,19.603435403628406,19.676040649414062,198400,0.0,0.0
2020-01-23,19.64881053069666,19.748643380079667,19.603432907001867,19.730491638183594,143000,0.0,0.0
2020-01-24,19.739569631494255,19.866628376337108,19.685116130996686,19.703266143798828,142200,0.0,0.0
2020-01-27,19.639736725589835,19.930157702293887,19.639736725589835,19.848478317260742,133100,0.0,0.0
2020-01-28,19.8575517964399,19.893855282841013,19.594358444213867,19.594358444213867,137100,0.0,0.0
2020-01-29,19.59435945626519,19.703266459002574,18.79570002464493,18.9409122467041,501300,0.0,0.0
2020-01-30,18.732169630324158,19.19502869434671,18.69586787507197,19.167802810668945,357900,0.0,0.0
2020-01-31,19.176878045899777,19.27671090787183,18.723094827547676,18.795700073242188,177500,0.0,0.0
2020-02-03,18.841077307178548,18.904606673610207,18.6051098525428,18.70494270324707,190200,0.0,0.0
2020-02-04,18.777549515281425,19.231332720467233,18.750321899793878,19.040742874145508,217200,0.0,0.0
2020-02-05,18.877379858779175,19.784946231432894,18.877379858779175,19.694190979003906,289300,0.0,0.0
2020-02-06,19.70326402533949,19.902929724105498,19.67603814354077,19.730491638183594,160200,0.0,0.0
2020-02-07,19.694191576220646,20.01183843144555,19.694191576220646,19.757720947265625,166600,0.0,0.0
2020-02-10,19.7577192510277,19.857550369365324,19.594357036053832,19.730491638183594,210500,0.0,0.0
2020-02-11,19.730494726821007,19.748646471558576,18.904609382763844,19.31301498413086,344900,0.0,0.0
2020-02-12,19.32208816792551,19.385617534621545,18.741244534464457,19.131498336791992,275300,0.0,0.0
2020-02-13,19.0951972887191,19.222256026804242,19.06796967439565,19.12242317199707,97800,0.0,0.0
2020-02-14,19.13150003014631,19.258558774784515,19.058894785917968,19.158727645874023,167300,0.0,0.0
2020-02-18,19.149652743584053,19.630661861810033,19.149652743584053,19.31301498413086,123800,0.0,0.0
2020-02-19,19.322088523726148,19.648811234328573,19.322088523726148,19.60343360900879,102700,0.0,0.0
2020-02-20,19.56713152703212,19.80309900391568,19.521753898458407,19.703266143798828,78000,0.0,0.0
2020-02-21,19.648811942770028,19.766796542528137,19.46729970390099,19.594358444213867,86600,0.0,0.0
2020-02-24,19.267632542069208,19.331161907448926,18.632337157226623,18.922758102416992,346300,0.0,0.0
2020-02-25,18.922759510545546,19.095197608726245,17.833679153992872,18.096874237060547,440500,0.0,0.0
2020-02-26,18.124099129817203,18.49620118956729,17.99704039654998,18.060569763183594,207700,0.0,0.0
2020-02-27,17.697543955168957,18.414522207844286,16.581237751909207,18.033344268798828,747600,0.0,0.0
2020-02-28,17.634013866826923,17.679391490388856,16.79905278355161,17.207456588745117,449600,0.0,0.0
2020-03-02,17.243759658131406,18.015191357467405,16.971490461210625,17.379894256591797,841000,0.0,0.0
2020-03-03,17.652167233461917,17.851831218975992,17.252837531388227,17.30729103088379,235500,0.0,0.0
2020-03-04,17.425273982895128,17.942586506738902,17.207456543444238,17.851829528808594,248800,0.0,0.0
2020-03-05,17.443427546607648,17.561412161262343,16.563088662776273,16.57216453552246,733800,0.0,0.0
2020-03-06,15.855184824606924,16.472330270692286,15.728126079017201,16.01854705810547,512700,0.0,0.0
2020-03-09,13.84038745996723,15.129131804169933,13.568117369617422,14.45753288269043,522600,0.0,0.0
2020-03-10,15.047450279581113,15.192660759662715,14.475683365117755,14.902239799499512,317400,0.0,0.0
2020-03-11,14.711651455956092,14.711651455956092,13.622572744785229,13.885766983032227,367000,0.0,0.0
2020-03-12,12.978200455527775,13.068956581545716,10.790965441519123,11.998028755187988,710900,0.0,0.0
2020-03-13,12.69685350307174,12.805761365277322,11.462563532552412,12.49718952178955,436400,0.0,0.0
2020-03-16,11.798362884521485,12.179540831570922,11.036006990422612,11.344579696655273,328300,0.0,0.0
2020-03-17,11.598563041903132,11.711444327084829,10.676698764368911,10.70491886138916,398600,0.44,0.0
2020-03-18,10.121698433243374,10.798986143921592,7.139748235930032,9.585511207580566,946500,0.0,0.0
2020-03-19,9.406782985186446,10.206359897767587,8.099239827289265,9.651359558105469,546000,0.0,0.0
2020-03-20,9.754833165613517,12.520427672175124,9.660765880602312,10.008816719055176,574100,0.0,0.0
2020-03-23,9.745427150063056,10.08407192211169,8.72008852664014,9.171613693237305,544200,0.0,0.0
2020-03-24,9.482036338654844,11.090596122735612,9.46322324084079,10.798985481262207,437900,0.0,0.0
2020-03-25,10.987122721292456,14.542886408576209,10.987122721292456,12.463987350463867,765300,0.0,0.0
2020-03-26,12.65212241155233,18.324412065461832,12.313478561069912,15.699920654296875,948200,0.0,0.0
2020-03-27,15.31424321886268,16.8475480432905,14.373564031040202,15.87864875793457,596700,0.0,0.0
2020-03-30,15.540005569653463,16.06678490249893,14.81568286561505,14.95678424835205,571500,0.0,0.0
2020-03-31,14.909751115589158,14.919157216604441,11.94661399160261,12.426360130310059,521300,0.0,0.0
2020-04-01,11.833732027781956,11.993647398192577,10.50737587081206,10.8272066116333,426900,0.0,0.0
2020-04-02,10.817800192426185,11.18466504364733,10.140511581364347,10.714325904846191,511300,0.0,0.0
2020-04-03,10.639072258781185,10.657885358803481,8.494325030194048,9.745427131652832,623200,0.0,0.0
2020-04-06,10.563816360157261,10.968308296386134,10.00881694394876,10.356867790222168,433400,0.0,0.0
2020-04-07,11.052970343078455,11.937207575800397,10.88364795713352,11.457462310791016,531100,0.0,0.0
2020-04-08,11.749071184343782,13.969072439286396,11.316359151355027,12.88729190826416,554700,0.0,0.0
2020-04-09,13.893818744923175,15.803394521350507,13.639835176544686,14.71220874786377,986800,0.0,0.0
2020-04-13,14.712208544409519,15.286021969220942,13.639834987920226,14.937971115112305,388500,0.0,0.0
2020-04-14,15.154327597195318,15.662292933139657,14.749835651531416,15.220174789428711,301100,0.0,0.0
2020-04-15,14.542886123602477,15.07907334876676,14.119581080546984,14.928564071655273,202700,0.0,0.0
2020-04-16,14.796868265295432,15.050851820372543,13.790342836880235,13.940851211547852,329200,0.0,0.0
2020-04-17,14.796869022474016,14.881530211831963,13.893818728257838,14.147801399230957,247900,0.0,0.0
2020-04-20,13.780936366197873,14.326529693782863,13.686869076983637,13.818563461303711,192700,0.0,0.0
2020-04-21,13.630427306030425,13.969072042195586,13.367037653424708,13.884410858154297,141700,0.0,0.0
2020-04-22,14.213648573776593,14.27008966564214,13.545766955054686,13.583394050598145,114700,0.0,0.0
2020-04-23,13.668054956856674,14.119580991130288,13.40466529350581,13.780936241149902,128600,0.0,0.0
2020-04-24,13.799750173303687,14.157208020463852,13.526953513247339,14.034919738769531,118300,0.0,0.0
2020-04-27,14.110174113508302,14.937971102486207,14.110174113508302,14.655767440795898,168900,0.0,0.0
2020-04-28,14.937971303770835,15.097885787212743,14.147801399230959,14.147801399230957,136300,0.0,0.0
2020-04-29,14.514666079251132,14.58051327146941,14.081954036600914,14.100767135620117,269900,0.0,0.0
2020-04-30,13.762123323645332,14.138394276247103,13.6492420378648,14.110174179077148,192700,0.0,0.0
2020-05-01,13.875004487675215,13.875004487675215,12.924919219316674,12.943733215332031,197400,0.0,0.0
2020-05-04,12.765004373814053,13.197716432101007,12.115936734933992,13.103649139404297,154300,0.0,0.0
2020-05-05,13.395258246409169,14.053732850921566,13.329411055088139,13.47991943359375,151400,0.0,0.0
2020-05-06,13.47991949388281,13.837377342982721,13.1412756407306,13.771530151367188,89900,0.0,0.0
2020-05-07,13.86559756672545,14.251275516176591,13.649241993950696,14.100767135620117,225200,0.0,0.0
2020-05-08,14.392377374107253,14.740428218222114,13.60220750223538,13.969072341918945,190300,0.0,0.0
2020-05-11,13.658649035955023,14.48644513167892,13.658649035955023,14.110174179077148,147600,0.0,0.0
2020-05-12,14.157207361699504,14.458224104416622,13.809156528657672,14.119580268859863,124000,0.0,0.0
2020-05-13,14.081954044941295,14.100767143971641,12.539241349122307,12.971953392028809,195700,0.0,0.0
2020-05-14,12.633309205363652,13.573987456911786,12.134749086130645,13.423479080200195,147900,0.0,0.0
2020-05-15,13.564580397620478,14.251275087530336,13.32941083579918,13.97847843170166,146700,0.0,0.0
2020-05-18,14.241869438957064,14.975598243943278,14.232462440881426,14.66517448425293,190600,0.0,0.0
2020-05-19,14.787462722144898,15.238988760269534,14.373563779105591,14.655767440795898,157700,0.0,0.0
2020-05-20,14.787463052570418,15.13551391416206,14.636954668866004,14.759242057800293,109900,0.0,0.0
2020-05-21,14.618140235397778,15.135513461742308,14.618140235397778,14.900343894958496,187300,0.0,0.0
2020-05-22,15.097884719895125,15.944496553624909,15.032037531538657,15.784581184387207,127500,0.0,0.0
2020-05-26,16.311362256766632,16.67822622842145,15.96331048796991,16.038564682006836,137800,0.0,0.0
2020-05-27,16.452463307602592,16.65941188839329,15.850429767701304,16.50890350341797,112900,0.0,0.0
2020-05-28,16.461869407419236,16.50890260233131,15.812800911264606,15.963309288024902,124300,0.0,0.0
2020-05-29,15.73754827736299,16.53712522925624,15.408310497853822,16.142040252685547,134600,0.0,0.0
2020-06-01,16.179666588696648,16.602970723917526,16.01975121471506,16.21729278564453,166200,0.0,0.0
2020-06-02,16.46186929912519,16.621784672656172,16.00093717405385,16.2078857421875,154500,0.0,0.0
2020-06-03,16.480682927154014,17.139156607915293,16.292546564535748,16.64059829711914,200100,0.0,0.0
2020-06-04,16.527716531025238,16.87576827224937,16.292546969014744,16.772293090820312,101700,0.0,0.0
2020-06-05,17.073310052566306,17.62831036925558,16.75347930077244,16.8381404876709,176800,0.0,0.0
2020-06-08,17.186192647478283,17.72237898129362,17.05449646790506,17.506023406982422,168300,0.0,0.0
2020-06-09,17.167378166775315,17.18619216249792,16.42424148354481,16.800514221191406,156300,0.0,0.0
2020-06-10,16.791107510976484,17.092124270889332,15.445937295189704,15.765768051147461,227700,0.0,0.0
2020-06-11,15.13551392583271,15.380090498091336,14.110174439679858,14.749835968017578,404900,0.0,0.0
2020-06-12,15.746954712096972,17.186193173954774,15.389497743337,17.101531982421875,331700,0.0,0.0
2020-06-15,16.819326989479723,17.346108122255544,16.367801842130262,16.988649368286133,208000,0.0,0.0
2020-06-16,17.44958059436991,17.44958059436991,16.734666712503845,17.28966522216797,197100,0.0,0.0
2020-06-17,17.11093714353948,17.440174875904045,17.08271615132493,17.139156341552734,91000,0.0,0.0
2020-06-18,17.13915745227933,17.364920022022694,16.76288650270706,16.903987884521484,106300,0.0,0.0
2020-06-19,16.875767333204113,17.139156079710826,16.320767054206005,16.490089416503906,227900,0.0,0.0
2020-06-22,16.969837614789775,17.46839597201045,16.819327434159227,17.129751205444336,203200,0.0,0.0
2020-06-23,17.383734320767275,17.54364970139539,16.838140985836315,16.988649368286133,136700,0.0,0.0
2020-06-24,16.885174724312453,17.458987217015753,16.70644536058455,17.167377471923828,118000,0.0,0.0
2020-06-25,17.393140677866626,17.600089247557026,17.167378112513084,17.346107482910156,137200,0.0,0.0
2020-06-26,17.280260253008944,17.280260253008944,16.358394203825853,16.781700134277344,198100,0.0,0.0
2020-06-29,16.88517442714804,17.2426313541116,16.555936697928196,17.08271598815918,95000,0.0,0.0
2020-06-30,17.05449515911038,17.656530433611703,16.903986789035372,17.139156341552734,165200,0.0,0.0
2020-07-01,17.17678546698386,17.355514841091864,16.71585332887494,16.885175704956055,179700,0.0,0.0
2020-07-02,16.979241797952017,17.073309982363664,16.725260032502366,16.800514221191406,160700,0.0,0.0
2020-07-06,17.063901597147563,17.29907114195589,16.951021220392263,16.97924041748047,150500,0.0,0.0
2020-07-07,16.979242120055403,17.10153130037084,16.866361731981147,16.913394927978516,130600,0.0,0.0
2020-07-08,16.93220883302118,17.092124210434434,16.809921447564644,16.894580841064453,106000,0.0,0.0
2020-07-09,16.903987260141985,16.998055442610827,15.73754646245185,16.151445388793945,314200,0.0,0.0
2020-07-10,16.226699778724026,16.92280146697092,16.226699778724026,16.772293090820312,207700,0.0,0.0
2020-07-13,16.99805620732271,17.30847996749435,16.78170063385187,16.932209014892578,287600,0.0,0.0
2020-07-14,17.00987972506404,17.13609376794206,16.670070122497023,16.87395477294922,156300,0.56,0.0
2020-07-15,16.84483059776018,17.058424320157897,16.543857204423965,16.941919326782227,156700,0.0,0.0
2020-07-16,16.7089047641179,17.000170935978534,16.602108834401047,16.786577224731445,114000,0.0,0.0
2020-07-17,16.747741968564263,16.90308319520007,16.475893896044855,16.631235122680664,103100,0.0,0.0
2020-07-20,16.63123507594099,17.077842490123928,16.466184791627608,16.912792205810547,143400,0.0,0.0
2020-07-21,17.116676015454843,17.28172629152074,16.844829809096936,17.262310028076172,205800,0.0,0.0
2020-07-22,17.262309554770443,17.446776089223125,17.184638947681595,17.43706703186035,100400,0.0,0.0
2020-07-23,17.475902972252893,17.475902972252893,16.990461223023644,17.301143646240234,125200,0.0,0.0
2020-07-24,17.16522088811818,17.281725873219187,16.602108521961064,16.9030818939209,206900,0.0,0.0
2020-07-27,16.990462310842766,17.796295592084487,16.990462310842766,17.621536254882812,232700,0.0,0.0
2020-07-28,17.51473943950383,17.864256244474088,17.369105431301772,17.46619415283203,253400,0.0,0.0
2020-07-29,17.524446416323386,18.00988816582612,17.38852331904288,17.83513069152832,168800,0.0,0.0
2020-07-30,17.660371494228013,18.14581324727145,17.553573715978192,18.029306411743164,184500,0.0,0.0
2020-07-31,18.204066629300417,18.67009029057529,18.00988917786251,18.184648513793945,260700,0.0,0.0
2020-08-03,18.330281138299455,19.0875709958112,18.301155816119344,18.767179489135742,214500,0.0,0.0
2020-08-04,18.738051062548433,18.95164662059603,18.466204864034534,18.757469177246094,162200,0.0,0.0
2020-08-05,18.903101591957007,19.174949645996094,18.786596605806945,19.174949645996094,117700,0.0,0.0
2020-08-06,19.223492981215912,19.291456383230845,18.54387562738681,18.699216842651367,184600,0.0,0.0
2020-08-07,18.621546103975813,19.039026311491437,18.621546103975813,19.009899139404297,130700,0.0,0.0
2020-08-10,18.932228507843885,19.796314242031876,18.9031013357944,19.29145622253418,260700,0.0,0.0
2020-08-11,19.116698241660828,19.903113424308668,19.116698241660828,19.24291229248047,249900,0.0,0.0
2020-08-12,19.54388473324419,19.611848136177414,18.961356094037907,19.116697311401367,125200,0.0,0.0
2020-08-13,19.087571005499985,19.233203171914848,18.912811665076763,19.019609451293945,100500,0.0,0.0
2020-08-14,18.90310287475586,19.068153159513532,18.73805258999819,18.90310287475586,168900,0.0,0.0
2020-08-17,18.776887033445814,18.903101073616366,18.543875215721727,18.87397575378418,154500,0.0,0.0
2020-08-18,18.88368631333103,18.88368631333103,18.252610506831743,18.262319564819336,124600,0.0,0.0
2020-08-19,18.39824328803053,18.611836993958583,18.20406584495897,18.50503921508789,174900,0.0,0.0
2020-08-20,18.456495650244417,18.650671240135136,18.18464760222142,18.310863494873047,105000,0.0,0.0
2020-08-21,18.369117574589573,18.7380525235441,18.369117574589573,18.427370071411133,137400,0.0,0.0
2020-08-24,18.437077981591752,18.543875762293098,18.20406615699976,18.388534545898438,124800,0.0,0.0
2020-08-25,18.437078528348255,18.495331023270403,18.29144636513617,18.40795135498047,66100,0.0,0.0
2020-08-26,18.359408175110023,18.398244406811266,18.009889497052622,18.068143844604492,106500,0.0,0.0
2020-08-27,18.10697866298814,18.32057423889072,18.039017107678593,18.145814895629883,96200,0.0,0.0
2020-08-28,18.339989100710035,18.52445748802271,18.281736608016217,18.446786880493164,80300,0.0,0.0
2020-08-31,18.466205810160503,18.689508585184626,18.378826141357422,18.378826141357422,93400,0.0,0.0
2020-09-01,18.446788355109724,18.84485048199596,18.398244915953256,18.62154769897461,122300,0.0,0.0
2020-09-02,18.70892678001878,18.922520498100155,18.621547110846066,18.85455894470215,87200,0.0,0.0
2020-09-03,18.883685873921884,19.11669770476171,18.378825981195547,18.43707847595215,112600,0.0,0.0
2020-09-04,18.73805185931025,18.73805185931025,17.980763872034164,18.43707847595215,114200,0.0,0.0
2020-09-08,18.34969790046427,18.728343727190587,17.99047204011434,18.56329345703125,176500,0.0,0.0
2020-09-09,18.728344163082067,19.24291124828606,18.64096449732792,19.145822525024414,124900,0.0,0.0
2020-09-10,19.242911731016367,19.398252951406562,18.79630618534791,18.971065521240234,106900,0.0,0.0
2020-09-11,19.02931851870291,19.573012804433436,19.02931851870291,19.27203941345215,174200,0.0,0.0
2020-09-14,19.43708969595417,19.767190260958213,19.077861956927375,19.27203941345215,250500,0.0,0.0
2020-09-15,19.30116440011607,19.52446902678151,19.039027245722306,19.1361141204834,180000,0.0,0.0
2020-09-16,19.30116397399177,19.553593916787108,19.21378615899857,19.31087303161621,205900,0.0,0.0
2020-09-17,19.417670761561602,19.46621419774015,19.272038601212568,19.34000015258789,306700,0.0,0.0
2020-09-18,19.360000610351562,19.399999618530273,18.719999313354492,19.139999389648438,514800,0.58,0.0
2020-09-21,18.860000610351562,18.920000076293945,18.399999618530273,18.469999313354492,241500,0.0,0.0
2020-09-22,18.520000457763672,18.799999237060547,18.469999313354492,18.6200008392334,152100,0.0,0.0
2020-09-23,18.649999618530273,18.889999389648438,17.93000030517578,17.959999084472656,127600,0.0,0.0
2020-09-24,17.90999984741211,18.079999923706055,17.420000076293945,17.6200008392334,220900,0.0,0.0
2020-09-25,17.56999969482422,18.299999237060547,17.56999969482422,18.190000534057617,120000,0.0,0.0
2020-09-28,18.59000015258789,19.1200008392334,18.559999465942383,18.959999084472656,162800,0.0,0.0
2020-09-29,18.84000015258789,18.959999084472656,18.40999984741211,18.450000762939453,57600,0.0,0.0
2020-09-30,18.600000381469727,19.09000015258789,18.520000457763672,18.56999969482422,140000,0.0,0.0
2020-10-01,18.579999923706055,18.940000534057617,18.540000915527344,18.860000610351562,124500,0.0,0.0
2020-10-02,18.530000686645508,19.350000381469727,18.459999084472656,19.309999465942383,95000,0.0,0.0
2020-10-05,19.360000610351562,19.469999313354492,19.040000915527344,19.100000381469727,84300,0.0,0.0
2020-10-06,19.110000610351562,19.170000076293945,18.610000610351562,18.719999313354492,60500,0.0,0.0
2020-10-07,18.899999618530273,19.219999313354492,18.709999084472656,18.979999542236328,74400,0.0,0.0
2020-10-08,19.059999465942383,19.219999313354492,18.649999618530273,18.790000915527344,73900,0.0,0.0
2020-10-09,18.780000686645508,18.969999313354492,18.690000534057617,18.75,67100,0.0,0.0
2020-10-12,18.709999084472656,18.860000610351562,18.149999618530273,18.190000534057617,196300,0.0,0.0
2020-10-13,18.149999618530273,18.43000030517578,17.989999771118164,18.260000228881836,168100,0.0,0.0
2020-10-14,18.260000228881836,18.600000381469727,18.049999237060547,18.1200008392334,84600,0.0,0.0
2020-10-15,18.040000915527344,18.649999618530273,18.040000915527344,18.469999313354492,85800,0.0,0.0
2020-10-16,18.479999542236328,18.56999969482422,18.270000457763672,18.5,65500,0.0,0.0
2020-10-19,18.549999237060547,18.59000015258789,17.600000381469727,17.829999923706055,184000,0.0,0.0
2020-10-20,17.850000381469727,18.09000015258789,17.59000015258789,17.790000915527344,86800,0.0,0.0
2020-10-21,17.790000915527344,17.8799991607666,17.520000457763672,17.59000015258789,67900,0.0,0.0
2020-10-22,17.600000381469727,17.75,17.450000762939453,17.709999084472656,418400,0.0,0.0
2020-10-23,17.709999084472656,18.5,17.709999084472656,18.329999923706055,90000,0.0,0.0
2020-10-26,18.1299991607666,18.260000228881836,17.549999237060547,17.670000076293945,77000,0.0,0.0
2020-10-27,17.649999618530273,17.969999313354492,17.56999969482422,17.6200008392334,70700,0.0,0.0
2020-10-28,17.399999618530273,17.420000076293945,16.799999237060547,16.850000381469727,135300,0.0,0.0
2020-10-29,16.760000228881836,16.81999969482422,16.260000228881836,16.3700008392334,177200,0.0,0.0
2020-10-30,16.3700008392334,16.850000381469727,16.239999771118164,16.579999923706055,100500,0.0,0.0
2020-11-02,16.770000457763672,17.030000686645508,16.65999984741211,16.739999771118164,83700,0.0,0.0
2020-11-03,16.899999618530273,17.34000015258789,16.899999618530273,17.18000030517578,60600,0.0,0.0
2020-11-04,17.219999313354492,17.219999313354492,16.6200008392334,16.850000381469727,104900,0.0,0.0
2020-11-05,16.81999969482422,17.56999969482422,16.799999237060547,17.030000686645508,202100,0.0,0.0
2020-11-06,17.020000457763672,17.100000381469727,16.399999618530273,16.600000381469727,196800,0.0,0.0
2020-11-09,17.549999237060547,17.75,16.969999313354492,17.31999969482422,218400,0.0,0.0
